# Z3/Z3_L3_f0.9_h0.99_m1.0_J1.0_hz0.1_phiz0.0_hx0.0_phix0.0_ndis100.txt
# time	Re(Z)\Im(Z)	Var(Re(Z))	Var(Im(Z))
1.000000000000000000e+00 9.986339571113612701e-01 3.104665238621850936e-06 9.151926817797421508e-08 2.298751547996521382e-11
1.000000000000000000e+00 9.986339571113612701e-01 3.104665238621850936e-06 9.151926817797421508e-08 2.298751547996521382e-11
1.000000000000000000e+00 9.986339571113612701e-01 3.104665238621850936e-06 9.151926817797421508e-08 2.298751547996521382e-11
1.000000000000000000e+00 9.986339571113612701e-01 3.104665238621850936e-06 9.151926817797421508e-08 2.298751547996521382e-11
2.000000000000000000e+00 9.979618425146329352e-01 -2.341412040537071927e-04 9.335932931116550541e-08 2.776560623407085750e-10
2.000000000000000000e+00 9.979618425146329352e-01 -2.341412040537071927e-04 9.335932931116550541e-08 2.776560623407085750e-10
2.000000000000000000e+00 9.979618425146329352e-01 -2.341412040537071927e-04 9.335932931116550541e-08 2.776560623407085750e-10
3.000000000000000000e+00 9.970786931129792530e-01 -4.973987775061634257e-04 9.745304935713305723e-08 1.247148676483497734e-09
4.000000000000000000e+00 9.961156332852838524e-01 -7.640552662261496618e-04 1.133198510267740104e-07 4.497756401245830862e-09
5.000000000000000000e+00 9.948653807228102774e-01 -1.050449195995107254e-03 1.435000708320268292e-07 1.150110176992096428e-08
6.000000000000000000e+00 9.934711466043911754e-01 -1.659462801759030047e-03 1.852735851927769153e-07 2.247059628476266992e-08
7.000000000000000000e+00 9.914239065744760993e-01 -2.382540608571835552e-03 2.428539883216977613e-07 3.814416914173977188e-08
8.000000000000000000e+00 9.891725219871521091e-01 -3.295815156725237071e-03 3.219442865914002229e-07 5.975273148115060314e-08
1.000000000000000000e+01 9.847346373883202331e-01 -5.439129098187095619e-03 5.803371311505017563e-07 1.347378652354661714e-07
1.200000000000000000e+01 9.796397877240053953e-01 -8.150237448040451374e-03 1.009583257066551777e-06 2.633014091562042155e-07
1.500000000000000000e+01 9.705154671816070833e-01 -1.398972620979355846e-02 2.043318210149304990e-06 5.877653576493841822e-07
1.800000000000000000e+01 9.601178256602220795e-01 -2.060806496232387916e-02 3.977191347837845038e-06 1.231898709482108166e-06
2.200000000000000000e+01 9.427739980094831385e-01 -3.104963727638293536e-02 8.301896161162043361e-06 2.680719697376353042e-06
2.600000000000000000e+01 9.209083296891524828e-01 -4.195059279765463167e-02 1.530587642959279623e-05 4.972786871572284656e-06
3.100000000000000000e+01 8.896257513189359534e-01 -5.658864528862619231e-02 2.913117909639914167e-05 9.453280434360909458e-06
3.800000000000000000e+01 8.415632429008568227e-01 -8.052031646327607872e-02 5.894938480160370189e-05 1.960400326211512705e-05
4.600000000000000000e+01 7.810294162490538650e-01 -1.088138291994995011e-01 1.104005166378658028e-04 3.766546054467905240e-05
5.500000000000000000e+01 7.045191123793501653e-01 -1.358309373564448863e-01 1.882403597185701167e-04 6.513868062148995284e-05
6.600000000000000000e+01 6.131934210538858565e-01 -1.637745010409578927e-01 3.025649806639856844e-04 1.096109303202057216e-04
7.900000000000000000e+01 5.087760230925694183e-01 -1.775969862506622809e-01 4.451113887588421629e-04 1.701020597912274895e-04
9.500000000000000000e+01 4.021066114725718177e-01 -1.700050248563725885e-01 6.006487012784116021e-04 2.487308281261106668e-04
1.140000000000000000e+02 3.117385327980833898e-01 -1.321806337897750427e-01 7.411784123797879754e-04 3.318166467038910364e-04
1.370000000000000000e+02 2.502078262857979074e-01 -7.620721924455957363e-02 8.384610464823024712e-04 3.876025117599229790e-04
1.640000000000000000e+02 2.227668776139371254e-01 -4.064587476928293447e-02 8.020800416999186288e-04 3.307541766202661535e-04
1.970000000000000000e+02 2.305396669223929995e-01 -4.532150523495163258e-02 7.034292566387979851e-04 1.274222876156743062e-04
2.370000000000000000e+02 3.045868262844069752e-01 -4.414118110987697713e-02 8.410175248884196224e-04 3.601105800070693026e-05
2.840000000000000000e+02 4.094392141097272786e-01 -4.306306026570614828e-03 8.713882157596855756e-04 1.008724882639106050e-04
3.410000000000000000e+02 3.114392659014689757e-01 -4.354442091084945871e-02 7.904153252371741477e-04 2.302310377286198551e-04
4.100000000000000000e+02 1.598216753916343325e-01 -5.232137917235479829e-02 8.201763776108633025e-04 2.747525708622390594e-04
4.920000000000000000e+02 4.348023118164132117e-01 -7.406514411127165798e-02 4.495269289621407240e-04 5.830473926118500571e-05
5.900000000000000000e+02 5.835954534215650469e-01 -2.658827701016072340e-02 2.479681960867387465e-04 9.857565830994378605e-05
7.080000000000000000e+02 1.886157398415226061e-01 -2.150880601871010475e-02 6.860603642261641497e-04 1.627960110488609275e-04
8.500000000000000000e+02 2.470401387236510482e-01 -5.260688975177275212e-02 7.019297795222150145e-04 9.704250951961265552e-05
1.020000000000000000e+03 3.317556905784815324e-01 9.517297916492034257e-03 5.784499048793942649e-04 7.859934330469899716e-05
1.224000000000000000e+03 2.702988995648192283e-01 -2.466111370531859359e-02 6.905398075043011610e-04 2.579728799171428135e-04
1.469000000000000000e+03 2.614791049026490288e-01 -1.657299509437849261e-01 5.606217374287306805e-04 1.489013056337132465e-04
1.763000000000000000e+03 1.992668688549095179e-01 -6.605381950035528471e-02 5.270706960793210619e-04 1.480235321587739720e-04
2.116000000000000000e+03 4.819851056765322439e-01 1.715877021775865166e-02 4.658437038074004534e-04 6.299763762776199841e-05
2.539000000000000000e+03 1.076518214027686327e-01 1.894574674962029581e-02 5.700183618971396866e-04 2.080031832810669257e-04
3.047000000000000000e+03 2.241995281125119255e-01 -3.664694246112118470e-02 5.398985665393872622e-04 2.131432501814714889e-04
3.657000000000000000e+03 3.837650768315414851e-01 -1.072831658891209086e-02 4.802862528229302503e-04 4.740934826211786059e-05
4.388000000000000000e+03 1.063276560332874071e-01 8.369677116685601131e-04 5.484629218339504226e-04 1.418615342204017100e-04
5.266000000000000000e+03 1.970978760183141054e-01 4.232979346992031891e-03 6.792628952748875661e-04 7.909296284965981923e-05
6.319000000000000000e+03 3.297376993928630151e-01 -7.019080155697295098e-02 5.724428318425155973e-04 9.483708373121414173e-05
7.583000000000000000e+03 2.499618105529413936e-01 -1.978880069090525884e-02 4.733083070286043929e-04 8.937381608359734597e-05
9.100000000000000000e+03 1.049059560217913412e-01 5.133949222750512111e-03 4.272112475210913373e-04 1.824262520189000162e-04
1.092000000000000000e+04 1.555242691642812480e-01 1.679758542472166785e-02 5.315915421559945639e-04 1.496636568392310568e-04
1.310400000000000000e+04 2.034105221757845638e-01 5.316212688581269802e-02 4.746100164476306765e-04 1.456030019237450259e-04
1.572500000000000000e+04 2.056645763948491690e-01 -6.393507924255659169e-02 3.945883740818129678e-04 5.436304267358188659e-05
1.887000000000000000e+04 1.223546472163253435e-01 1.310394807730020685e-02 4.274032508813581420e-04 1.409832842778890860e-04
2.264400000000000000e+04 6.702944442244387901e-02 -9.623767731402879666e-02 3.218492993246505974e-04 1.326794588599787897e-04
2.717300000000000000e+04 -1.090008545684497017e-02 -1.024535027300469692e-01 3.569270096851556110e-04 1.236710494735572248e-04
3.260800000000000000e+04 -4.531808137719737367e-02 -8.957633307122978006e-02 3.487732826885128192e-04 1.707753243654650335e-04
3.913000000000000000e+04 1.314753625986201935e-01 1.175416618732880343e-02 4.019737425096480809e-04 1.468872386918295444e-04
4.695600000000000000e+04 1.174976580949750604e-01 -4.508005073299414106e-02 2.965046639284754084e-04 1.565379866271021160e-04
5.634700000000000000e+04 4.703181676881747902e-02 -3.520498589470942574e-02 2.750492139384167075e-04 1.099629523652577028e-04
6.761700000000000000e+04 -1.531635266372205375e-04 -1.447217879189834945e-02 2.006837889964618632e-04 2.386657393718443138e-04
8.114000000000000000e+04 -3.665456893842264363e-02 -5.517969327367229504e-02 2.738366801671091705e-04 1.869395617783632831e-04
9.736800000000000000e+04 -9.158222102505525486e-02 -1.832250061972220609e-02 2.251567656823494302e-04 1.616784287245493304e-04
1.168420000000000000e+05 -2.969913193969202919e-02 -1.368323687955973200e-02 2.273132959016625580e-04 1.751051995360831568e-04
1.402100000000000000e+05 -2.357591866995376387e-02 -2.856891482688529021e-02 2.195995521881019205e-04 1.696804918620126959e-04
1.682520000000000000e+05 -6.138333075459471294e-03 -2.194727674062553480e-02 2.095449326374360685e-04 8.624949370798753112e-05
2.019030000000000000e+05 7.391129415652268608e-02 -2.112036291731793098e-03 2.810612810861088003e-04 1.360794322691084976e-04
2.422830000000000000e+05 3.057844579777898100e-03 6.654656564299052390e-02 1.967803687436263144e-04 1.788807401630255914e-04
2.907400000000000000e+05 3.661675298913417975e-02 -2.840413077859808497e-02 1.759612505674893151e-04 1.511876302669749503e-04
3.488880000000000000e+05 2.943899971262786339e-02 2.984748780121560668e-02 1.668636619834236218e-04 1.988778747694052687e-04
4.186660000000000000e+05 -4.520990774806930151e-02 -8.551322229268497332e-02 1.733982580002526544e-04 2.027386118862178779e-04
5.024000000000000000e+05 -1.911687001140277911e-02 -2.253429767216449595e-03 1.297766831000384338e-04 1.773416542710207927e-04
6.028800000000000000e+05 -1.466430873659431769e-02 -7.344431383409695535e-02 3.537643294741488740e-04 1.515943114517822373e-04
7.234560000000000000e+05 9.045732891858372648e-03 2.255085730032662522e-02 1.544549570214793664e-04 2.165558444013259093e-04
8.681470000000000000e+05 4.482458528509936091e-02 -8.563133809040649261e-03 1.922223697758762367e-04 1.694204490311597086e-04
1.041776000000000000e+06 -7.891569665678888068e-02 2.423949837950988354e-02 1.752476419549340463e-04 3.076508236260063964e-04
1.250132000000000000e+06 -1.435380043667225207e-02 -2.558340953044508162e-02 1.883329099324105465e-04 1.699704066015058290e-04
1.500158000000000000e+06 1.623926573775467605e-02 6.200741793736590929e-02 2.316785806241008008e-04 2.333807145436824881e-04
1.800190000000000000e+06 -3.747199370003276298e-02 2.723503897332983040e-03 1.520448339957858666e-04 2.303152884087053987e-04
2.160228000000000000e+06 4.817669152508929215e-02 -7.388659243859706238e-02 1.384861688265320748e-04 2.089690388799042987e-04
2.592274000000000000e+06 -1.101802640830083918e-01 -3.680013077379604147e-02 1.230025684646549186e-04 1.562481852063642683e-04
3.110728000000000000e+06 -2.544507878088322558e-02 -1.454848107213908663e-03 1.849894233451136987e-04 2.074856987225283595e-04
3.732874000000000000e+06 2.151826202124869705e-02 1.233790387049030039e-02 2.242181273827280775e-04 2.184717840030831870e-04
4.479449000000000000e+06 3.561711075498827372e-02 4.243345362968263534e-02 1.543493621547935627e-04 1.230710951692554121e-04
5.375339000000000000e+06 -8.106771594628707847e-03 4.136103156579935131e-02 1.627289899968945800e-04 1.389822028371543046e-04
6.450407000000000000e+06 2.468967065168399533e-02 -8.860520315336647967e-02 2.228435167303827603e-04 1.148191266441796535e-04
7.740489000000000000e+06 3.063495079407139998e-02 2.993082449100418346e-02 2.058526588799166842e-04 1.335890608340983767e-04
9.288586000000000000e+06 -2.887607164573132400e-03 1.007746260986933790e-02 2.422780692975506759e-04 1.778253859828779829e-04
1.114630400000000000e+07 -1.628014070288602566e-02 -4.814662695109678953e-02 1.487885693908753363e-04 1.696300576126884242e-04
1.337556500000000000e+07 -4.184864251913913979e-02 -4.136123144900246545e-02 2.417775458664477863e-04 2.093004630529028980e-04
1.605067800000000000e+07 -8.645252942136244512e-02 -8.915248718586267496e-02 1.483907201191981390e-04 2.484885948963676781e-04
1.926081300000000000e+07 6.794464984046835743e-02 4.421311092575672119e-02 2.631504476167911529e-04 1.614661941127444893e-04
2.311297600000000000e+07 -7.280109893468096616e-02 -3.256148048874132981e-03 1.403482962709928924e-04 1.532376861520675607e-04
2.773557200000000000e+07 8.409806173232296789e-02 3.544885258517337101e-02 1.509867044203371455e-04 1.504699568142819650e-04
3.328268600000000000e+07 -4.502016189572171506e-02 4.992011689127336810e-02 1.649655847454513499e-04 2.264857779100096940e-04
3.993922300000000000e+07 -3.951393797475349738e-03 -1.509434624599459950e-02 9.635418695170370356e-05 1.016529926231626158e-04
4.792706800000000000e+07 3.873327962648355494e-02 6.234279361715527878e-03 2.273105745055616035e-04 1.873826532746973475e-04
5.751248200000000000e+07 2.522910540962751066e-02 -8.522063554698902990e-03 2.682681773303688139e-04 2.491328644649843499e-04
6.901497800000000000e+07 2.174495137272881504e-02 -5.070794825438473818e-02 1.883604481636993132e-04 1.646165339045635694e-04
