# Z3/Z3_L7_f0.9_h0.99_m1.0_J1.0_hz0.1_phiz0.0_hx0.0_phix0.0_ndis100.txt
# time	Re(Z)\Im(Z)	Var(Re(Z))	Var(Im(Z))
1.000000000000000000e+00 9.995613990165976848e-01 3.062012587518274997e-06 -3.160720771107384324e-17 1.356954515462609849e-26
1.000000000000000000e+00 9.995613990165976848e-01 3.062012587518274997e-06 -3.160720771107384324e-17 1.356954515462609849e-26
1.000000000000000000e+00 9.995613990165976848e-01 3.062012587518274997e-06 -3.160720771107384324e-17 1.356954515462609849e-26
1.000000000000000000e+00 9.995613990165976848e-01 3.062012587518274997e-06 -3.160720771107384324e-17 1.356954515462609849e-26
2.000000000000000000e+00 9.986705543517616634e-01 -1.095350960964797056e-04 1.682830922775257525e-10 5.464227026290459444e-11
2.000000000000000000e+00 9.986705543517616634e-01 -1.095350960964797056e-04 1.682830922775257525e-10 5.464227026290459444e-11
2.000000000000000000e+00 9.986705543517616634e-01 -1.095350960964797056e-04 1.682830922775257525e-10 5.464227026290459444e-11
3.000000000000000000e+00 9.975887759719335168e-01 -2.082490513175133673e-04 1.374193659834016859e-09 3.980750777635210560e-10
4.000000000000000000e+00 9.962978178717668554e-01 -3.292537241516430013e-04 5.619885484332439775e-09 1.627012683526273532e-09
5.000000000000000000e+00 9.948456852217785196e-01 -5.093187021180500384e-04 1.402051108942596654e-08 4.102001220278200854e-09
6.000000000000000000e+00 9.934400863726233766e-01 -7.427744977720368872e-04 2.529134199240062995e-08 8.149532052558923667e-09
7.000000000000000000e+00 9.914597895234674718e-01 -1.007399052964273777e-03 4.389723584217231294e-08 1.495186973477164908e-08
8.000000000000000000e+00 9.897081016249249519e-01 -1.487185796904664896e-03 6.548734644595869807e-08 2.311596033258627292e-08
1.000000000000000000e+01 9.864802203077274179e-01 -2.264993629006520782e-03 1.205468179082838835e-07 4.811396058483345215e-08
1.200000000000000000e+01 9.842390709429407192e-01 -3.470216969299237154e-03 2.058864756199628932e-07 8.391198189801566296e-08
1.500000000000000000e+01 9.822052939801472204e-01 -6.100022359265377947e-03 5.032285989661484213e-07 1.880718248283015168e-07
1.800000000000000000e+01 9.799491425210531403e-01 -9.160181016232973178e-03 1.131841044019942045e-06 3.836660559370238751e-07
2.200000000000000000e+01 9.739786666198247955e-01 -1.403517276439578132e-02 2.606135673522859505e-06 8.430590451002557824e-07
2.600000000000000000e+01 9.619573774325410609e-01 -1.889300085985396588e-02 4.776806126268353735e-06 1.565198385320166415e-06
3.100000000000000000e+01 9.438756118091659042e-01 -2.521398175910894573e-02 8.950419813726243165e-06 2.969123716281758450e-06
3.800000000000000000e+01 9.230983515093166281e-01 -3.678365474160798232e-02 1.914010142554669911e-05 6.002286151563526318e-06
4.600000000000000000e+01 8.969626598268228834e-01 -5.113111408136369190e-02 3.753981541799338207e-05 1.121837115774009621e-05
5.500000000000000000e+01 8.554284764697482890e-01 -6.446919862674577173e-02 6.498478064243132593e-05 1.891031840809224770e-05
6.600000000000000000e+01 8.122955453196832876e-01 -8.227699590395359808e-02 1.101820403592969691e-04 3.015641822008339912e-05
7.900000000000000000e+01 7.539325514362469338e-01 -9.472165501362810047e-02 1.683998185568163889e-04 4.428035660771741176e-05
9.500000000000000000e+01 6.922393131215175410e-01 -1.032830705401675681e-01 2.364487129651661500e-04 6.117170683043252337e-05
1.140000000000000000e+02 6.318451820456658652e-01 -1.014182169931271693e-01 2.932354615134412129e-04 8.113718707743548515e-05
1.370000000000000000e+02 5.802809860362619920e-01 -8.907282785160836047e-02 3.246063269871912998e-04 1.070116849576911749e-04
1.640000000000000000e+02 5.441386475516127863e-01 -7.408510201701011544e-02 3.306807178375700102e-04 1.353860767453396647e-04
1.970000000000000000e+02 5.168477802178049751e-01 -6.366455480491139962e-02 3.352354754466113597e-04 1.609223552261407407e-04
2.370000000000000000e+02 4.962925638987420451e-01 -5.728062054308488693e-02 3.641388680525165476e-04 1.793921649085493061e-04
2.840000000000000000e+02 4.820785408557233809e-01 -5.014624589534832227e-02 3.799494313087652640e-04 1.774894888435445768e-04
3.410000000000000000e+02 4.632832172288810502e-01 -5.278453281323070706e-02 4.009796913401393083e-04 1.807910408149449814e-04
4.100000000000000000e+02 4.783024460336725570e-01 -4.885012184404794594e-02 3.773612910956075737e-04 1.526588959102148451e-04
4.920000000000000000e+02 5.338471138966114360e-01 -2.171896386508583715e-02 3.270659467954007337e-04 1.220442748856247596e-04
5.900000000000000000e+02 5.331179765302613838e-01 -4.155054287419830683e-02 3.199678359847379721e-04 1.073384984835293646e-04
7.080000000000000000e+02 5.559931979091294885e-01 -3.927789874903703932e-02 2.932655032921281527e-04 1.004445546057716970e-04
8.500000000000000000e+02 5.347488938359948873e-01 -5.118733454643873554e-02 2.825715306610356915e-04 1.030809813368330387e-04
1.020000000000000000e+03 5.488530735328649435e-01 -5.536231926498550587e-02 2.626119950035454820e-04 9.954490963551297156e-05
1.224000000000000000e+03 5.234555315334070702e-01 -4.441601381746712596e-02 2.655764083608451454e-04 1.062462533088977549e-04
1.469000000000000000e+03 5.403503356678805991e-01 -4.298551392685268091e-02 2.435798805626937047e-04 9.404029892883295459e-05
1.763000000000000000e+03 5.040014920479565230e-01 -4.749384331842552293e-02 2.629727144318116591e-04 1.017210071187719456e-04
2.116000000000000000e+03 5.112458320846251514e-01 -4.408535586944083845e-02 2.580954889903098472e-04 9.829356379397988805e-05
2.539000000000000000e+03 5.107663051645016106e-01 -5.929898979165913742e-02 2.377334288442083902e-04 8.982694145389065259e-05
3.047000000000000000e+03 4.721986000760679536e-01 -5.216060816125007993e-02 2.594820126625734164e-04 9.779137680534244763e-05
3.657000000000000000e+03 4.883481872098490717e-01 -4.922550675983539820e-02 2.395445599599231926e-04 8.113828771512319158e-05
4.388000000000000000e+03 4.548495497786554931e-01 -4.655193695908039359e-02 2.524249619739605123e-04 9.263824227568709141e-05
5.266000000000000000e+03 4.763820483618678159e-01 -5.008457080235195064e-02 2.392408965029870199e-04 6.995243213020134302e-05
6.319000000000000000e+03 4.334075055823878309e-01 -4.569197560137770037e-02 2.523840320894244079e-04 8.099388127140422873e-05
7.583000000000000000e+03 4.381256576581099016e-01 -3.840250739748128639e-02 2.338975367845268216e-04 6.642235613528632272e-05
9.100000000000000000e+03 4.230688546948220830e-01 -3.397276086076861379e-02 2.499442434864040442e-04 6.625619674916319627e-05
1.092000000000000000e+04 3.996977435929652267e-01 -3.306754625219147925e-02 2.535708055692600070e-04 6.440335955171663329e-05
1.310400000000000000e+04 4.006523545866703673e-01 -2.970037665513365274e-02 2.373816938353655954e-04 5.586746614672650335e-05
1.572500000000000000e+04 3.744966400655520555e-01 -3.535284308590881663e-02 2.394732418947524135e-04 5.881083779274053817e-05
1.887000000000000000e+04 3.751336209310703329e-01 -4.047106500645281796e-02 2.283208021299899890e-04 5.113064623192803659e-05
2.264400000000000000e+04 3.678622586630340696e-01 -3.336641264066515095e-02 2.267090910935204906e-04 4.881691052713918856e-05
2.717300000000000000e+04 3.371067505263426467e-01 -2.684632926121695295e-02 2.328342956507837625e-04 5.732334934331837899e-05
3.260800000000000000e+04 3.249259306077720288e-01 -2.808318509148567330e-02 2.216008786470728979e-04 4.993031567340463687e-05
3.913000000000000000e+04 3.209736665852013782e-01 -2.011566317335326121e-02 2.114911495251963814e-04 4.348761381799083267e-05
4.695600000000000000e+04 3.065085272514033732e-01 -2.082971149918057610e-02 2.024894956443817711e-04 4.351547895941973866e-05
5.634700000000000000e+04 2.873965608259859139e-01 -2.236535973507407238e-02 1.907559347728551488e-04 4.290927215976424696e-05
6.761700000000000000e+04 2.606278658919028990e-01 -2.660480165259418786e-02 1.890435403436085200e-04 3.863825958626137955e-05
8.114000000000000000e+04 2.321508527297908020e-01 -2.430915688280423093e-02 1.843551325147576908e-04 4.099837245281594001e-05
9.736800000000000000e+04 1.972522434012484727e-01 -3.059592677567329888e-02 1.894519118159490654e-04 4.726357741088268891e-05
1.168420000000000000e+05 1.689115150051525849e-01 -4.357537153522060558e-02 1.896454914694698077e-04 5.913518923410591955e-05
1.402100000000000000e+05 1.438751645986210970e-01 -3.546174486277533372e-02 1.865680999210012352e-04 6.092409138879779630e-05
1.682520000000000000e+05 1.441802695069365481e-01 -4.038544313508547062e-02 1.751610095144816900e-04 4.541206700152529104e-05
2.019030000000000000e+05 1.332099920432913143e-01 -1.631375165259415366e-02 1.677137269392428218e-04 3.140761495526601656e-05
2.422830000000000000e+05 1.174979340940856543e-01 9.971552271786299909e-03 1.657246377232124955e-04 3.694249706733947089e-05
2.907400000000000000e+05 1.206227182451728164e-01 1.262165448862204165e-02 1.584401563022293322e-04 4.489629172842739713e-05
3.488880000000000000e+05 1.059137958996766715e-01 6.648034209405870830e-03 1.482175262316416707e-04 3.334609224952889340e-05
4.186660000000000000e+05 1.243250961285838063e-01 -1.346317345833005462e-02 1.518235391051396392e-04 2.921745283613898689e-05
5.024000000000000000e+05 1.033905048071774441e-01 7.670646726507490167e-03 1.371006098564700102e-04 3.526912954455542536e-05
6.028800000000000000e+05 9.242320848381854748e-02 -2.822309452588117867e-03 1.357490431108348660e-04 3.375654409592699777e-05
7.234560000000000000e+05 9.031795017056695740e-02 -1.539572202658562490e-02 1.273183775466068418e-04 2.722708706742006519e-05
8.681470000000000000e+05 1.073668170854214232e-01 -1.125893706318216794e-02 1.285460690988382765e-04 2.414717872677395850e-05
1.041776000000000000e+06 1.178050065632891691e-01 4.337284790546583335e-03 1.281253163325410372e-04 2.669492638328544977e-05
1.250132000000000000e+06 8.739360575528000441e-02 -5.606556904442464018e-03 1.212949432452539792e-04 3.628280770594747711e-05
1.500158000000000000e+06 1.032100475629342540e-01 2.974989570481000479e-03 1.300661888305673370e-04 2.143946257188701984e-05
1.800190000000000000e+06 5.984929800727283034e-02 -6.961369470545981757e-03 1.093989630051914441e-04 3.733775294694391443e-05
2.160228000000000000e+06 8.073168934532364005e-02 3.806899276423737506e-03 1.136636908297701786e-04 2.824260658763121391e-05
2.592274000000000000e+06 7.058950200232093353e-02 3.914104587410392744e-03 1.224477745358175103e-04 2.906882120842360298e-05
3.110728000000000000e+06 5.396034038757061002e-02 6.423001926112624320e-03 1.116461423765111288e-04 3.119936050477863473e-05
3.732874000000000000e+06 7.287737195328200523e-02 -1.009328307620165587e-02 1.059846532248085073e-04 3.303703540502974040e-05
4.479449000000000000e+06 1.046455228795197812e-01 -1.038141622173754421e-02 1.057656697502324343e-04 2.730657651142236750e-05
5.375339000000000000e+06 5.807259154529977735e-02 -1.644908109217569150e-02 9.105608832815855239e-05 3.192015545724760580e-05
6.450407000000000000e+06 4.466230579230928699e-02 -1.559280063074952073e-02 8.904994935439935425e-05 3.884133465310082709e-05
7.740489000000000000e+06 8.526331074727022674e-02 -2.617061038257136041e-02 9.435656971565226114e-05 2.825946439256036462e-05
9.288586000000000000e+06 5.316938622368789363e-02 3.301602334131379518e-03 9.143168502437881413e-05 3.576699708919555434e-05
1.114630400000000000e+07 2.419683134105091518e-02 5.120288010154038817e-03 8.922665123759056314e-05 4.943318762402142109e-05
1.337556500000000000e+07 3.247575224413845607e-02 4.441479715690552742e-03 8.543375485398076142e-05 4.941321754453630223e-05
1.605067800000000000e+07 4.822051569057292549e-03 -2.377838961170014934e-02 8.609440399501854283e-05 4.703133155065671831e-05
1.926081300000000000e+07 4.350740162923756593e-02 -1.235106826020223973e-02 9.478406966518868992e-05 4.754304854995864495e-05
2.311297600000000000e+07 4.180314177126654568e-02 -1.248645841745747893e-02 7.677614172600021004e-05 4.236523824996489405e-05
2.773557200000000000e+07 3.352763520890825882e-02 1.179480505469732675e-02 8.908023855212399860e-05 4.591118929157234730e-05
3.328268600000000000e+07 4.737580700262724459e-02 1.635031736005754244e-02 9.331287267573137813e-05 3.518598127385943948e-05
3.993922300000000000e+07 4.630007857596610960e-02 -9.972621878243312366e-03 8.659462246334829907e-05 4.299660517593826512e-05
4.792706800000000000e+07 3.755742911145493190e-02 8.684587249845100027e-03 8.723275147713229242e-05 4.263539653888406611e-05
5.751248200000000000e+07 3.358953215543016013e-02 -3.842591543067156151e-03 7.614322096193941187e-05 3.589169173451671176e-05
6.901497800000000000e+07 4.722498315523634971e-02 1.408070509753943031e-02 7.641339504355785844e-05 3.428138820004261982e-05
