# Z3/Z3_L5_f0.9_h0.99_m1.0_J1.0_hz0.1_phiz0.0_hx0.0_phix0.0_ndis100.txt
# time	Re(Z)\Im(Z)	Var(Re(Z))	Var(Im(Z))
1.000000000000000000e+00 9.995613990161771323e-01 3.062012505404276982e-06 1.957908340020316251e-17 3.561414523611013012e-29
1.000000000000000000e+00 9.995613990161771323e-01 3.062012505404276982e-06 1.957908340020316251e-17 3.561414523611013012e-29
1.000000000000000000e+00 9.995613990161771323e-01 3.062012505404276982e-06 1.957908340020316251e-17 3.561414523611013012e-29
1.000000000000000000e+00 9.995613990161771323e-01 3.062012505404276982e-06 1.957908340020316251e-17 3.561414523611013012e-29
2.000000000000000000e+00 9.987463996201108030e-01 -1.469411964862092895e-04 2.563300796292643471e-10 8.683124292067446413e-11
2.000000000000000000e+00 9.987463996201108030e-01 -1.469411964862092895e-04 2.563300796292643471e-10 8.683124292067446413e-11
2.000000000000000000e+00 9.987463996201108030e-01 -1.469411964862092895e-04 2.563300796292643471e-10 8.683124292067446413e-11
3.000000000000000000e+00 9.977604600142956359e-01 -2.965296234470096953e-04 1.925898261397833742e-09 5.639174511521584373e-10
4.000000000000000000e+00 9.966671578412217292e-01 -4.460875268698717461e-04 7.681818879064509418e-09 2.309552182068192596e-09
5.000000000000000000e+00 9.954217528561726258e-01 -6.511890669699242238e-04 1.947277326449185336e-08 6.159506722564740316e-09
6.000000000000000000e+00 9.941288472113596342e-01 -9.841374501571458801e-04 3.603425457620355765e-08 1.242930039516166985e-08
7.000000000000000000e+00 9.922788227643902781e-01 -1.377432145015788922e-03 6.234108506529609517e-08 2.272198077258987858e-08
8.000000000000000000e+00 9.905100937330835187e-01 -1.984965637405470846e-03 9.514379157806622865e-08 3.579020350126472132e-08
1.000000000000000000e+01 9.870304406006258358e-01 -3.137965075401900807e-03 1.929891039033852402e-07 7.612471997512184012e-08
1.200000000000000000e+01 9.839585228541531947e-01 -4.752168539279646303e-03 3.564071355091830398e-07 1.384013763622109392e-07
1.500000000000000000e+01 9.798346719422109663e-01 -8.258492917518067689e-03 8.685975725386629954e-07 3.132100254872539243e-07
1.800000000000000000e+01 9.750204082596396482e-01 -1.226065968120815947e-02 1.913592409814492564e-06 6.387120861020156189e-07
2.200000000000000000e+01 9.657562362349545459e-01 -1.866561308568658734e-02 4.339551295943151662e-06 1.394054247916629482e-06
2.600000000000000000e+01 9.511453801609166536e-01 -2.524663324264030118e-02 8.016170106211261228e-06 2.582292206916358920e-06
3.100000000000000000e+01 9.297559744689777306e-01 -3.408749896954087200e-02 1.514641803606752392e-05 4.895973790269738711e-06
3.800000000000000000e+01 9.007768454258266999e-01 -4.934667064188720531e-02 3.214087091897101548e-05 9.880520913633565020e-06
4.600000000000000000e+01 8.639674255895888333e-01 -6.827505029620091481e-02 6.279556665085809662e-05 1.843684279825737928e-05
5.500000000000000000e+01 8.110848804125666556e-01 -8.705925493285177064e-02 1.091956301498895449e-04 3.104364607126628377e-05
6.600000000000000000e+01 7.503217443643961371e-01 -1.104275681785094193e-01 1.850472979544653593e-04 4.984735944329297957e-05
7.900000000000000000e+01 6.720695932856497468e-01 -1.284093960757320407e-01 2.838440807989720612e-04 7.435365442995968399e-05
9.500000000000000000e+01 5.857439868918923320e-01 -1.402647043488162160e-01 3.994914652094667886e-04 1.065292510188972468e-04
1.140000000000000000e+02 5.005728796462672880e-01 -1.375425995398883439e-01 4.952874263468537257e-04 1.482446221326820534e-04
1.370000000000000000e+02 4.290320503810854946e-01 -1.183566965634382101e-01 5.442822557764022190e-04 1.998942480064666485e-04
1.640000000000000000e+02 3.853959302307463641e-01 -9.197011326371727635e-02 5.502682794694418620e-04 2.461804621903367616e-04
1.970000000000000000e+02 3.670042141376376188e-01 -7.184133955725185983e-02 5.618773962158599405e-04 2.778392959750371704e-04
2.370000000000000000e+02 3.676974144632521035e-01 -6.086521473439147900e-02 5.939937829916655532e-04 2.834908055291127712e-04
2.840000000000000000e+02 3.792757814060537802e-01 -5.242403321399939642e-02 5.451466199871766571e-04 2.236346141655541685e-04
3.410000000000000000e+02 4.001078493336255870e-01 -4.979851220041407733e-02 5.034569570747257855e-04 1.815050158780779233e-04
4.100000000000000000e+02 4.585867384166394389e-01 -3.623725095276941754e-02 4.743662550777383823e-04 1.332629125100043114e-04
4.920000000000000000e+02 5.271088263255128137e-01 -2.637771147166645749e-02 4.251262706616690842e-04 9.351871999316608837e-05
5.900000000000000000e+02 4.542706006399541696e-01 -6.759238737298052524e-02 4.304947288335683828e-04 1.248635343718754035e-04
7.080000000000000000e+02 4.164199908760712887e-01 -7.248499561168324223e-02 4.537862795510755613e-04 1.494517565021364497e-04
8.500000000000000000e+02 4.118214287339007629e-01 -5.025975950277995763e-02 4.334236598019201316e-04 1.247444497332443353e-04
1.020000000000000000e+03 4.727242884381336885e-01 -5.586156651247307231e-02 3.741640108031205687e-04 1.037541209619253276e-04
1.224000000000000000e+03 4.269433004488297212e-01 -4.558639954390946575e-02 3.558549989330184551e-04 1.141320691555278323e-04
1.469000000000000000e+03 4.006968211459388529e-01 -4.467954648726422950e-02 3.816139970760842881e-04 1.170032546847831959e-04
1.763000000000000000e+03 3.662887460491566771e-01 -4.363310102500787824e-02 3.721022796501377594e-04 1.113427621742530240e-04
2.116000000000000000e+03 4.210384086019327565e-01 -7.780658036219495477e-03 3.233069288702974486e-04 8.364025848407293721e-05
2.539000000000000000e+03 3.709021263580994932e-01 -2.777421633132570039e-02 3.125939875502502414e-04 7.590454825395677051e-05
3.047000000000000000e+03 3.360827206361282626e-01 -2.574352033732047948e-02 2.904401667932156230e-04 8.226822834456972604e-05
3.657000000000000000e+03 3.034518217967203668e-01 -2.951201705601228659e-02 2.875583618947122094e-04 6.383822052603660782e-05
4.388000000000000000e+03 2.481169465094474613e-01 -1.852967738446240770e-02 2.649602952930485964e-04 6.596956414939200144e-05
5.266000000000000000e+03 2.575151992969018644e-01 -2.232444870311597624e-03 2.532290310752616106e-04 5.013491557130266338e-05
6.319000000000000000e+03 2.533208981300438256e-01 -7.500729860572043781e-04 2.476017278568013770e-04 3.425393169652080218e-05
7.583000000000000000e+03 2.295433236358701279e-01 -4.854433673484543320e-03 2.468229915007101507e-04 3.649917362839291734e-05
9.100000000000000000e+03 1.560757590548467744e-01 -1.432390090827626201e-02 2.544892576621322943e-04 5.051409108626834745e-05
1.092000000000000000e+04 1.338148621593759635e-01 -2.544174898956272704e-02 2.315704499677412971e-04 6.214909062605832480e-05
1.310400000000000000e+04 1.612161946132538437e-01 -6.188572791845242844e-03 2.245272173682822823e-04 3.646372919109940194e-05
1.572500000000000000e+04 1.514782664479694674e-01 4.805125180308151590e-03 2.299969425581428078e-04 4.975462863135022678e-05
1.887000000000000000e+04 1.439424514387948606e-01 1.147255600638939776e-02 2.249732301931725229e-04 4.827925076043473846e-05
2.264400000000000000e+04 1.490606009646417152e-01 -7.601543702075483355e-03 2.291084531602497788e-04 5.677201113746625229e-05
2.717300000000000000e+04 1.128530261743124624e-01 -1.468741353258026273e-02 2.042225505834376715e-04 4.816244734074298433e-05
3.260800000000000000e+04 1.153888172117574634e-01 -1.492734620713646702e-02 2.147093437974657501e-04 3.781503979242128706e-05
3.913000000000000000e+04 1.393313688044885423e-01 -1.472898681641723710e-02 2.123393791163309403e-04 4.011814862087198172e-05
4.695600000000000000e+04 1.232451333175998698e-01 -7.643072127241923482e-03 2.084947794619205585e-04 5.612261604881397419e-05
5.634700000000000000e+04 8.746292507533645622e-02 -1.993841319960818273e-02 1.782165199922834740e-04 4.901865194117653742e-05
6.761700000000000000e+04 9.421865702988349578e-02 -1.029931929377460309e-02 1.833559696494432129e-04 5.635174295608231967e-05
8.114000000000000000e+04 6.959110406330369647e-02 -2.294541637030339185e-02 1.687266754843751236e-04 4.912016812118228331e-05
9.736800000000000000e+04 7.574944847571088435e-02 1.624948830876805222e-02 1.530511658856111240e-04 5.710233106816679441e-05
1.168420000000000000e+05 4.935439832996958709e-02 1.423398256998461946e-02 1.657222675095275334e-04 5.926520464660431885e-05
1.402100000000000000e+05 5.852266760992581862e-02 9.610460874926965436e-03 1.388940848844723644e-04 5.239000267426065916e-05
1.682520000000000000e+05 4.843695397371192840e-02 -2.270636345305925702e-02 1.460215701513279004e-04 5.855871331975589421e-05
2.019030000000000000e+05 1.820387031203915540e-02 2.474321171224305727e-02 1.304138840873153321e-04 6.702997859412542306e-05
2.422830000000000000e+05 2.538014287726095275e-02 -5.498522707391205987e-03 1.357709241852506359e-04 5.709344047478597591e-05
2.907400000000000000e+05 2.199399738727569192e-02 3.545967300566545827e-02 1.397921407654113910e-04 8.457928563210441258e-05
3.488880000000000000e+05 6.424200382547588795e-02 2.081768961784192379e-02 1.324227775988365177e-04 6.581546420661640309e-05
4.186660000000000000e+05 1.003125356491143955e-01 -3.082311799438218133e-02 1.423344075581978662e-04 5.997848164019749972e-05
5.024000000000000000e+05 4.751547005764540643e-02 -2.787795631021771844e-02 1.441464914758759457e-04 7.662062607958621354e-05
6.028800000000000000e+05 7.160043107337672220e-03 1.456351783726027825e-02 1.144098549506971740e-04 6.192396607247242259e-05
7.234560000000000000e+05 1.960950564679048158e-02 7.494771744522044392e-04 1.146538933414282450e-04 7.192097283427298013e-05
8.681470000000000000e+05 1.047825337487063094e-02 -1.908789438352754761e-02 1.274343509277748492e-04 7.288645030264187432e-05
1.041776000000000000e+06 3.142244756131171157e-02 3.842868331507086690e-03 1.171821869066346503e-04 6.350948949664390669e-05
1.250132000000000000e+06 3.840086067750395071e-02 -1.913329017005680963e-02 1.207488750166426831e-04 5.354403531458546507e-05
1.500158000000000000e+06 2.908619119675385015e-02 1.368897224562926063e-02 1.331257334287435431e-04 5.850839769662059955e-05
1.800190000000000000e+06 6.045991339791847302e-02 -3.406812219795686547e-02 1.137913075377407928e-04 4.168063363320347666e-05
2.160228000000000000e+06 2.188704522664627547e-02 7.034211613564718413e-03 1.125890662369258722e-04 6.434931714016963844e-05
2.592274000000000000e+06 6.423782371964395499e-02 -2.010564079377537630e-02 1.000538386944035035e-04 5.674492069186347137e-05
3.110728000000000000e+06 4.181732074070670935e-02 3.229991274283102072e-03 1.269309397226652762e-04 6.379465870039990861e-05
3.732874000000000000e+06 3.261536393454098071e-02 -2.244479802752387398e-02 1.023555743414354322e-04 4.936268205504527461e-05
4.479449000000000000e+06 1.994688769159585345e-02 -1.944229859180631760e-04 1.123923028700085094e-04 7.503722354497149459e-05
5.375339000000000000e+06 1.425991948994254598e-02 1.088547656489882720e-02 1.065715761692296297e-04 6.702481321666811881e-05
6.450407000000000000e+06 5.850801289349448139e-03 4.389468106309901523e-03 9.814729374806769344e-05 6.333392165023159551e-05
7.740489000000000000e+06 9.624309613992807280e-03 -5.694184897134884314e-03 8.362810504654698816e-05 6.520250988611986116e-05
9.288586000000000000e+06 2.458629306660407507e-02 -6.576487385140849552e-03 8.695212637990501210e-05 4.567061866726139047e-05
1.114630400000000000e+07 3.314630429940696593e-02 -3.915860811920803333e-03 9.408934184957367275e-05 6.670078674569164708e-05
1.337556500000000000e+07 3.024749520848013171e-02 2.825544945629559351e-02 8.594084405496999466e-05 6.376539286731783035e-05
1.605067800000000000e+07 2.633540990595450645e-02 -1.292987908135619438e-02 7.881281969098172008e-05 5.246275302856138854e-05
1.926081300000000000e+07 -2.228777047658337708e-03 7.969151833792903483e-03 7.958188823263480545e-05 5.862884301060677130e-05
2.311297600000000000e+07 1.140284306350172576e-02 1.350523649241247917e-02 8.157603172073085252e-05 5.132863960671112824e-05
2.773557200000000000e+07 -3.115116735853905305e-02 -5.807974318778859682e-04 7.918169498463550080e-05 6.271250847136369269e-05
3.328268600000000000e+07 1.286505874603543868e-02 -8.444876561850840624e-03 5.584844448988420115e-05 4.459154103619826509e-05
3.993922300000000000e+07 -1.360704439923196736e-02 1.140311085993686753e-02 6.464775030346735240e-05 7.563497990973266309e-05
4.792706800000000000e+07 5.721574317369111130e-03 2.133665490384774321e-02 9.231528689184044327e-05 7.289767164304362110e-05
5.751248200000000000e+07 -8.913840472241326904e-03 2.886280179589146427e-02 6.872617319392615247e-05 7.018327860411932334e-05
6.901497800000000000e+07 8.033622104701468661e-03 -9.076082442272955311e-03 6.721507253292591320e-05 6.117762909588051910e-05
