# Z3/Z3_L2_f0.9_h0.99_m1.0_J1.0_hz0.1_phiz0.0_hx0.0_phix0.0_ndis100.txt
# time	Re(Z)\Im(Z)	Var(Re(Z))	Var(Im(Z))
1.000000000000000000e+00 9.995613990161886786e-01 3.062012497323796118e-06 -2.454764476558135216e-17 -2.435558493305475540e-29
1.000000000000000000e+00 9.995613990161886786e-01 3.062012497323796118e-06 -2.454764476558135216e-17 -2.435558493305475540e-29
1.000000000000000000e+00 9.995613990161886786e-01 3.062012497323796118e-06 -2.454764476558135216e-17 -2.435558493305475540e-29
1.000000000000000000e+00 9.995613990161886786e-01 3.062012497323796118e-06 -2.454764476558135216e-17 -2.435558493305475540e-29
2.000000000000000000e+00 9.985032484179225953e-01 1.817150919902477192e-05 1.504051110346016913e-10 8.079704637274926746e-11
2.000000000000000000e+00 9.985032484179225953e-01 1.817150919902477192e-05 1.504051110346016913e-10 8.079704637274926746e-11
2.000000000000000000e+00 9.985032484179225953e-01 1.817150919902477192e-05 1.504051110346016913e-10 8.079704637274926746e-11
3.000000000000000000e+00 9.972542350916213660e-01 8.576736188679416945e-06 3.113242524748618440e-09 1.233524119634129378e-09
4.000000000000000000e+00 9.959651797208547430e-01 4.917925963291241661e-05 1.735526930655363325e-08 6.506513817452168901e-09
5.000000000000000000e+00 9.944740158136522457e-01 9.348551849928193826e-05 5.057471344061595695e-08 1.936979676881077663e-08
6.000000000000000000e+00 9.925773117081468921e-01 1.303235083334585096e-05 1.047811984291613467e-07 3.988755732987260119e-08
7.000000000000000000e+00 9.903126571907009401e-01 1.243875413056574973e-04 1.791377869252927204e-07 6.879421719158250111e-08
8.000000000000000000e+00 9.879349004741737605e-01 2.654445553499476572e-04 2.812192546641946056e-07 1.109366853593699852e-07
1.000000000000000000e+01 9.833713638033164672e-01 3.005924230146392383e-04 6.278655196945539086e-07 2.567321993536844101e-07
1.200000000000000000e+01 9.790251753206618002e-01 2.785837066323988069e-04 1.226538649707094362e-06 5.369111593859308991e-07
1.500000000000000000e+01 9.726473315562954580e-01 2.501306055446010537e-04 2.739783398537899516e-06 1.448084663646340039e-06
1.800000000000000000e+01 9.658333414277749940e-01 2.163824865195555888e-04 5.731354479002709263e-06 3.221476053998358183e-06
2.200000000000000000e+01 9.523580261692434767e-01 7.448725418219226890e-05 1.252063089024228875e-05 7.206906015835138794e-06
2.600000000000000000e+01 9.322647745076751979e-01 4.764019906989700121e-04 2.353195297617940651e-05 1.299589123107461218e-05
3.100000000000000000e+01 9.030509353074844814e-01 1.147274948026499528e-03 4.567303889775867258e-05 2.371810957881970066e-05
3.800000000000000000e+01 8.638735088602166323e-01 1.125606528639373945e-03 9.682749112534731306e-05 4.752633144453888010e-05
4.600000000000000000e+01 8.147832660160569951e-01 7.099915923029359588e-04 1.909855866242288365e-04 8.485168004823111113e-05
5.500000000000000000e+01 7.456869000912348389e-01 2.515575456105568607e-03 3.412373239567238997e-04 1.295880319310186541e-04
6.600000000000000000e+01 6.726158397153327861e-01 1.471015317069353191e-03 5.950692150971949833e-04 1.766528128664481858e-04
7.900000000000000000e+01 5.808315066302419671e-01 3.343859725662175555e-03 9.487555239704065788e-04 1.898022876795995260e-04
9.500000000000000000e+01 4.925738359573327285e-01 2.921135348560087528e-03 1.401994411433398141e-03 1.380358787555827885e-04
1.140000000000000000e+02 4.211640257910855834e-01 1.003706100328090279e-03 1.839415334615400553e-03 4.467407986544522325e-05
1.370000000000000000e+02 3.758675760529467946e-01 -2.295446038668311640e-03 2.116798762390430765e-03 9.492402132431759861e-07
1.640000000000000000e+02 3.695936735735848577e-01 -8.655261355065843945e-03 2.106117359359333321e-03 1.298086433468019932e-06
1.970000000000000000e+02 4.371465621590426287e-01 -1.658402408537306555e-02 1.669403730391214600e-03 7.125581306306608739e-05
2.370000000000000000e+02 6.322375522011113302e-01 -2.296131000368421826e-02 6.447965664753531681e-04 1.628767229608096574e-04
2.840000000000000000e+02 8.874603109567670289e-01 -1.221820878687145465e-02 5.030895840324205637e-05 3.484669952946820753e-06
3.410000000000000000e+02 7.717272812554335504e-01 3.214764523138828600e-02 1.819510029729444749e-04 3.776322987141143356e-05
4.100000000000000000e+02 3.913964949436909424e-01 4.683215960760109264e-02 1.537698648394702399e-03 7.184299046368531954e-05
4.920000000000000000e+02 3.574351901429709266e-01 -6.087890598945405740e-02 1.546781241320795489e-03 6.257408857860927859e-05
5.900000000000000000e+02 6.959170522551270111e-01 -3.758282561131241067e-02 3.609300650452558316e-04 3.975052650425393581e-05
7.080000000000000000e+02 3.016074308020075811e-01 1.324416907032575919e-01 1.295212602034654563e-03 2.445646567737883611e-04
8.500000000000000000e+02 3.728350226666163336e-01 -1.508396199479070388e-01 8.025531569931488533e-04 3.168903616387503687e-04
1.020000000000000000e+03 1.676064733101527704e-01 1.725735360346359326e-01 1.084514677850575114e-03 3.511516799713480124e-04
1.224000000000000000e+03 3.549382350848735990e-01 3.972432878049410310e-02 7.320257023490050986e-04 1.047146831718308204e-04
1.469000000000000000e+03 2.314446651055342141e-01 -1.144491895222689015e-01 4.363696632343377121e-04 1.344368365866506878e-04
1.763000000000000000e+03 1.596447548566232721e-01 -8.534222294097784656e-02 3.571996034503606920e-04 1.503016846893893694e-04
2.116000000000000000e+03 3.347950299073919056e-01 -1.133760956406251567e-02 9.284408405490526643e-04 5.441039261083512800e-05
2.539000000000000000e+03 -1.070709937906013098e-01 8.679711775363280202e-02 3.265803014496304829e-04 1.565787687982067545e-04
3.047000000000000000e+03 3.566509961240824783e-02 3.775231644565565925e-02 7.293556525673679800e-04 1.873520168490340270e-04
3.657000000000000000e+03 1.690984231371693569e-01 4.491125066747972405e-02 6.068853823395886334e-04 1.367435309121069090e-04
4.388000000000000000e+03 -6.408870331226257377e-02 -6.646110743204848570e-02 5.008639444177697287e-04 2.717052899651920092e-04
5.266000000000000000e+03 -5.476576954893818544e-02 3.322409856484687674e-01 1.323892488039914378e-03 5.518064928366475316e-04
6.319000000000000000e+03 2.984611489456096001e-01 -9.767976715271683985e-02 8.177258217095567834e-04 1.843106369324072635e-04
7.583000000000000000e+03 2.477913880111407841e-01 -4.402743366122648799e-02 5.520893185898290709e-04 2.405537959392398226e-04
9.100000000000000000e+03 2.316198639843167206e-01 1.560613449081495923e-03 5.294900970771725546e-04 3.385567844802263326e-04
1.092000000000000000e+04 4.505330920229562164e-01 1.088769471260676996e-01 6.544190794416068812e-04 4.908314102274659871e-05
1.310400000000000000e+04 7.887943008726247540e-02 -1.072476203182819166e-02 3.461585796910366568e-04 6.376896109431784117e-04
1.572500000000000000e+04 2.324275273805478381e-01 4.593117986955552040e-02 8.502104111352407675e-04 4.332489623483731464e-04
1.887000000000000000e+04 -2.449939954018999222e-01 2.619093357645907449e-01 7.120335011638443019e-04 1.955815106231572221e-03
2.264400000000000000e+04 8.016820631694486499e-02 8.032274945108551154e-03 4.333636897240568712e-04 3.515660281672966622e-04
2.717300000000000000e+04 -9.387201476793709254e-02 5.756078642066008583e-02 7.340315441857969084e-05 7.196699361109082285e-04
3.260800000000000000e+04 -1.359292149306327580e-01 1.554432449422378237e-01 3.376698381159873872e-04 7.785812420420766804e-04
3.913000000000000000e+04 4.762959176126133065e-02 2.863190638187172454e-01 3.878071324333947040e-04 2.543286399456568046e-04
4.695600000000000000e+04 2.697422021143312532e-01 1.218209753354325929e-02 1.015852100722448642e-03 6.847316246996081783e-04
5.634700000000000000e+04 3.522373235306715533e-01 1.428254268304419705e-01 9.681829852125123153e-04 3.816372136441690795e-04
6.761700000000000000e+04 6.374023290042156453e-02 2.935496877079451505e-01 8.666548996417073897e-04 3.508839261363072603e-04
8.114000000000000000e+04 -1.242442289399616345e-01 -1.782586785744560143e-01 2.918268777282385278e-04 9.220360462424444367e-04
9.736800000000000000e+04 -2.624188732544397995e-01 2.149337577178122294e-01 1.167526165812262441e-04 6.489974612015516741e-04
1.168420000000000000e+05 -1.071016969665056912e-01 -4.961579054302700173e-03 2.960335049380517823e-04 8.296014585209774946e-04
1.402100000000000000e+05 -1.670361998707338702e-01 -1.059084146016162492e-01 2.929341008364515046e-04 9.415078228500886950e-04
1.682520000000000000e+05 2.039658559180752145e-02 3.974611202334241838e-02 2.891871188007879407e-04 1.852314375513569925e-04
2.019030000000000000e+05 -8.054599061921634230e-04 -1.595093312046777789e-01 3.936650806645326361e-04 4.198765022748753538e-04
2.422830000000000000e+05 6.841912458438513533e-02 9.152174838742489771e-02 6.712627807605014421e-04 5.817605831350883532e-04
2.907400000000000000e+05 1.097045983765182753e-01 7.616133706034751427e-02 8.606861795899417057e-04 8.901346802081371024e-04
3.488880000000000000e+05 9.103729959210252187e-02 2.591130709970287938e-01 8.520453549159281948e-04 3.508169629684855474e-04
4.186660000000000000e+05 1.405099403486925747e-01 2.455493482935912353e-02 7.950732380244471395e-04 3.284657145685714757e-04
5.024000000000000000e+05 -7.606504950587122948e-03 -2.186468576481688172e-02 9.348925813848675418e-04 6.329267693327713350e-04
6.028800000000000000e+05 1.616185237867358571e-01 -9.396347508860988795e-02 4.563518662700406401e-04 3.147534349814436324e-04
7.234560000000000000e+05 1.262768650899773748e-01 -1.578221019153613902e-02 5.790250030108997368e-04 6.972358806981697075e-04
8.681470000000000000e+05 -4.835489791618484412e-03 -2.654451559931343425e-03 6.168201709680572230e-04 7.869813416902189445e-04
1.041776000000000000e+06 1.404980177647838831e-03 1.904996862191695242e-02 6.578135435273198706e-04 9.367475867653092276e-04
1.250132000000000000e+06 1.392988655051519697e-01 6.923525702677440358e-03 1.167486487968685772e-03 7.187908729969756747e-04
1.500158000000000000e+06 1.410476449782754882e-01 -8.564130730832550387e-02 8.805193384463004622e-04 5.298447531275745368e-04
1.800190000000000000e+06 -5.314782519845296684e-03 -1.033388213333719802e-01 3.924453218411825574e-04 5.003121009861359473e-04
2.160228000000000000e+06 -3.696785468998484842e-02 1.194614189588533437e-01 6.450518333865959538e-04 6.672432615940704966e-04
2.592274000000000000e+06 -2.879490814988928116e-01 -1.241634584241504830e-01 1.056695995605828837e-04 1.067446999113628526e-03
3.110728000000000000e+06 -1.362541193906925407e-01 2.254124045871706561e-01 2.121535441695459039e-04 5.951944765644094160e-04
3.732874000000000000e+06 -4.986198525986587637e-02 -1.044143641423266045e-01 3.481321187448154874e-04 5.890709360674513308e-04
4.479449000000000000e+06 -8.962735686199227447e-02 -2.027969250909415488e-01 4.725169919751093955e-04 5.843104879363279465e-04
5.375339000000000000e+06 -1.368464085223273508e-01 1.397702481671191099e-02 4.152513631152391022e-04 1.308330436747918340e-03
6.450407000000000000e+06 3.330692400860584684e-02 -1.241527675796961772e-01 6.750468244776563955e-04 5.768423675852273839e-04
7.740489000000000000e+06 4.686348130655664662e-02 -5.774810654144536121e-02 9.777874999188631774e-04 9.624915018082025190e-04
9.288586000000000000e+06 -1.730644659750750491e-02 9.884375190830275992e-02 5.660982861756089397e-04 5.587350615839502700e-04
1.114630400000000000e+07 2.722456189969505239e-02 5.050461213959564488e-02 5.545692755557865040e-04 6.584245711264297965e-04
1.337556500000000000e+07 1.561225968339083059e-01 1.079487140967766295e-01 1.352644915135714021e-03 1.073357850101391451e-03
1.605067800000000000e+07 2.244276172671939851e-02 8.513042959365817175e-02 7.531801543898377152e-04 4.863847357259536543e-04
1.926081300000000000e+07 1.120017157951708198e-01 9.689876921383801245e-02 9.652381679782450190e-04 4.011787659604200093e-04
2.311297600000000000e+07 -1.515329392458562852e-01 3.648871566841391800e-01 4.994886075361849604e-04 8.634937300164876976e-04
2.773557200000000000e+07 -2.482905588372160133e-01 -3.020090028878746197e-02 2.111254220859966563e-04 8.934921287896734413e-04
3.328268600000000000e+07 3.579576075315613753e-02 1.101469380645104940e-01 8.668106451784266106e-04 7.879279059480506341e-04
3.993922300000000000e+07 3.287688647506433748e-01 -5.132789614371507936e-02 7.447727794244919522e-04 3.439843233170902011e-04
4.792706800000000000e+07 -9.709739750528621760e-02 -7.785880734207399623e-02 4.728331161971026982e-04 9.023114890183031069e-04
5.751248200000000000e+07 -1.739749881611255822e-01 -4.212649485729911270e-01 5.285563788619994027e-04 5.184526591277365242e-04
6.901497800000000000e+07 -3.219974154503634778e-01 2.688518456294644032e-01 5.237499257907001941e-05 9.062201659529406329e-04
