# Z3/Z3_L4_f0.7_h0.99_m1.0_J1.0_hz0.1_phiz0.0_hx0.0_phix0.0_ndis100.txt
# time	Re(Z)\Im(Z)	Var(Re(Z))	Var(Im(Z))
1.000000000000000000e+00 9.995613990161749118e-01 3.062012505642003132e-06 1.252131230780251668e-17 7.693272066155390894e-29
1.000000000000000000e+00 9.995613990161749118e-01 3.062012505642003132e-06 1.252131230780251668e-17 7.693272066155390894e-29
1.000000000000000000e+00 9.995613990161749118e-01 3.062012505642003132e-06 1.252131230780251668e-17 7.693272066155390894e-29
1.000000000000000000e+00 9.995613990161749118e-01 3.062012505642003132e-06 1.252131230780251668e-17 7.693272066155390894e-29
2.000000000000000000e+00 9.988184093366253569e-01 1.986689862180297838e-04 3.439808126446669984e-10 1.092584176640274988e-10
2.000000000000000000e+00 9.988184093366253569e-01 1.986689862180297838e-04 3.439808126446669984e-10 1.092584176640274988e-10
2.000000000000000000e+00 9.988184093366253569e-01 1.986689862180297838e-04 3.439808126446669984e-10 1.092584176640274988e-10
3.000000000000000000e+00 9.978287792997859729e-01 4.097313285874017923e-04 2.231718898793590043e-09 6.626662124025613087e-10
4.000000000000000000e+00 9.967670235321784977e-01 6.372529724111920856e-04 9.388278350497798596e-09 2.842981465845150543e-09
5.000000000000000000e+00 9.955058847885286388e-01 8.874196153258646653e-04 2.443024159551116740e-08 7.544921764320185276e-09
6.000000000000000000e+00 9.941326915010735288e-01 1.389029874732095960e-03 4.818576527901582260e-08 1.525819438375233227e-08
7.000000000000000000e+00 9.921501290626733027e-01 1.989131043832216388e-03 8.459816579845856297e-08 2.666085819736058655e-08
8.000000000000000000e+00 9.902976014809219407e-01 2.775693990525572672e-03 1.274527046886927190e-07 4.279703734538014384e-08
1.000000000000000000e+01 9.863296268327803595e-01 4.475699315976682836e-03 2.732822206007815987e-07 9.577060858400609433e-08
1.200000000000000000e+01 9.825398256611511671e-01 6.587124707504390768e-03 5.141112065600254381e-07 1.877351901303054121e-07
1.500000000000000000e+01 9.766200837575648164e-01 1.089773505302126487e-02 1.223446822681125900e-06 4.309067004880706864e-07
1.800000000000000000e+01 9.697935066400426019e-01 1.572310708730637052e-02 2.633435814086996382e-06 8.906117137614803158e-07
2.200000000000000000e+01 9.574722862924022193e-01 2.337611912657627453e-02 5.886060989008111301e-06 1.928085745043621005e-06
2.600000000000000000e+01 9.401496418800454613e-01 3.214667314442783141e-02 1.089963952598788682e-05 3.588687660077981418e-06
3.100000000000000000e+01 9.145867048365342589e-01 4.430818598287825094e-02 2.069995338440271452e-05 6.849222978585929668e-06
3.800000000000000000e+01 8.782852127394710218e-01 6.326522540795403993e-02 4.326870484696994043e-05 1.395792116074639390e-05
4.600000000000000000e+01 8.316266011783435275e-01 8.608290455583872403e-02 8.349482299890533714e-05 2.623800625902235163e-05
5.500000000000000000e+01 7.679446354235426320e-01 1.121788091091786843e-01 1.439716975572640206e-04 4.535986645256141585e-05
6.600000000000000000e+01 6.933852127389676934e-01 1.390954919897740838e-01 2.393485592276709927e-04 7.434910834750700778e-05
7.900000000000000000e+01 6.016909751590590050e-01 1.628889695059284326e-01 3.604437895497712165e-04 1.152166251713523384e-04
9.500000000000000000e+01 5.047982958932004660e-01 1.732145184194678611e-01 4.962832253026034290e-04 1.684220071897519350e-04
1.140000000000000000e+02 4.183432280315358409e-01 1.608852480708619914e-01 6.054915756760436123e-04 2.296281209438595324e-04
1.370000000000000000e+02 3.588376042987882486e-01 1.254488307613400855e-01 6.622103188416553253e-04 2.901062071424355729e-04
1.640000000000000000e+02 3.363881990595311566e-01 8.244758578616384614e-02 6.664753473332441207e-04 3.266868555629258127e-04
1.970000000000000000e+02 3.392019359515899279e-01 5.174148058758969854e-02 6.675249413885756683e-04 3.286466335131438916e-04
2.370000000000000000e+02 3.496181743317813284e-01 4.109481386312223428e-02 6.949862089408870292e-04 2.951912531613811136e-04
2.840000000000000000e+02 3.534088755428457795e-01 4.060131845201864209e-02 6.749528620114171465e-04 2.236594788409269191e-04
3.410000000000000000e+02 3.673082611417853305e-01 5.511548895631693257e-02 6.656642899764704090e-04 2.177892712976880888e-04
4.100000000000000000e+02 4.295815890501526457e-01 3.625285078532023558e-02 5.934622987703612115e-04 1.734295900953520403e-04
4.920000000000000000e+02 4.418944001096771768e-01 5.221288111732660248e-02 5.520407963546662992e-04 1.803614180120404853e-04
5.900000000000000000e+02 3.810861545193644506e-01 1.009412833910340451e-01 5.580413613460354560e-04 2.208928302594334277e-04
7.080000000000000000e+02 4.471477736608122089e-01 1.788507827826769925e-02 4.624347986662723426e-04 1.514574341032180770e-04
8.500000000000000000e+02 3.716284511037115657e-01 3.256748731429305599e-02 4.511871666362659585e-04 1.913229502373674251e-04
1.020000000000000000e+03 3.610812955254832923e-01 1.168432351594482360e-01 4.701954666725743567e-04 1.247528425776483867e-04
1.224000000000000000e+03 2.558732226210098104e-01 1.053417135471187427e-01 4.604691567704928263e-04 2.046386459251503770e-04
1.469000000000000000e+03 3.582554119435137907e-01 1.027724504980550603e-02 3.851734822536617480e-04 1.335658466817822067e-04
1.763000000000000000e+03 2.487648152895317044e-01 8.928964938535070839e-02 4.290490102718900328e-04 1.776817487605292277e-04
2.116000000000000000e+03 3.030588675231589146e-01 4.382439523440426893e-02 3.966038459728997347e-04 1.294212860650583124e-04
2.539000000000000000e+03 2.732087455440637691e-01 4.217964896832419180e-02 3.321497371774221946e-04 9.829997209454903711e-05
3.047000000000000000e+03 2.045092945135663365e-01 4.650908356959845141e-02 3.080489676133724044e-04 1.138520161136612343e-04
3.657000000000000000e+03 2.206843035367942740e-01 5.076922714556728750e-02 3.119797018071771943e-04 7.801394951775932713e-05
4.388000000000000000e+03 1.862071886229281492e-01 6.588981256570680331e-03 2.767038127786742760e-04 6.581460088997276585e-05
5.266000000000000000e+03 1.729460869022319547e-01 2.561616972317216565e-02 2.884863929257938057e-04 6.368966661121168492e-05
6.319000000000000000e+03 1.324581448548567686e-01 3.535513712424500493e-02 2.788501870693393231e-04 5.419055239394129968e-05
7.583000000000000000e+03 1.098063297266256705e-01 3.810779846048800712e-02 2.576401029131962007e-04 5.448557570901869701e-05
9.100000000000000000e+03 9.228571275860070200e-02 2.125610963347139906e-02 2.497461697657676503e-04 6.621803142610394250e-05
1.092000000000000000e+04 6.396300305676236309e-02 3.256162372567799473e-02 2.338662886497830308e-04 8.239143754169787805e-05
1.310400000000000000e+04 5.808519986174467964e-02 1.940643469722984696e-02 2.649075373888934654e-04 6.802639211269049103e-05
1.572500000000000000e+04 1.283475318226405260e-01 1.479730527041403856e-02 2.755134001623407258e-04 4.241855144599653834e-05
1.887000000000000000e+04 9.527209584388454666e-02 2.521124431603598628e-02 2.748615860049619455e-04 8.146763409958322289e-05
2.264400000000000000e+04 8.939678579589195595e-02 4.244229860230436767e-03 2.503960212044426675e-04 6.541766538729499995e-05
2.717300000000000000e+04 9.027871621263541813e-02 3.504922859571600689e-03 2.872896581833083449e-04 8.254749287534223184e-05
3.260800000000000000e+04 1.134736106492481855e-01 3.977633919462847389e-03 2.570993553694491990e-04 7.414395119456934256e-05
3.913000000000000000e+04 9.480297418682365196e-02 5.151351373032814207e-02 2.511719458647392457e-04 6.353740792624006713e-05
4.695600000000000000e+04 8.145302775139860729e-02 7.619331498056320165e-03 2.506610768901005194e-04 8.050752227644307479e-05
5.634700000000000000e+04 8.297405874481646182e-02 3.563264455280610449e-02 2.272150274092085416e-04 6.151067613223720634e-05
6.761700000000000000e+04 6.714715670694683392e-02 4.926972908134187590e-02 2.112237465917382953e-04 6.344281369024752551e-05
8.114000000000000000e+04 6.458056458048971882e-02 -2.605265574532824105e-02 2.250543694263175572e-04 9.358559464682133231e-05
9.736800000000000000e+04 8.233545257192648181e-02 1.132421896574747726e-02 2.339039965492626391e-04 7.895097004192315178e-05
1.168420000000000000e+05 1.309516923922683374e-01 -1.466546820354818273e-02 1.916547095591842004e-04 6.217718674871121939e-05
1.402100000000000000e+05 7.855845933518931790e-02 -3.203745825017901422e-02 1.682643127103287148e-04 5.156271829584169593e-05
1.682520000000000000e+05 6.947858042676678669e-02 -1.053272177997831597e-03 2.008423012855088154e-04 5.214622932583628677e-05
2.019030000000000000e+05 4.201651329791176309e-02 -4.977399828749129625e-03 2.018188280530956128e-04 9.390897780729136281e-05
2.422830000000000000e+05 4.882306309494389290e-02 -3.511982268429611476e-02 1.897708255936700014e-04 5.794455975406609600e-05
2.907400000000000000e+05 4.268840636161990582e-02 9.096928168028711389e-03 1.876374433517025652e-04 8.939091864259380779e-05
3.488880000000000000e+05 6.819259360054520658e-02 -9.307728268109598246e-03 2.047382855113574123e-04 7.851585375524502454e-05
4.186660000000000000e+05 3.820455889950449824e-02 -3.629015136851116569e-02 1.874483309093168733e-04 9.372834957920700687e-05
5.024000000000000000e+05 7.008529937261726017e-02 2.314882672858242438e-02 2.063373812002557010e-04 1.051733286666170519e-04
6.028800000000000000e+05 5.765177842300775457e-02 -5.211836749212986342e-02 2.080413591966337092e-04 7.911740552777765353e-05
7.234560000000000000e+05 3.958835174793632651e-03 1.289259577420428550e-02 1.471247064004837038e-04 7.105660701634480087e-05
8.681470000000000000e+05 5.243469728958452536e-02 4.242396040711426258e-03 1.448644375893509857e-04 6.659411278735071383e-05
1.041776000000000000e+06 2.856490353679217928e-02 -3.997451924727310479e-02 1.869688826125751242e-04 8.542964449669807362e-05
1.250132000000000000e+06 2.283712420416009886e-02 -3.631375640609264691e-04 1.665828085191111167e-04 6.446170742915489308e-05
1.500158000000000000e+06 4.633643663360691861e-02 -1.238835206303170317e-02 1.736275437992264433e-04 7.268092060965411732e-05
1.800190000000000000e+06 3.263219854335806889e-03 -6.532079880793290180e-04 1.323111125183394274e-04 5.808408061818730512e-05
2.160228000000000000e+06 4.572559527824283931e-02 -6.634384014508283578e-03 1.361046130440774805e-04 7.192438579187600929e-05
2.592274000000000000e+06 -1.770986432512326042e-02 2.117920142350172841e-02 1.310449761437624747e-04 8.408638581503133857e-05
3.110728000000000000e+06 1.945622989472334599e-02 8.337733174184496637e-03 1.238211881687610420e-04 6.753576277875921938e-05
3.732874000000000000e+06 2.196624649695496506e-02 -7.997508849221832139e-03 1.321514142274937253e-04 1.042711828558406359e-04
4.479449000000000000e+06 -1.773161539630252470e-03 2.061333538987491359e-02 9.479909403214251714e-05 1.011383195459231486e-04
5.375339000000000000e+06 7.776434833014948290e-03 1.016616158902364578e-02 1.211316222128328821e-04 9.171973866457658808e-05
6.450407000000000000e+06 2.373057490803850283e-02 -1.261495452279195843e-02 1.137032209316896964e-04 7.090610612954605758e-05
7.740489000000000000e+06 1.035412313723491594e-02 -1.496451234280646823e-02 1.230063671579213020e-04 6.479392700061345207e-05
9.288586000000000000e+06 4.394406814037647019e-02 2.211707303522955637e-02 1.260555718036914983e-04 6.635738479478632762e-05
1.114630400000000000e+07 -3.455185332688138350e-02 3.958267801999529323e-02 7.667165412737360331e-05 7.669494749352609648e-05
1.337556500000000000e+07 -1.587461685361788583e-02 5.830021125456894340e-03 9.564676550630118253e-05 9.445577225181203413e-05
1.605067800000000000e+07 -4.979498551549485074e-04 2.615274388501531710e-02 7.133363578095334556e-05 8.655242827914760026e-05
1.926081300000000000e+07 8.572242491173260800e-03 -1.233387620827479381e-02 8.868043400706877985e-05 7.728630985697199486e-05
2.311297600000000000e+07 -1.366247374817924388e-02 -4.949701877858971207e-03 1.015390417399892367e-04 8.508397833712951495e-05
2.773557200000000000e+07 2.648694624065899700e-03 -8.504896155180696055e-03 9.927416277840390014e-05 8.374887164554901790e-05
3.328268600000000000e+07 -6.780240275141148458e-03 2.520633635926201876e-02 6.965254874370645645e-05 9.182948187036003840e-05
3.993922300000000000e+07 -1.321541370845109864e-02 2.095147355178362050e-02 8.267022868626150293e-05 1.124068383968286541e-04
4.792706800000000000e+07 3.639683734921985575e-02 1.502429348364884903e-03 1.073071356980463269e-04 9.722125661710100532e-05
5.751248200000000000e+07 6.446816856342000093e-03 5.438607865945397496e-02 1.228391775204897571e-04 9.660981073084272592e-05
6.901497800000000000e+07 -1.295190204096222791e-02 9.513300939380882684e-03 8.085182420072442274e-05 1.081662414261201242e-04
