# Z3/Z3_L5_f0.7_h0.99_m1.0_J1.0_hz0.1_phiz0.0_hx0.0_phix0.0_ndis100.txt
# time	Re(Z)\Im(Z)	Var(Re(Z))	Var(Im(Z))
1.000000000000000000e+00 9.995613990161735796e-01 3.062012507320077891e-06 2.069153132066924926e-17 -3.237649566919102292e-30
1.000000000000000000e+00 9.995613990161735796e-01 3.062012507320077891e-06 2.069153132066924926e-17 -3.237649566919102292e-30
1.000000000000000000e+00 9.995613990161735796e-01 3.062012507320077891e-06 2.069153132066924926e-17 -3.237649566919102292e-30
1.000000000000000000e+00 9.995613990161735796e-01 3.062012507320077891e-06 2.069153132066924926e-17 -3.237649566919102292e-30
2.000000000000000000e+00 9.989870692350818482e-01 -4.586363187899955793e-06 1.830729106498660283e-10 2.493082375951272149e-10
2.000000000000000000e+00 9.989870692350818482e-01 -4.586363187899955793e-06 1.830729106498660283e-10 2.493082375951272149e-10
2.000000000000000000e+00 9.989870692350818482e-01 -4.586363187899955793e-06 1.830729106498660283e-10 2.493082375951272149e-10
3.000000000000000000e+00 9.981935896640772299e-01 -8.875286649820586594e-06 1.316717615590568290e-09 1.126141999775307572e-09
4.000000000000000000e+00 9.973404512377279652e-01 -2.415064307091952057e-05 6.126589352295063724e-09 3.705889659974601880e-09
5.000000000000000000e+00 9.961970176049592673e-01 -4.566765583555909325e-05 1.681628369931776056e-08 8.812971447790015834e-09
6.000000000000000000e+00 9.950086271800252513e-01 -4.257024752843492421e-05 3.261747110793298282e-08 1.872339694690633287e-08
7.000000000000000000e+00 9.931903604953298270e-01 -2.742862135176216227e-05 5.610145292700296799e-08 3.427726039330941259e-08
8.000000000000000000e+00 9.912788926902896813e-01 -8.339859967991813960e-05 8.605402804212591953e-08 5.788724719821605616e-08
1.000000000000000000e+01 9.875463535036642648e-01 -9.227052269371226949e-05 1.947147337488151801e-07 1.386077627025008333e-07
1.200000000000000000e+01 9.834243501683126443e-01 -1.503332490861326051e-04 3.910476062224021013e-07 2.778485729067404300e-07
1.500000000000000000e+01 9.762392170010086856e-01 -3.344184514331836498e-04 9.665987172595110868e-07 6.630637211470207340e-07
1.800000000000000000e+01 9.680316096506415002e-01 -6.291999013278080618e-04 2.140659968434452247e-06 1.342444861077262798e-06
2.200000000000000000e+01 9.542035829832700156e-01 -1.201901658416222813e-03 4.798824689203723913e-06 2.926169348442688026e-06
2.600000000000000000e+01 9.362155532160266747e-01 -1.831948045495876724e-03 8.837566624984090441e-06 5.514405422893045114e-06
3.100000000000000000e+01 9.104902086688962948e-01 -2.743150149913358392e-03 1.663305473914188762e-05 1.055879413636083724e-05
3.800000000000000000e+01 8.716460178602307707e-01 -5.072555250984550276e-03 3.487461928977202965e-05 2.171226386899048841e-05
4.600000000000000000e+01 8.231056725578248523e-01 -9.123632748920902300e-03 6.701933238164375028e-05 4.108359817553438697e-05
5.500000000000000000e+01 7.613352544554733425e-01 -1.425975599474130738e-02 1.143436512314019611e-04 7.090732938733450980e-05
6.600000000000000000e+01 6.890245402884618287e-01 -2.353764047484408622e-02 1.882520770503652737e-04 1.151657226679947947e-04
7.900000000000000000e+01 6.078833054457798424e-01 -3.477546309325134366e-02 2.784403729580523781e-04 1.690126084862199481e-04
9.500000000000000000e+01 5.292600020658552173e-01 -4.869896534946523137e-02 3.739821280231664749e-04 2.197509179634832505e-04
1.140000000000000000e+02 4.707988071218730530e-01 -5.993249018747248691e-02 4.433688521347578038e-04 2.436798296879963215e-04
1.370000000000000000e+02 4.447508741112466968e-01 -6.344736640712675402e-02 4.725345685983183171e-04 2.334462398237620870e-04
1.640000000000000000e+02 4.489076709949733623e-01 -5.720839756938747578e-02 4.652298590707233043e-04 2.096637664675963565e-04
1.970000000000000000e+02 4.603295414079189296e-01 -4.146429170838310946e-02 4.551993646429925485e-04 2.011710331960557020e-04
2.370000000000000000e+02 4.563916748284415070e-01 -2.436108272572829955e-02 5.062999623363711663e-04 2.083427495865826156e-04
2.840000000000000000e+02 4.392637612508527023e-01 -2.731980259068344380e-02 5.029678674107458756e-04 1.742064325270670244e-04
3.410000000000000000e+02 4.248477052548251809e-01 -3.774790134782946005e-02 4.704126812974029014e-04 1.875600618149257637e-04
4.100000000000000000e+02 4.464203959009955813e-01 -2.496873869605830548e-02 4.760517176374712712e-04 1.556685261910590689e-04
4.920000000000000000e+02 5.196683564349423579e-01 -2.357788911700873027e-02 4.118012592340525150e-04 1.100497203347359002e-04
5.900000000000000000e+02 4.742462859415673138e-01 -1.423629023750995481e-02 3.985174737317408265e-04 1.280130853867826146e-04
7.080000000000000000e+02 4.567338875679392007e-01 -3.741315139512130933e-02 4.336520132380616626e-04 1.546272779937219366e-04
8.500000000000000000e+02 4.463454432588288001e-01 -3.103160829060050765e-02 4.071309822398989681e-04 1.448363460874623387e-04
1.020000000000000000e+03 4.999962746958957482e-01 -2.417162180317002432e-02 3.600300681505814310e-04 1.098772442317066955e-04
1.224000000000000000e+03 4.314134473457652552e-01 -4.308202696542840632e-02 3.905112021797570556e-04 1.510470678270576833e-04
1.469000000000000000e+03 4.643984232572132553e-01 -2.014661088705248237e-02 3.801730369254093249e-04 1.015277342575223970e-04
1.763000000000000000e+03 4.070799320676954935e-01 -4.019927560358543817e-02 3.389140626660427122e-04 1.321553246638832997e-04
2.116000000000000000e+03 4.394139974257476045e-01 -2.118414135830403930e-02 3.487735245923361807e-04 9.835404002435375913e-05
2.539000000000000000e+03 3.856533151424489381e-01 -2.404872041029922428e-02 3.190393059204354878e-04 1.000822070437252988e-04
3.047000000000000000e+03 3.899785129499565017e-01 -3.973504107901094234e-02 3.247909044720915551e-04 9.454870818144714938e-05
3.657000000000000000e+03 3.907481434961384559e-01 -2.382841718458422742e-02 2.968664685973631287e-04 6.989792248666486750e-05
4.388000000000000000e+03 3.325675669024901748e-01 -2.352644626163997651e-02 2.922909347227676743e-04 8.052585115047131723e-05
5.266000000000000000e+03 3.506098295081848115e-01 -1.941434651646278473e-02 2.646424019894719746e-04 5.658777978583736783e-05
6.319000000000000000e+03 3.340046763396073981e-01 -2.640944803264722029e-02 2.718315780659639048e-04 5.495040012406123112e-05
7.583000000000000000e+03 3.111990792856765831e-01 -1.955174250625305379e-02 2.557997517630979751e-04 4.621567463451734870e-05
9.100000000000000000e+03 2.560766772365740684e-01 -2.259571597074397017e-02 2.645234734689478197e-04 5.203918686592249666e-05
1.092000000000000000e+04 2.158689276540246282e-01 -1.695732691780350854e-02 2.644388180518950819e-04 6.133053326152490070e-05
1.310400000000000000e+04 2.335554399476622300e-01 -2.135085812110430054e-02 2.452714874921370749e-04 4.611941298784000840e-05
1.572500000000000000e+04 2.019832696752565104e-01 -2.025329610549591805e-02 2.539476021397919932e-04 4.261352890337346346e-05
1.887000000000000000e+04 1.746386092068382689e-01 -1.513058687574518960e-02 2.478814513117320525e-04 3.991921478684928501e-05
2.264400000000000000e+04 1.603557265561003919e-01 -3.455929924199986885e-03 2.554448393405896688e-04 4.490189998568672663e-05
2.717300000000000000e+04 1.476107467774550319e-01 -1.427039253364013188e-02 2.380049043761695406e-04 5.686714623073783507e-05
3.260800000000000000e+04 1.377991764052422519e-01 -1.988843368741858089e-02 2.393262048394976236e-04 4.939774553708577653e-05
3.913000000000000000e+04 1.395729766354928403e-01 -1.987322223165216561e-02 2.406881589800132328e-04 4.818015579352384327e-05
4.695600000000000000e+04 1.457296432133296793e-01 -1.284091201467653723e-02 2.340679401945645031e-04 5.218041403448890917e-05
5.634700000000000000e+04 1.299040104093966141e-01 -2.075077348822708737e-02 1.933883992929802571e-04 4.827729073151702528e-05
6.761700000000000000e+04 1.268731750531415237e-01 -3.012143995647723060e-02 1.889067099713239155e-04 5.166951303413592188e-05
8.114000000000000000e+04 9.837414562878162017e-02 -1.100422361202412977e-02 1.724697908473430893e-04 6.288133375054688970e-05
9.736800000000000000e+04 8.892268303521257133e-02 2.183803170264587371e-03 1.593157265387093100e-04 5.752941876012459643e-05
1.168420000000000000e+05 6.094400387474998432e-02 1.889692036928657115e-02 1.667559341460827919e-04 5.744553327256968764e-05
1.402100000000000000e+05 5.930869432173969252e-02 2.884608080971719918e-02 1.441121483898099665e-04 5.022290802068340456e-05
1.682520000000000000e+05 5.711707844664674905e-02 1.035694909999254100e-02 1.277846086313957246e-04 5.176953683832978342e-05
2.019030000000000000e+05 3.707371842002634560e-02 6.531905784819974810e-03 1.086673248948653869e-04 6.361919425737086540e-05
2.422830000000000000e+05 3.519109600426254675e-02 1.629187746513513155e-02 1.188891194227202408e-04 6.324708645918201695e-05
2.907400000000000000e+05 -2.219871571286014152e-03 -5.559075693581292353e-04 1.154216990783836738e-04 7.407463791042821180e-05
3.488880000000000000e+05 2.655065133848660743e-03 1.236258783282306178e-02 1.148066565427748698e-04 5.294457700153108829e-05
4.186660000000000000e+05 3.112697225092063771e-02 -4.408167890975286246e-02 1.127647875102660570e-04 5.320126698542411957e-05
5.024000000000000000e+05 3.390398023186514537e-02 -1.019990242990613180e-02 1.129383624659923422e-04 7.389872945568361749e-05
6.028800000000000000e+05 1.729306038761828368e-02 -2.848173574974367447e-02 9.926374711285506313e-05 5.928238202486624887e-05
7.234560000000000000e+05 2.937924111312038497e-02 1.715038057573111882e-02 8.104538094218596573e-05 4.362333474992704976e-05
8.681470000000000000e+05 3.596380301198605356e-02 1.629342803247091007e-02 9.167998757606283925e-05 4.940814888864973945e-05
1.041776000000000000e+06 2.835312409272473799e-02 1.130532211583586133e-02 8.560815752060369540e-05 4.550250180531464629e-05
1.250132000000000000e+06 2.544926233137640575e-02 1.509482353645443149e-02 7.954239055656067584e-05 5.370749963819548768e-05
1.500158000000000000e+06 1.917428878274466926e-03 -2.700403006081686461e-03 7.775337876103945850e-05 6.642224177061185387e-05
1.800190000000000000e+06 7.313498600344605499e-03 4.970676990729843044e-03 8.256318105069720948e-05 5.811019947860700388e-05
2.160228000000000000e+06 1.132117292109792797e-02 1.101204671165589323e-02 8.324144176189039930e-05 5.147582397911930124e-05
2.592274000000000000e+06 1.433870095681987269e-02 -1.096589667738060228e-02 7.655426404586743183e-05 3.673024438055846229e-05
3.110728000000000000e+06 2.441121784448883197e-02 -4.660076291029107039e-03 7.511662905393622330e-05 5.478170501364166688e-05
3.732874000000000000e+06 -7.726536922083622125e-03 -1.572539422948907722e-02 6.816861557603201744e-05 4.485529129487892097e-05
4.479449000000000000e+06 -4.559837638123275319e-03 5.562782363860721774e-04 7.125041124354611767e-05 4.991935737697045212e-05
5.375339000000000000e+06 1.350272117218940388e-02 9.949335778538811667e-03 7.241526395707016716e-05 5.115843918621273414e-05
6.450407000000000000e+06 4.442303017012454169e-02 -1.782603629487221689e-02 8.666641184111981459e-05 4.474680453122634280e-05
7.740489000000000000e+06 1.276809055758771662e-02 1.163929010019417939e-02 6.998190162045623934e-05 5.735116329411940362e-05
9.288586000000000000e+06 1.912264998680503550e-02 -6.779261464165689359e-03 7.495023589380964569e-05 4.669930440141265373e-05
1.114630400000000000e+07 8.643064996414293738e-03 -6.763298409455733261e-03 5.330932285764812832e-05 4.718123260449909887e-05
1.337556500000000000e+07 -8.758335556139511952e-03 -1.378542920515807464e-02 6.228031228352356422e-05 5.662069185672719891e-05
1.605067800000000000e+07 -1.541095166704977868e-03 -2.646167546800257467e-03 6.343127151772022304e-05 6.128991355281298984e-05
1.926081300000000000e+07 -7.073761442898660046e-03 2.066701053193340139e-03 4.420709792091699944e-05 5.346886447159998666e-05
2.311297600000000000e+07 -2.729252807086716970e-02 -2.103861957662880172e-02 6.556639358034633527e-05 7.394244584543506547e-05
2.773557200000000000e+07 -2.219054014950934059e-02 1.735369318849926340e-03 5.963556426377525881e-05 5.994800337675775876e-05
3.328268600000000000e+07 1.462527203290956909e-03 1.243215734726634165e-02 4.197578325521450222e-05 5.943182576285793424e-05
3.993922300000000000e+07 -7.475202258557264810e-04 -1.113671047340119777e-02 8.055273702285722470e-05 7.065172948087782858e-05
4.792706800000000000e+07 1.000993841289637282e-02 1.679812192066645893e-02 5.636025527918621326e-05 5.272193775506011293e-05
5.751248200000000000e+07 -2.695015952116406807e-02 5.935795071011292987e-03 5.389369602295457704e-05 6.796585206770254517e-05
6.901497800000000000e+07 1.500052717497549030e-02 2.308443559407189274e-02 5.498636076938367837e-05 7.673384454206087671e-05
