# Z3/Z3_L6_f1.0_h0.99_m1.0_J1.0_hz0.1_phiz0.0_hx0.0_phix0.0_ndis100.txt
# time	Re(Z)\Im(Z)	Var(Re(Z))	Var(Im(Z))
1.000000000000000000e+00 9.995613990161839046e-01 3.062012505712641444e-06 -5.931074588982472512e-18 2.157712365799842705e-29
1.000000000000000000e+00 9.995613990161839046e-01 3.062012505712641444e-06 -5.931074588982472512e-18 2.157712365799842705e-29
1.000000000000000000e+00 9.995613990161839046e-01 3.062012505712641444e-06 -5.931074588982472512e-18 2.157712365799842705e-29
1.000000000000000000e+00 9.995613990161839046e-01 3.062012505712641444e-06 -5.931074588982472512e-18 2.157712365799842705e-29
2.000000000000000000e+00 9.985318922059425173e-01 -6.048774722878606103e-06 1.027528577898056670e-10 2.109124846500469779e-11
2.000000000000000000e+00 9.985318922059425173e-01 -6.048774722878606103e-06 1.027528577898056670e-10 2.109124846500469779e-11
2.000000000000000000e+00 9.985318922059425173e-01 -6.048774722878606103e-06 1.027528577898056670e-10 2.109124846500469779e-11
3.000000000000000000e+00 9.973451750829867013e-01 4.795297191746486216e-05 1.514052803182890931e-09 2.894900906192328224e-10
4.000000000000000000e+00 9.959437031891102965e-01 9.694596089984177918e-05 5.998864618554466319e-09 1.471770687608800087e-09
5.000000000000000000e+00 9.945076536419279467e-01 7.794896850854215694e-05 1.442822645091247992e-08 3.820450308596099874e-09
6.000000000000000000e+00 9.932342626451787782e-01 1.869663368799382775e-04 2.502181165362471306e-08 6.807416202174681487e-09
7.000000000000000000e+00 9.914783224142863505e-01 3.432255462019450092e-04 4.535545423189086393e-08 1.236803918791703652e-08
8.000000000000000000e+00 9.902697302361644915e-01 2.661382931899644588e-04 6.499795216465397560e-08 1.781034550715095451e-08
1.000000000000000000e+01 9.881682157848079573e-01 6.088863024854440252e-04 8.560839268104252165e-08 2.406594633817799474e-08
1.200000000000000000e+01 9.882235085673729547e-01 6.103974035135946528e-04 7.118899564627466225e-08 2.036927970672990517e-08
1.500000000000000000e+01 9.917267040722045346e-01 5.180890946623913215e-04 4.313520236231567007e-08 1.287045145827259153e-08
1.800000000000000000e+01 9.957540057509653986e-01 2.933563030499678121e-04 6.839413203472363020e-09 2.073718858841034389e-09
2.200000000000000000e+01 9.989083558754285885e-01 3.333746179178735496e-05 4.769511285640052134e-10 9.338966550133388455e-11
2.600000000000000000e+01 9.954620651748740112e-01 3.826320180889279166e-04 6.271823373022150978e-09 1.884961484189400192e-09
3.100000000000000000e+01 9.893094970401286048e-01 1.395434230964732016e-03 6.723902045793914204e-08 2.461363407458004700e-08
3.800000000000000000e+01 9.919309763096759713e-01 9.477226664491156380e-04 2.839371340735642553e-08 1.114662767644108479e-08
4.600000000000000000e+01 9.961793447081653818e-01 2.622659330168889791e-04 6.853447493803972784e-09 1.750894036388489477e-09
5.500000000000000000e+01 9.887912749177429905e-01 2.212631351832018874e-03 5.113209061166648584e-08 2.978171169076017817e-08
6.600000000000000000e+01 9.938317315373388361e-01 4.667727896553362462e-04 1.891743505732141246e-08 5.189016307546815814e-09
7.900000000000000000e+01 9.892439712960977571e-01 2.408129356040777762e-03 2.590457892414817061e-08 2.047354664186301155e-08
9.500000000000000000e+01 9.899655864070600053e-01 1.953561322324558463e-03 1.989443420223518307e-08 1.156647631932136624e-08
1.140000000000000000e+02 9.894652098211402791e-01 1.558787983400938652e-03 2.994354519817690115e-08 1.027974317132848160e-08
1.370000000000000000e+02 9.885673999819960533e-01 1.789822992255422516e-03 2.828045884970446224e-08 1.068610100878988883e-08
1.640000000000000000e+02 9.890851866084020561e-01 1.843854493110013565e-03 4.000465261133382195e-08 1.324859142018559303e-08
1.970000000000000000e+02 9.880365150185170808e-01 1.543618873374910444e-03 3.088460184758882270e-08 1.805756276817966372e-08
2.370000000000000000e+02 9.887430487797275180e-01 1.009497519659534196e-03 2.426797093367198989e-08 1.202936555878864804e-08
2.840000000000000000e+02 9.890107529376268580e-01 6.510526798069148080e-04 3.099738460957203122e-08 1.089468495769512453e-08
3.410000000000000000e+02 9.870737364550873361e-01 3.082435351079656789e-04 4.043050170688641906e-08 2.115814615751949797e-08
4.100000000000000000e+02 9.883788522905639917e-01 2.283096690185323040e-04 2.939300928638234912e-08 1.256331825201038582e-08
4.920000000000000000e+02 9.886785621427772730e-01 1.818977368677399315e-04 4.397793453054217415e-08 1.595720183104817799e-08
5.900000000000000000e+02 9.890667235079039221e-01 1.582432498423364041e-04 2.903305679953368277e-08 1.084454133892853893e-08
7.080000000000000000e+02 9.892515163144685042e-01 -2.829831890012939288e-05 2.597914471156403992e-08 9.155953645291721383e-09
8.500000000000000000e+02 9.885223468082486864e-01 1.303096641470894855e-04 2.321484939341131590e-08 1.194175843382369425e-08
1.020000000000000000e+03 9.884183742750277668e-01 1.956385567666693568e-06 3.198400101732425309e-08 1.392190512657087270e-08
1.224000000000000000e+03 9.887425221001060471e-01 3.715238074602066759e-04 3.346679290214941856e-08 1.211549061124745157e-08
1.469000000000000000e+03 9.893585004479377165e-01 3.690863736918265840e-04 3.670917424775591010e-08 9.337706646558783662e-09
1.763000000000000000e+03 9.882557441609536308e-01 -1.022595184013591640e-04 2.939061018450432939e-08 1.059949867457399955e-08
2.116000000000000000e+03 9.888274634109147643e-01 3.011814720774829281e-04 3.678045296635393685e-08 1.070246253378298002e-08
2.539000000000000000e+03 9.878478745348729939e-01 -2.443734609693362560e-04 2.760463325054820675e-08 1.099809690672829345e-08
3.047000000000000000e+03 9.882835127035080047e-01 1.411577249908490292e-04 3.635492171134283672e-08 9.416256128623339681e-09
3.657000000000000000e+03 9.881790851653650121e-01 2.236199970871575443e-05 3.101460252484957511e-08 9.510806918697914411e-09
4.388000000000000000e+03 9.877460122793075836e-01 2.264245737456394036e-04 3.051681800451257741e-08 8.082314840357285396e-09
5.266000000000000000e+03 9.874903970518640328e-01 2.753424358116320428e-04 3.420570088221241497e-08 8.317809249788190491e-09
6.319000000000000000e+03 9.877520885097258452e-01 1.222004835030994984e-04 3.577746080846721067e-08 8.189038845758697302e-09
7.583000000000000000e+03 9.871715261649417483e-01 -3.196929433070280042e-05 3.368041282968394578e-08 8.283862848592146921e-09
9.100000000000000000e+03 9.869241157656957197e-01 -4.339958625843437230e-05 3.652903018059114207e-08 7.067401432433728087e-09
1.092000000000000000e+04 9.868326563933312867e-01 -1.939321775057897292e-04 2.921871502066216132e-08 7.123710912893117258e-09
1.310400000000000000e+04 9.868350090858846180e-01 -5.903131281622834908e-05 4.013184166843140214e-08 6.887739460336920292e-09
1.572500000000000000e+04 9.859480038793748680e-01 -1.155123149283907941e-04 3.613584605519226053e-08 7.659137470543220036e-09
1.887000000000000000e+04 9.860203674949946651e-01 2.966731030250546438e-05 3.423893930850680011e-08 7.258916704849909419e-09
2.264400000000000000e+04 9.858709001677711248e-01 1.201446081555766998e-04 3.501458970013158403e-08 6.724104031908277482e-09
2.717300000000000000e+04 9.858541079862436218e-01 5.922323059679027786e-05 3.430885931577922079e-08 5.565958534975467754e-09
3.260800000000000000e+04 9.856159096980642298e-01 3.688626112208782384e-04 3.212432393755263597e-08 6.774251069179988004e-09
3.913000000000000000e+04 9.852130352248719136e-01 2.958548130809268771e-04 3.448258321192702920e-08 5.933375459127689735e-09
4.695600000000000000e+04 9.857492593722666507e-01 2.218647978232149930e-04 3.401280943037504852e-08 5.638044468045392437e-09
5.634700000000000000e+04 9.853332161898213926e-01 2.539815338023844221e-04 3.448404818308754305e-08 6.266327259667068495e-09
6.761700000000000000e+04 9.853238815218267055e-01 1.195613916559946260e-04 3.387126017966450538e-08 5.398646133275100962e-09
8.114000000000000000e+04 9.850145743186038416e-01 1.212568217354757316e-04 3.152775564770035370e-08 8.088079552142557342e-09
9.736800000000000000e+04 9.850880782670926594e-01 9.328381997189854789e-05 3.421523355217280146e-08 5.609253008916453171e-09
1.168420000000000000e+05 9.846773951596397012e-01 1.817544143193961827e-04 3.675898218330966850e-08 6.136398162108296127e-09
1.402100000000000000e+05 9.845827002661593497e-01 5.405284089531457199e-05 3.348121111983578443e-08 6.635849593695081998e-09
1.682520000000000000e+05 9.847056213501328426e-01 1.599741854185783693e-04 3.167675905163953466e-08 5.606183458595589055e-09
2.019030000000000000e+05 9.847195812858461350e-01 -4.126739348475738414e-06 3.395465966249530117e-08 5.272981653754175994e-09
2.422830000000000000e+05 9.846188477056290189e-01 -1.890847358166856929e-04 4.067199997419861063e-08 6.038516199169002753e-09
2.907400000000000000e+05 9.844432218101661913e-01 -1.587199101825809185e-05 4.519698608918340402e-08 5.203823742082793674e-09
3.488880000000000000e+05 9.843865854188700304e-01 -2.284781666892465022e-04 4.074688642979578454e-08 5.150256983158179866e-09
4.186660000000000000e+05 9.836034365199161078e-01 -2.256084965856044230e-05 5.478428429770751100e-08 6.346332153212136092e-09
5.024000000000000000e+05 9.835077085225949478e-01 2.023849351237008644e-04 7.087087672812564153e-08 5.776605965863491449e-09
6.028800000000000000e+05 9.829264537897618448e-01 1.748602673517285746e-05 1.076764207605992228e-07 4.435725721519481056e-09
7.234560000000000000e+05 9.814891751333699732e-01 -7.833406318109501203e-05 1.775345559762961390e-07 5.303555824852241708e-09
8.681470000000000000e+05 9.799535436546129574e-01 7.552882630547282919e-05 3.258950571695972671e-07 5.837551340647285520e-09
1.041776000000000000e+06 9.780059896698427568e-01 -3.548983312741692589e-04 5.531379008941559254e-07 5.906504776101968457e-09
1.250132000000000000e+06 9.750293959967618607e-01 2.739648031630010803e-04 1.108859345281159985e-06 7.247981143677115338e-09
1.500158000000000000e+06 9.708374105491291983e-01 1.443340691906462993e-04 2.097217016003771742e-06 9.510070404980073699e-09
1.800190000000000000e+06 9.649990897078101204e-01 5.196416476387059500e-04 3.986993645291226692e-06 1.671760001923588274e-08
2.160228000000000000e+06 9.567344548208285282e-01 9.449355728013995653e-04 7.589180028237095622e-06 3.647380140976577285e-08
2.592274000000000000e+06 9.448217871221151754e-01 1.535347376155464473e-03 1.401652154326240856e-05 8.661050418461028277e-08
3.110728000000000000e+06 9.292303269838330104e-01 2.624760088813646829e-03 2.490410755792774112e-05 1.866123784752706351e-07
3.732874000000000000e+06 9.089075694466449695e-01 3.707585217767220276e-03 4.173022317320786184e-05 4.289252566536959961e-07
4.479449000000000000e+06 8.820197043799392622e-01 5.538659632395587749e-03 6.518248161286665317e-05 8.125110661007818495e-07
5.375339000000000000e+06 8.487422703926822409e-01 7.774208506364371774e-03 9.525133957976494219e-05 1.286732235685592957e-06
6.450407000000000000e+06 8.089106163005105321e-01 1.109358931100403421e-02 1.323346455031987009e-04 1.674576978083885643e-06
7.740489000000000000e+06 7.634366385340567440e-01 1.455539513403592174e-02 1.820824431677801924e-04 2.091725211052188131e-06
9.288586000000000000e+06 7.117640049223344922e-01 1.864993968856743303e-02 2.329020761557803857e-04 3.447081433164618614e-06
1.114630400000000000e+07 6.554816259534752554e-01 2.456086856193213236e-02 2.491042063520833619e-04 4.807008900212908914e-06
1.337556500000000000e+07 6.036126317948790065e-01 3.190823063488417571e-02 2.372770399138084357e-04 7.826033264642435184e-06
1.605067800000000000e+07 5.682276831756333246e-01 3.226938004547073163e-02 2.453541744668354379e-04 6.796473321435874850e-06
1.926081300000000000e+07 5.245616451790002799e-01 2.782623357777893117e-02 3.038189134296705759e-04 3.820342812696277552e-06
2.311297600000000000e+07 4.138861740776095810e-01 5.089325104283092677e-02 3.008665972363893607e-04 1.159011781398104323e-05
2.773557200000000000e+07 2.992127529857258605e-01 7.699494682288583747e-02 3.116187834925929581e-04 2.131998935821227212e-05
3.328268600000000000e+07 2.880746310570140301e-01 8.916320302181693358e-02 3.136456892500920964e-04 3.163975413312164519e-05
3.993922300000000000e+07 3.259355718735550966e-01 5.544548678044815965e-02 2.991694648412657480e-04 1.495985058917219156e-05
4.792706800000000000e+07 1.830351969834904113e-01 1.195249451893861392e-01 3.078438823288827267e-04 5.372619950968010529e-05
5.751248200000000000e+07 1.934196250076543333e-01 9.295795685221043547e-02 2.973450464253386914e-04 3.569469059755992635e-05
6.901497800000000000e+07 1.602701980394673209e-01 1.284045461024068968e-01 4.356534170178951349e-04 6.547942918300062249e-05
