# Z3/Z3_L3_f0.7_h0.99_m1.0_J1.0_hz0.1_phiz0.0_hx0.0_phix0.0_ndis100.txt
# time	Re(Z)\Im(Z)	Var(Re(Z))	Var(Im(Z))
1.000000000000000000e+00 9.977097339690579325e-01 3.217046843306259222e-06 1.318175765486580147e-07 3.372681560798171751e-11
1.000000000000000000e+00 9.977097339690579325e-01 3.217046843306259222e-06 1.318175765486580147e-07 3.372681560798171751e-11
1.000000000000000000e+00 9.977097339690579325e-01 3.217046843306259222e-06 1.318175765486580147e-07 3.372681560798171751e-11
1.000000000000000000e+00 9.977097339690579325e-01 3.217046843306259222e-06 1.318175765486580147e-07 3.372681560798171751e-11
2.000000000000000000e+00 9.970411223428737868e-01 -2.278597948888799664e-04 1.346981593655287575e-07 2.742405442552122883e-10
2.000000000000000000e+00 9.970411223428737868e-01 -2.278597948888799664e-04 1.346981593655287575e-07 2.742405442552122883e-10
2.000000000000000000e+00 9.970411223428737868e-01 -2.278597948888799664e-04 1.346981593655287575e-07 2.742405442552122883e-10
3.000000000000000000e+00 9.962038196182673166e-01 -4.737973683595706875e-04 1.423453670542443635e-07 1.098539814963246831e-09
4.000000000000000000e+00 9.953121304293667260e-01 -7.291001771187392670e-04 1.645569626029499779e-07 4.155828562390838077e-09
5.000000000000000000e+00 9.941595429044493004e-01 -1.003294701972895888e-03 2.012653333377319012e-07 1.084687038006368942e-08
6.000000000000000000e+00 9.928711869523660916e-01 -1.596098302767754015e-03 2.510291914942397762e-07 2.141326913817733267e-08
7.000000000000000000e+00 9.909487121651316954e-01 -2.312233655662476479e-03 3.159595696148554492e-07 3.667989582509344182e-08
8.000000000000000000e+00 9.888034111240100454e-01 -3.196660805762740424e-03 4.026081017750448580e-07 5.770370304118453493e-08
1.000000000000000000e+01 9.846094582002670181e-01 -5.210310416099037285e-03 6.907174456853158055e-07 1.308952455864181913e-07
1.200000000000000000e+01 9.797430087518049779e-01 -7.733620431194028477e-03 1.154888902446127728e-06 2.576392097041059962e-07
1.500000000000000000e+01 9.710544216644655391e-01 -1.324965694056939002e-02 2.241444903101912658e-06 5.832496846848400114e-07
1.800000000000000000e+01 9.611245046971127470e-01 -1.938575839351416169e-02 4.253818911821067500e-06 1.217923077401812930e-06
2.200000000000000000e+01 9.446567582302304311e-01 -2.912575218190928059e-02 8.705176345669179061e-06 2.634766853679278595e-06
2.600000000000000000e+01 9.239183109747356459e-01 -3.925820088940989300e-02 1.588813478236062062e-05 4.845981940908035396e-06
3.100000000000000000e+01 8.943755607451580047e-01 -5.276005023222992557e-02 3.000023554576063814e-05 9.143845374906494738e-06
3.800000000000000000e+01 8.488435397735666355e-01 -7.438503584627849385e-02 6.038836748900043062e-05 1.874565834615296085e-05
4.600000000000000000e+01 7.916513774838485062e-01 -9.929686389401946867e-02 1.128720042073838033e-04 3.559719592342361474e-05
5.500000000000000000e+01 7.194708298287710857e-01 -1.221577137011845143e-01 1.927385671799501654e-04 6.093511621260669532e-05
6.600000000000000000e+01 6.333070248677294956e-01 -1.440749438572598573e-01 3.112780014688636154e-04 1.024162132296247698e-04
7.900000000000000000e+01 5.348057174016013215e-01 -1.519254539443309626e-01 4.631834702733958952e-04 1.610261674832174392e-04
9.500000000000000000e+01 4.333628184329708644e-01 -1.405262378345322749e-01 6.374877401035403601e-04 2.424133053675103019e-04
1.140000000000000000e+02 3.459035224991840463e-01 -1.066600932775781524e-01 8.093474530521906811e-04 3.318515600750907750e-04
1.370000000000000000e+02 2.854198171195009293e-01 -6.532636419652645965e-02 9.469034107190946094e-04 3.907250177215220279e-04
1.640000000000000000e+02 2.646372321353234192e-01 -4.483714927883560714e-02 9.387626191947381210e-04 3.414168828278961671e-04
1.970000000000000000e+02 3.006646586850154068e-01 -4.926685961352850890e-02 8.057470543740008484e-04 1.572690098606478357e-04
2.370000000000000000e+02 4.280220603422101866e-01 -4.679781216400281246e-02 7.910742172428080615e-04 4.491352842396147029e-05
2.840000000000000000e+02 5.868814217711449954e-01 -1.117326311653080682e-02 7.308138634177779999e-04 6.257625502452590280e-05
3.410000000000000000e+02 4.967418363310664997e-01 -4.852838921817741874e-02 7.424254505031958450e-04 1.654842737309491520e-04
4.100000000000000000e+02 2.770641078968179016e-01 -7.362096984665350563e-02 8.516142406656572114e-04 2.751387999979797746e-04
4.920000000000000000e+02 4.517333869089494303e-01 -7.005808171318844702e-02 5.512128289715776145e-04 1.079060033953607137e-04
5.900000000000000000e+02 6.582033529233218827e-01 -2.732995136650598691e-02 2.560804432494739641e-04 7.467835927677157401e-05
7.080000000000000000e+02 2.790123838816397361e-01 -4.036230512855670804e-02 7.542733911017439471e-04 1.638227150346210491e-04
8.500000000000000000e+02 4.003000618734314231e-01 -7.376923804081174374e-02 6.580347787931544725e-04 8.363973030942795279e-05
1.020000000000000000e+03 3.592293595088220659e-01 5.113743977028021442e-03 7.002578602860138951e-04 8.223551817779396885e-05
1.224000000000000000e+03 4.456841249389894011e-01 -2.687533508400880011e-02 6.921688942743165493e-04 1.950948560576533256e-04
1.469000000000000000e+03 3.548682155149356365e-01 -1.409243449801216852e-01 5.908366571450391963e-04 1.419969593527310725e-04
1.763000000000000000e+03 3.058224960440474871e-01 -7.262718607951201832e-02 5.681883638586009795e-04 1.211432548001112423e-04
2.116000000000000000e+03 5.210224720654262898e-01 1.140548524014539308e-02 4.968958540506731919e-04 5.811086044094504065e-05
2.539000000000000000e+03 1.701357619209464267e-01 1.071989626108504033e-02 7.326805915976987655e-04 1.715535693182739635e-04
3.047000000000000000e+03 3.004655257660022727e-01 -2.551566183188459791e-02 6.554477042518614457e-04 1.995276729995149381e-04
3.657000000000000000e+03 4.416668629326795936e-01 5.783791235193181703e-03 5.081585547249289512e-04 4.920537565630340771e-05
4.388000000000000000e+03 1.909019468979326895e-01 -9.852402055319176011e-03 6.618164981821630238e-04 1.195721497791496675e-04
5.266000000000000000e+03 2.949718510136293270e-01 5.271078727617750995e-03 7.410466192164004645e-04 9.926262701118833062e-05
6.319000000000000000e+03 4.394845656189244054e-01 -7.176222392931581873e-02 5.750979065018281371e-04 7.120724812060191594e-05
7.583000000000000000e+03 3.537833684986817495e-01 -5.969345616916661018e-03 5.163024429531603210e-04 7.080933835266745014e-05
9.100000000000000000e+03 1.899865099641949162e-01 1.747581174030124734e-03 5.782724034296744418e-04 1.594335441297552538e-04
1.092000000000000000e+04 2.902010100321647523e-01 3.263269915928466818e-03 6.545806026954877933e-04 1.352713391826947207e-04
1.310400000000000000e+04 2.650891151265559742e-01 3.575977335313328120e-02 6.069589748903802271e-04 1.261942220493929431e-04
1.572500000000000000e+04 2.612671025478924269e-01 -7.896075982034055085e-02 5.440355958034306851e-04 4.615520141406385452e-05
1.887000000000000000e+04 1.885183597197480909e-01 -4.422725811209320384e-04 5.852301122897152381e-04 1.171799756418070873e-04
2.264400000000000000e+04 1.462703757094368229e-01 -9.483529730765033472e-02 4.953123574401164901e-04 1.077807720016276245e-04
2.717300000000000000e+04 7.091981102027283823e-02 -1.074344559876332927e-01 5.572215863600249843e-04 1.109485416212491481e-04
3.260800000000000000e+04 5.101518733559756019e-02 -7.552490818147526708e-02 5.459000993026554959e-04 1.138631837131716325e-04
3.913000000000000000e+04 2.061791029712103651e-01 1.587903120832702408e-02 4.963321976300601483e-04 1.121351314232367372e-04
4.695600000000000000e+04 2.203070827378196817e-01 -4.158796157623199929e-02 4.090980442000000973e-04 1.212648535886644150e-04
5.634700000000000000e+04 1.181935878359828967e-01 -4.334636584915446678e-02 4.292727413076117778e-04 1.043640191764640113e-04
6.761700000000000000e+04 6.270218429474282151e-02 -4.116255881388091939e-03 4.044134874609744230e-04 2.433143337549074816e-04
8.114000000000000000e+04 3.082381320303062208e-02 -1.030733657500603473e-01 4.206519838709876866e-04 1.763050440368106294e-04
9.736800000000000000e+04 9.724267901398660555e-03 -3.118666528827060067e-02 4.322510767306941512e-04 1.767818986811412092e-04
1.168420000000000000e+05 1.231409019466813901e-02 -2.026260496533316760e-02 3.647410391258420754e-04 1.621401448817872749e-04
1.402100000000000000e+05 1.778518313481847538e-02 -3.634012693202534616e-02 3.258295809583458026e-04 1.489720291958380582e-04
1.682520000000000000e+05 8.928917750013901089e-02 -2.968484880830478748e-02 3.039767218528192905e-04 8.480020827973186871e-05
2.019030000000000000e+05 1.015226462170047694e-01 1.055224697139013450e-02 3.101115532360076911e-04 1.228782865368828014e-04
2.422830000000000000e+05 5.019159324788214499e-02 7.675107818933663006e-02 2.277790671545483633e-04 1.936748681981334650e-04
2.907400000000000000e+05 7.488578097326201166e-02 -6.037222986358661836e-02 2.012712823535168334e-04 1.503984544534025278e-04
3.488880000000000000e+05 5.658479931534601826e-02 -3.639401292980646435e-02 2.029521753036386887e-04 1.955275300680816045e-04
4.186660000000000000e+05 -5.249113201406618856e-02 -6.899646520678547057e-02 1.721254785364283071e-04 2.832161139819302110e-04
5.024000000000000000e+05 -5.179923158207999645e-02 -5.245458521429155474e-02 1.403475033842106203e-04 2.701077559328906729e-04
6.028800000000000000e+05 -1.938617457395219734e-02 -1.056246248841254398e-01 4.066604455590774663e-04 2.460932857562097816e-04
7.234560000000000000e+05 -2.272872743029263898e-02 -1.975358086712829253e-02 1.568965068620924554e-04 2.139251557023037883e-04
8.681470000000000000e+05 -2.049259069180817822e-02 -6.908731219340716150e-03 1.809438526935058973e-04 2.002559760518165860e-04
1.041776000000000000e+06 -1.067838896687717254e-01 5.261655639264572332e-02 1.742289493553031237e-04 3.892563663100645174e-04
1.250132000000000000e+06 -1.275317657126454410e-02 -1.559517309532925701e-02 2.090279507780300671e-04 2.138093417258428257e-04
1.500158000000000000e+06 5.215600529197098045e-02 7.906609236535165619e-02 2.731309061614596795e-04 2.045720646293101559e-04
1.800190000000000000e+06 -1.295304728549199168e-02 -3.454725680030956009e-02 2.115269212854693477e-04 2.302850362073144853e-04
2.160228000000000000e+06 4.597600705196318305e-03 -8.550301836941102962e-02 1.630592929253564549e-04 3.005984004222115127e-04
2.592274000000000000e+06 -1.061436985809211114e-01 -7.263466703856211702e-03 1.201172222851383097e-04 2.230060462817403885e-04
3.110728000000000000e+06 1.889670502795465223e-02 -1.108956437062693897e-03 2.180755407191012232e-04 2.256062331099037161e-04
3.732874000000000000e+06 1.156065398134151212e-02 -2.855415294129478297e-04 2.921833180730802485e-04 2.465994226520571938e-04
4.479449000000000000e+06 1.962325732070031772e-03 6.370818394014646224e-02 1.429866552139787519e-04 1.844026893504320844e-04
5.375339000000000000e+06 -1.921123011864901697e-02 -3.625930411668982188e-03 1.760195006474408455e-04 1.709714139768531095e-04
6.450407000000000000e+06 3.780499629905049661e-03 -1.003305176672870114e-01 2.204402562969395331e-04 1.016789760418904153e-04
7.740489000000000000e+06 -1.053779548724646971e-02 5.151718432697764000e-02 2.413138036081339199e-04 1.341824354451233697e-04
9.288586000000000000e+06 3.027186677637340451e-02 2.137758978687517852e-02 2.104729526037251092e-04 1.442996906512597835e-04
1.114630400000000000e+07 -5.258444755925170688e-02 -5.721413441632006852e-02 1.554029583624555433e-04 2.302572682036665931e-04
1.337556500000000000e+07 -5.867262237084926169e-02 -1.865316670619611775e-02 2.574767129211776853e-04 3.031970652748999643e-04
1.605067800000000000e+07 -8.823681575190193971e-02 -1.444639718647028059e-01 2.021231714998435853e-04 3.459688381175323444e-04
1.926081300000000000e+07 -1.984364426244237048e-02 3.894927995424075917e-02 2.654896273620302644e-04 2.691582868692159094e-04
2.311297600000000000e+07 -1.009220691689492883e-01 2.933324401554564601e-02 1.250481499769227531e-04 2.039090177732522189e-04
2.773557200000000000e+07 1.005783301759889115e-01 1.677414064220799847e-02 1.790692146497112433e-04 1.440622961845533143e-04
3.328268600000000000e+07 -4.161790541801597271e-02 -4.588679939578077255e-04 2.281248519400808864e-04 3.296626705656357766e-04
3.993922300000000000e+07 -2.415391289167988925e-02 -9.447139724151355430e-03 9.810744509413703101e-05 1.430166653440970788e-04
4.792706800000000000e+07 4.936025858105188430e-02 4.208056124629311334e-02 2.133748219078212692e-04 2.077870370931174447e-04
5.751248200000000000e+07 -8.923183124934421645e-03 4.085921906574487006e-02 2.819985983094063517e-04 2.399452305674439425e-04
6.901497800000000000e+07 -1.878661926635371432e-02 -8.806510886698104557e-02 1.558379828749020780e-04 2.144337359976378741e-04
