# Z3/Z3_L4_f0.9_h0.99_m1.0_J1.0_hz0.1_phiz0.0_hx0.0_phix0.0_ndis100.txt
# time	Re(Z)\Im(Z)	Var(Re(Z))	Var(Im(Z))
1.000000000000000000e+00 9.995613990161760221e-01 3.062012503394911967e-06 2.031235107710186039e-17 3.644181505020974634e-29
1.000000000000000000e+00 9.995613990161760221e-01 3.062012503394911967e-06 2.031235107710186039e-17 3.644181505020974634e-29
1.000000000000000000e+00 9.995613990161760221e-01 3.062012503394911967e-06 2.031235107710186039e-17 3.644181505020974634e-29
1.000000000000000000e+00 9.995613990161760221e-01 3.062012503394911967e-06 2.031235107710186039e-17 3.644181505020974634e-29
2.000000000000000000e+00 9.987946933279198136e-01 -1.802022300101034592e-04 3.107155312769711654e-10 1.149791402996799180e-10
2.000000000000000000e+00 9.987946933279198136e-01 -1.802022300101034592e-04 3.107155312769711654e-10 1.149791402996799180e-10
2.000000000000000000e+00 9.987946933279198136e-01 -1.802022300101034592e-04 3.107155312769711654e-10 1.149791402996799180e-10
3.000000000000000000e+00 9.978698236527514531e-01 -3.785243564458400578e-04 2.218368707609920251e-09 7.476968699835883519e-10
4.000000000000000000e+00 9.968121986048337213e-01 -6.054865217388378119e-04 9.123259338192851221e-09 3.058596693747930235e-09
5.000000000000000000e+00 9.955152300135428067e-01 -8.773864973953615165e-04 2.397239402724308864e-08 7.984216942591842626e-09
6.000000000000000000e+00 9.941605460585186682e-01 -1.356953073798931094e-03 4.565697645183293934e-08 1.594788640433810086e-08
7.000000000000000000e+00 9.922063709976275403e-01 -1.925664405605174772e-03 7.893191732163259622e-08 2.833084507911395684e-08
8.000000000000000000e+00 9.902073061079945671e-01 -2.677414926322971810e-03 1.220172518275682995e-07 4.470006956295551591e-08
1.000000000000000000e+01 9.863484355635135925e-01 -4.265143501616718534e-03 2.615611759131815037e-07 9.972149779381665941e-08
1.200000000000000000e+01 9.824319846234906839e-01 -6.314926893910799768e-03 5.032217653054362417e-07 1.885868929834812450e-07
1.500000000000000000e+01 9.762861980539958573e-01 -1.076463413925620241e-02 1.212922790865250661e-06 4.274516652927241417e-07
1.800000000000000000e+01 9.692230932534710020e-01 -1.579662599734107248e-02 2.645432838558595799e-06 8.814269884254945121e-07
2.200000000000000000e+01 9.566379299984756335e-01 -2.390316765874085300e-02 5.923924156900956022e-06 1.917185673179628217e-06
2.600000000000000000e+01 9.389335997110448417e-01 -3.244447829322434640e-02 1.093444291385683989e-05 3.548180896636853494e-06
3.100000000000000000e+01 9.132540896823228005e-01 -4.402743241504860489e-02 2.063301460391532349e-05 6.705308537824705093e-06
3.800000000000000000e+01 8.762156169872771239e-01 -6.334889909612372028e-02 4.316172007819659616e-05 1.351291786132512950e-05
4.600000000000000000e+01 8.292070287756432290e-01 -8.702920418550537385e-02 8.307730902798147207e-05 2.511230459056146175e-05
5.500000000000000000e+01 7.656214061651369640e-01 -1.108916040037315337e-01 1.422047802013824724e-04 4.207697114335226036e-05
6.600000000000000000e+01 6.911276725602166771e-01 -1.384108496103660102e-01 2.350956877428619527e-04 6.692961464608273767e-05
7.900000000000000000e+01 6.000404136055295101e-01 -1.579118369420841883e-01 3.503623878148582477e-04 9.885256474674130982e-05
9.500000000000000000e+01 5.030863676664432127e-01 -1.646099892296582767e-01 4.767791385234955003e-04 1.395451716461638687e-04
1.140000000000000000e+02 4.142716904507879883e-01 -1.475116947339829288e-01 5.757319519143709033e-04 1.925233311418681305e-04
1.370000000000000000e+02 3.468055585188768997e-01 -1.071767018494440005e-01 6.326682745329743375e-04 2.623809870675454753e-04
1.640000000000000000e+02 3.114889317460165508e-01 -6.468074423753172875e-02 6.587671530195656497e-04 3.203162540620790606e-04
1.970000000000000000e+02 3.047627914541805594e-01 -4.689281183330126779e-02 6.751749397482409865e-04 3.185804272083164138e-04
2.370000000000000000e+02 3.229295532984907124e-01 -5.658176356883250907e-02 6.822677122298409329e-04 2.581356635875207560e-04
2.840000000000000000e+02 3.540345266553707182e-01 -4.818521411015527084e-02 6.552047055358211150e-04 2.012790212138678293e-04
3.410000000000000000e+02 3.705270144476843774e-01 -1.468345251868434509e-02 6.267407732137900665e-04 2.269493987997517109e-04
4.100000000000000000e+02 3.858626931572480823e-01 -5.067215524022811168e-02 5.863720349777851431e-04 1.592627143340766662e-04
4.920000000000000000e+02 3.699327438287473013e-01 -8.917363791925307648e-02 6.550915347005316879e-04 2.247939550592902122e-04
5.900000000000000000e+02 3.656046970801730134e-01 -1.060852239386922413e-01 5.712021458028064980e-04 2.352674250812051215e-04
7.080000000000000000e+02 4.572810970977148615e-01 -4.587191458898347285e-02 4.417514118317828072e-04 1.324166760210888807e-04
8.500000000000000000e+02 3.564083754140200955e-01 -6.602063570162962358e-02 4.987665670468622529e-04 1.509356042362196976e-04
1.020000000000000000e+03 3.676253515817528017e-01 -2.091784793906470777e-02 5.273129856611345756e-04 1.776295621839531203e-04
1.224000000000000000e+03 2.985007692947618807e-01 -1.069270851925359540e-02 4.368204640372525070e-04 2.523249163820579693e-04
1.469000000000000000e+03 3.688930277685148473e-01 -3.959692217079845838e-02 3.759204110418697229e-04 1.342972990391724851e-04
1.763000000000000000e+03 2.813767910731516109e-01 -7.215524735340556051e-02 3.969466910571088527e-04 1.520715761045704224e-04
2.116000000000000000e+03 3.281420288990082867e-01 -5.691217000634701817e-02 3.623161838771516829e-04 1.139891191935432012e-04
2.539000000000000000e+03 2.536494131985867484e-01 -5.359600075951419934e-02 3.270409580775259645e-04 9.464147226888006712e-05
3.047000000000000000e+03 1.785191132601974540e-01 -5.111385550306701137e-02 3.150453192807902997e-04 1.302551466137763958e-04
3.657000000000000000e+03 2.167951301998580216e-01 -2.680248383485379915e-02 3.226061988249941418e-04 9.751678505879228596e-05
4.388000000000000000e+03 1.489802621266823890e-01 -5.827882598860309460e-02 2.808148675082606464e-04 8.340172247470569507e-05
5.266000000000000000e+03 1.724004212460207575e-01 -4.778146395709662042e-02 2.697903053121004750e-04 5.537329667430517172e-05
6.319000000000000000e+03 1.255579765927673508e-01 -6.880405975939129018e-03 2.947993578952234342e-04 7.781117540662455933e-05
7.583000000000000000e+03 1.275990208529496905e-01 -3.960443614962450704e-02 2.998403185898289454e-04 6.344344010509423652e-05
9.100000000000000000e+03 9.527121898777610176e-02 -3.082547181245162346e-02 2.517001918585173468e-04 6.767721715267325329e-05
1.092000000000000000e+04 6.537412476658435723e-02 -2.295956838199750272e-02 2.326676241142207129e-04 9.532227526003693831e-05
1.310400000000000000e+04 8.075973893777710355e-02 2.918648636067125868e-03 2.445118103471284198e-04 5.192295554409499602e-05
1.572500000000000000e+04 1.516652920555361661e-01 -2.331931520143268322e-02 2.559589354085053513e-04 5.535302596799170359e-05
1.887000000000000000e+04 1.157607782202227931e-01 -2.336703068714551454e-02 2.748778244063234582e-04 6.363294085120808918e-05
2.264400000000000000e+04 2.926498824727603518e-02 -3.956576416546408320e-02 2.539216562535789282e-04 7.410105456355246182e-05
2.717300000000000000e+04 7.243287290738803508e-02 -1.439372424550099637e-02 2.371301570149676253e-04 1.045196486418285288e-04
3.260800000000000000e+04 1.184237421379018551e-01 -3.768608848948974601e-03 2.200701248893593509e-04 6.775593834183381715e-05
3.913000000000000000e+04 1.063260684627073405e-01 6.953085746991037076e-03 2.858287821467893537e-04 8.348771545980849943e-05
4.695600000000000000e+04 8.186352190871878931e-02 -3.327097302126193201e-02 2.761995658988035960e-04 8.858955842817036548e-05
5.634700000000000000e+04 5.768664073723912822e-02 4.457648678429659492e-03 2.042114681480225588e-04 8.426338176409746959e-05
6.761700000000000000e+04 5.084289055604036128e-02 2.063732798765298762e-02 2.006077372260254784e-04 8.748154619594010494e-05
8.114000000000000000e+04 4.946042176900997817e-02 -2.263798405283518750e-02 2.201841431912182460e-04 8.819470022747213228e-05
9.736800000000000000e+04 5.931102332755261441e-02 -1.289031044314811053e-02 1.890589348434656373e-04 7.634928365297087311e-05
1.168420000000000000e+05 9.228964643058965023e-02 -5.041279225541698238e-03 1.778040690231952748e-04 6.375410137685425806e-05
1.402100000000000000e+05 4.638357359968221794e-02 -2.049314533050846862e-02 1.643698090538142165e-04 5.670812059185412250e-05
1.682520000000000000e+05 5.219621984384536367e-02 8.016215799446920268e-03 1.932059281781470304e-04 5.456141268697887065e-05
2.019030000000000000e+05 5.083486160203023324e-02 4.095802959075374450e-02 1.968718970343732880e-04 1.313695830645506023e-04
2.422830000000000000e+05 -1.408275540355204830e-02 -3.648329609824534081e-02 1.807263631305772611e-04 6.272937590904210947e-05
2.907400000000000000e+05 7.346582440683263604e-02 2.608295287859771494e-02 1.776082972272373134e-04 7.673472706010415307e-05
3.488880000000000000e+05 2.207167382147891960e-02 -4.960189186136142354e-03 1.441620566307152062e-04 7.458505096892045479e-05
4.186660000000000000e+05 5.903133092329968662e-02 -3.011547413441462151e-02 1.783921848006933661e-04 9.600089434869129874e-05
5.024000000000000000e+05 5.439365253739530948e-02 -7.468962087106032453e-03 1.930027105526609598e-04 1.244765969741683329e-04
6.028800000000000000e+05 7.952504028173115747e-02 -4.610337238331767978e-02 2.238521541179468361e-04 8.446935725424535905e-05
7.234560000000000000e+05 -2.585352230941826389e-03 2.866558290023625555e-02 1.221527412915860496e-04 7.929565643155163151e-05
8.681470000000000000e+05 2.534540710157070359e-02 1.514745807026258648e-02 1.324018178083152439e-04 8.648251613336425459e-05
1.041776000000000000e+06 -4.392694974676688256e-03 -4.373513190410585616e-03 1.575207955896884180e-04 9.368796324956459726e-05
1.250132000000000000e+06 4.805116612475120869e-03 -2.601744345357389493e-02 1.104174692025042660e-04 5.551130639283279457e-05
1.500158000000000000e+06 2.027429736806154320e-02 6.193317349865760327e-04 1.441230434762289533e-04 8.461631725112777063e-05
1.800190000000000000e+06 -1.158774271183123095e-02 1.711056507088946910e-02 9.868206036226539915e-05 6.218602713951654952e-05
2.160228000000000000e+06 2.355523086028566207e-02 1.736564458441173381e-02 1.073098566543869521e-04 8.187548242292238144e-05
2.592274000000000000e+06 3.183168412740999126e-02 5.411349051154053930e-02 9.904709754380411802e-05 7.442870939694471030e-05
3.110728000000000000e+06 -4.362801588567010586e-03 -2.318057862252382445e-03 7.257344226390575277e-05 8.443045896391665256e-05
3.732874000000000000e+06 -2.716802787559183165e-03 -1.639101772690458939e-02 1.016709758131649391e-04 9.300124610754462141e-05
4.479449000000000000e+06 -2.244647147313033955e-02 -1.381275001769336451e-02 8.130444765094261997e-05 1.076935602378246786e-04
5.375339000000000000e+06 -2.453989554370251958e-02 1.436868314880402481e-02 9.564528886027200214e-05 1.338400593210519558e-04
6.450407000000000000e+06 -2.498638687773186220e-02 1.056512642220678450e-02 7.963942365588394848e-05 1.071723258213192213e-04
7.740489000000000000e+06 -5.815134390853875929e-02 -8.659285436890788376e-03 7.733222871564070309e-05 1.342176008110588419e-04
9.288586000000000000e+06 2.069599496703136698e-02 -7.167416989789177940e-03 9.431458801158937625e-05 7.572414117706666864e-05
1.114630400000000000e+07 -1.772177685903199296e-02 4.596595141873110330e-02 9.547030375605636515e-05 8.270282185529000856e-05
1.337556500000000000e+07 -3.238121812399942512e-02 6.207970418323411656e-03 8.379289780200884364e-05 7.774383155746916827e-05
1.605067800000000000e+07 -7.631229049959812119e-03 6.715450842390701010e-03 9.351992928668801633e-05 7.338346063109222803e-05
1.926081300000000000e+07 -3.751825586448066102e-02 -8.741603971532323908e-03 1.008277603498118418e-04 1.073329549063499239e-04
2.311297600000000000e+07 1.996747444972788929e-02 1.515410215382149983e-02 9.382837092021550527e-05 7.544403026568781499e-05
2.773557200000000000e+07 -1.377645886203775552e-02 -2.752271555871699596e-02 8.663465317861370602e-05 9.742882414053481786e-05
3.328268600000000000e+07 8.907058778931447804e-03 5.736897303468146796e-03 6.881039437768507732e-05 8.617947790081939802e-05
3.993922300000000000e+07 -1.757253998570995623e-02 4.592918600268966478e-02 9.092125984676119289e-05 9.054554230106880521e-05
4.792706800000000000e+07 2.323240642918334223e-02 -3.600139684476897500e-03 1.170488904186043900e-04 1.078437664096980520e-04
5.751248200000000000e+07 1.140359673673778905e-02 -2.973840539048650498e-03 1.523100686072315329e-04 7.488955798003128685e-05
6.901497800000000000e+07 -1.425239749709550190e-02 -5.810273069480631665e-03 8.386051212781719109e-05 9.519791378305477434e-05
