# Z3/Z3_L3_f0.8_h0.99_m1.0_J1.0_hz0.1_phiz0.0_hx0.0_phix0.0_ndis100.txt
# time	Re(Z)\Im(Z)	Var(Re(Z))	Var(Im(Z))
1.000000000000000000e+00 9.979867855263605536e-01 3.202638130303340375e-06 1.285155908013994236e-07 1.509729084499615816e-11
1.000000000000000000e+00 9.979867855263605536e-01 3.202638130303340375e-06 1.285155908013994236e-07 1.509729084499615816e-11
1.000000000000000000e+00 9.979867855263605536e-01 3.202638130303340375e-06 1.285155908013994236e-07 1.509729084499615816e-11
1.000000000000000000e+00 9.979867855263605536e-01 3.202638130303340375e-06 1.285155908013994236e-07 1.509729084499615816e-11
2.000000000000000000e+00 9.973127063482157828e-01 -2.316843759116473365e-04 1.310148459008186452e-07 2.282323656051251774e-10
2.000000000000000000e+00 9.973127063482157828e-01 -2.316843759116473365e-04 1.310148459008186452e-07 2.282323656051251774e-10
2.000000000000000000e+00 9.973127063482157828e-01 -2.316843759116473365e-04 1.310148459008186452e-07 2.282323656051251774e-10
3.000000000000000000e+00 9.964498841135404072e-01 -4.906566959432962774e-04 1.368020636987021786e-07 1.069402538477038061e-09
4.000000000000000000e+00 9.955009634562247411e-01 -7.408577974897900646e-04 1.569205468189509466e-07 4.110182255564329272e-09
5.000000000000000000e+00 9.942865969658133407e-01 -1.023751564202136878e-03 1.912593661476585782e-07 1.110823542386867860e-08
6.000000000000000000e+00 9.929177517265149744e-01 -1.616672602658404288e-03 2.372366970010141447e-07 2.193253736392298084e-08
7.000000000000000000e+00 9.909038035153698853e-01 -2.328586868025176154e-03 2.982415493238605690e-07 3.771496187761908335e-08
8.000000000000000000e+00 9.886887432126785225e-01 -3.232583655191525410e-03 3.811938891879308423e-07 5.943778066158577256e-08
1.000000000000000000e+01 9.843305526920594906e-01 -5.315052187153068881e-03 6.539436265394433771e-07 1.336433084553588045e-07
1.200000000000000000e+01 9.793221796462654449e-01 -7.951030948366508144e-03 1.102469377271852274e-06 2.604396176674057490e-07
1.500000000000000000e+01 9.703497193385122177e-01 -1.365712278751492897e-02 2.168892354368301470e-06 5.816223413439484332e-07
1.800000000000000000e+01 9.601364338586783065e-01 -2.008681785535676792e-02 4.162533707488322903e-06 1.213678057879770604e-06
2.200000000000000000e+01 9.431040396436543016e-01 -3.025439901117662686e-02 8.569484518232376528e-06 2.644161001262925286e-06
2.600000000000000000e+01 9.215543063435577276e-01 -4.080996239854390445e-02 1.568982816386457828e-05 4.895709663444221762e-06
3.100000000000000000e+01 8.907449066185044728e-01 -5.492524786122750247e-02 2.969960312947937154e-05 9.294818653157339906e-06
3.800000000000000000e+01 8.432389214719628878e-01 -7.779900904271457029e-02 6.011598667013627595e-05 1.914917146848739104e-05
4.600000000000000000e+01 7.832745104917275825e-01 -1.045986080894165116e-01 1.127709017759302750e-04 3.668112525305131517e-05
5.500000000000000000e+01 7.069310522851212086e-01 -1.296296661742073197e-01 1.928289377242596017e-04 6.326365196909079617e-05
6.600000000000000000e+01 6.149483822150388912e-01 -1.548103901605293875e-01 3.117854711458257740e-04 1.068006801848918162e-04
7.900000000000000000e+01 5.080470459043560094e-01 -1.657454107582871927e-01 4.609808999811873878e-04 1.669931091291142384e-04
9.500000000000000000e+01 3.957314478543615399e-01 -1.564509765379772932e-01 6.220224316618708140e-04 2.476660047486821436e-04
1.140000000000000000e+02 2.962439988569198213e-01 -1.209350098319282724e-01 7.567932080772857241e-04 3.334839097557529687e-04
1.370000000000000000e+02 2.246398903199103014e-01 -7.203326646081681384e-02 8.359499021421143775e-04 3.885501366106971859e-04
1.640000000000000000e+02 1.958052684883117567e-01 -4.150950171785282306e-02 8.049055453331568520e-04 3.329547086537185487e-04
1.970000000000000000e+02 2.209576614402278816e-01 -4.074634807672578019e-02 7.358485667520063209e-04 1.329725871431860671e-04
2.370000000000000000e+02 3.223338559286418881e-01 -3.680182642305247082e-02 8.424297299753768110e-04 3.265403115841071356e-05
2.840000000000000000e+02 4.423060089973853137e-01 -5.809636728388550830e-03 8.385659150182703464e-04 9.212184510987213261e-05
3.410000000000000000e+02 3.524903796737612338e-01 -4.001230170686521231e-02 7.939220469410779432e-04 2.133291727321423407e-04
4.100000000000000000e+02 1.719300092085176146e-01 -5.472231175181787449e-02 8.153037224830251986e-04 2.695314011963651293e-04
4.920000000000000000e+02 4.149050366452234351e-01 -7.237647743910638476e-02 4.814507228124904913e-04 6.929827072946889905e-05
5.900000000000000000e+02 5.888706662091023336e-01 -2.579365413841211083e-02 2.437744243386253957e-04 9.182530039690070946e-05
7.080000000000000000e+02 1.879328600314663922e-01 -2.097470762888409279e-02 6.972912888897564660e-04 1.551224443633441045e-04
8.500000000000000000e+02 2.768067528590977822e-01 -5.641764531351332185e-02 6.891182951639431573e-04 9.204463217283763920e-05
1.020000000000000000e+03 3.121655533089753298e-01 1.430225785874804714e-02 6.037196789683605498e-04 7.530055830508554035e-05
1.224000000000000000e+03 3.058078467187094751e-01 -1.950637399849900616e-02 6.824185935712444133e-04 2.396337236160135458e-04
1.469000000000000000e+03 2.772667293168948333e-01 -1.546885369064166238e-01 5.249788469341565419e-04 1.303204310834352642e-04
1.763000000000000000e+03 2.041675086770276815e-01 -6.779453949174793492e-02 4.832074265739347415e-04 1.374230278914901585e-04
2.116000000000000000e+03 4.936683928796175014e-01 1.616219746248072700e-02 4.276634918700140671e-04 6.612939410969208233e-05
2.539000000000000000e+03 7.861503133564136381e-02 2.737411093008066884e-02 5.213517463651301575e-04 1.626227968151677371e-04
3.047000000000000000e+03 2.211912220866567580e-01 -1.125518103035147606e-02 4.964974879672031435e-04 1.760865409222579347e-04
3.657000000000000000e+03 3.600840190056511236e-01 7.391677037874822345e-03 4.460566127297685749e-04 5.359433121234540780e-05
4.388000000000000000e+03 5.304722967080077733e-02 1.858938626347230241e-02 5.246771786501010920e-04 1.306792024708027108e-04
5.266000000000000000e+03 1.271578693140801852e-01 1.119168476825516990e-02 6.202998108472758702e-04 9.253405087158917319e-05
6.319000000000000000e+03 2.751926937396167450e-01 -5.661867569830582314e-02 5.632459820445531859e-04 8.450819494575194911e-05
7.583000000000000000e+03 2.034742263694607201e-01 -2.083556246791073985e-02 4.351878974591219030e-04 9.339445164264158737e-05
9.100000000000000000e+03 7.964743814971093905e-02 7.609722764235247322e-03 3.747614965620699851e-04 1.448902809134909315e-04
1.092000000000000000e+04 1.468215346525289788e-01 4.490992343758735267e-02 4.956863986665532851e-04 1.103138483340282682e-04
1.310400000000000000e+04 1.539194050199866048e-01 5.885763783902451390e-02 4.298937832286398074e-04 1.172749163130777308e-04
1.572500000000000000e+04 2.124466175170498516e-01 -6.610309208047153440e-02 3.576467469610093599e-04 6.519064464729682450e-05
1.887000000000000000e+04 6.050870602619490279e-02 -4.829400197465234454e-03 3.859701491826748052e-04 1.346155785809889302e-04
2.264400000000000000e+04 5.808273744521912085e-02 -6.951490112486827244e-02 3.005198531061616281e-04 1.199084303856521027e-04
2.717300000000000000e+04 2.749467347387452801e-03 -5.275565933164728244e-02 3.352416005514568826e-04 9.080450779703842020e-05
3.260800000000000000e+04 -5.557839652113295836e-02 -8.006924637088994046e-02 3.539889860691019271e-04 1.906749771568579490e-04
3.913000000000000000e+04 9.571428413510178757e-02 2.876031133596288966e-02 4.140087397566769739e-04 1.807751041323340385e-04
4.695600000000000000e+04 9.069086709919343958e-02 -6.433713697093740302e-02 3.695345992097712954e-04 1.920807883340969397e-04
5.634700000000000000e+04 7.176657840223492346e-02 -1.073527916837973065e-02 3.835813519495108481e-04 1.008976024749639943e-04
6.761700000000000000e+04 2.520141785315831856e-02 5.643343695906984092e-02 2.552276217886925973e-04 2.248311301963506245e-04
8.114000000000000000e+04 -3.257364469663026466e-04 -3.532107840236637514e-02 3.569352713674951087e-04 1.452151099715784453e-04
9.736800000000000000e+04 -3.730694026712864930e-02 1.558098163091867910e-02 3.017351804249193865e-04 1.181881100555439974e-04
1.168420000000000000e+05 -7.371046701662400946e-03 -2.000410905852457316e-02 3.074158286317107839e-04 1.873815205818757032e-04
1.402100000000000000e+05 3.295152406369265146e-04 -1.884331855969345604e-02 3.098869724860176520e-04 2.010173018445735092e-04
1.682520000000000000e+05 2.665558678032652409e-02 -7.035751222688110817e-03 2.838738915296264609e-04 8.435895049528802125e-05
2.019030000000000000e+05 1.152088413206414919e-01 -3.519210995812704218e-02 3.449093325292041648e-04 1.509489701620571952e-04
2.422830000000000000e+05 2.856530343392582605e-02 7.767732044784335377e-02 2.391642241113414800e-04 1.426073826645686505e-04
2.907400000000000000e+05 5.873919951242933396e-02 -3.975949874769230466e-03 1.920051211439715113e-04 1.330827672642299854e-04
3.488880000000000000e+05 4.371006361721779115e-02 5.457333315290590486e-02 1.933335359917357095e-04 1.806492775211406010e-04
4.186660000000000000e+05 -4.068564944232145458e-02 -5.926651939869987534e-02 1.816548338783379954e-04 1.593664451925348876e-04
5.024000000000000000e+05 -1.402469482749448687e-02 -3.084688935845221469e-02 1.461619992920140036e-04 1.615058432685349083e-04
6.028800000000000000e+05 -3.147939826624710641e-02 -7.970906666155432030e-02 2.951742195421964781e-04 1.689312670129380586e-04
7.234560000000000000e+05 -6.617571090851629215e-03 2.119114712292693992e-02 1.720026813205041217e-04 2.797139882663925593e-04
8.681470000000000000e+05 4.130345498893830958e-02 -3.239660459725986902e-02 2.045788696667921313e-04 1.805488576409173163e-04
1.041776000000000000e+06 -7.241122004661612599e-02 6.375478256645740471e-02 1.594843890557453767e-04 3.165328208389097666e-04
1.250132000000000000e+06 -1.938245793348763318e-03 -2.826496364087392049e-02 1.991256015960596998e-04 1.523045586422983792e-04
1.500158000000000000e+06 4.030100018966266927e-03 2.500586047060344291e-02 2.310931588544779165e-04 2.232100449960229928e-04
1.800190000000000000e+06 -3.979676050170531665e-02 1.364466677746670881e-02 1.210421229931837774e-04 1.735325021242377017e-04
2.160228000000000000e+06 4.681583564545225423e-02 -6.743428000906562247e-02 1.448807676565773384e-04 1.802794121925563591e-04
2.592274000000000000e+06 -1.286093092571554408e-01 -1.866809548108819619e-02 8.988589189452273864e-05 1.702125602802086104e-04
3.110728000000000000e+06 -4.217030586803686282e-02 4.360104685670977004e-02 1.926105128537458134e-04 2.608029240228451379e-04
3.732874000000000000e+06 -1.407584485751092566e-02 1.337558824965168029e-02 2.423732705778747405e-04 2.428925449469967123e-04
4.479449000000000000e+06 6.594365437348816139e-02 5.059452033831159969e-03 1.675121102372502412e-04 1.065788985424138226e-04
5.375339000000000000e+06 1.512443659200082662e-02 6.518014055910659188e-02 1.518896397665262638e-04 1.075532050425587020e-04
6.450407000000000000e+06 2.775955194719001082e-02 -9.400526438327823364e-02 2.119920393983058652e-04 1.297764399557559752e-04
7.740489000000000000e+06 6.419455844979800319e-02 -2.071309500554524390e-03 2.538096736441916666e-04 1.222824641612344648e-04
9.288586000000000000e+06 -2.539937337986645713e-02 5.482493821259992045e-02 2.147031064024928083e-04 1.594761268971886688e-04
1.114630400000000000e+07 -1.501626752844915230e-02 -1.971371123256959040e-02 1.627931045129315645e-04 2.203422332875863503e-04
1.337556500000000000e+07 -8.383037699381427205e-03 -3.083365175966940389e-02 2.100008555288336305e-04 1.827239804209219434e-04
1.605067800000000000e+07 -2.353119665069363514e-02 -8.194050607526323637e-02 1.820765277929916400e-04 1.791054334791168461e-04
1.926081300000000000e+07 7.716266335525411024e-02 4.318834768813131775e-02 2.226411084908338145e-04 1.358184188391736366e-04
2.311297600000000000e+07 -5.062511301851754103e-02 -8.007176937397565350e-03 1.783977066791931157e-04 1.614350644179331749e-04
2.773557200000000000e+07 1.003259653499278953e-01 3.367505264827880956e-02 1.494503746064587549e-04 1.289613230546601992e-04
3.328268600000000000e+07 -2.805706869336196184e-06 4.863738358733874639e-02 2.110377339311574855e-04 1.487383250102494107e-04
3.993922300000000000e+07 -2.456890552777892672e-02 2.556792861845515880e-02 1.101242026621308969e-04 1.419657610197887991e-04
4.792706800000000000e+07 -7.746892896897622158e-03 1.153011428979566592e-02 2.089668932220750447e-04 2.647818021240667236e-04
5.751248200000000000e+07 -5.527472901446912196e-03 -4.271143156850549377e-02 1.950496538789335652e-04 2.161049799840567432e-04
6.901497800000000000e+07 2.048750694878902906e-02 3.706171909444462304e-03 1.842811664022712004e-04 1.661286645141431533e-04
