# Z3/Z3_L7_f0.8_h0.99_m1.0_J1.0_hz0.1_phiz0.0_hx0.0_phix0.0_ndis100.txt
# time	Re(Z)\Im(Z)	Var(Re(Z))	Var(Im(Z))
1.000000000000000000e+00 9.995613990161957840e-01 3.062012501674958204e-06 -4.097818889174397748e-17 1.849026762681124088e-29
1.000000000000000000e+00 9.995613990161957840e-01 3.062012501674958204e-06 -4.097818889174397748e-17 1.849026762681124088e-29
1.000000000000000000e+00 9.995613990161957840e-01 3.062012501674958204e-06 -4.097818889174397748e-17 1.849026762681124088e-29
1.000000000000000000e+00 9.995613990161957840e-01 3.062012501674958204e-06 -4.097818889174397748e-17 1.849026762681124088e-29
2.000000000000000000e+00 9.986958358338517971e-01 1.097640961397149649e-04 1.762069965379748533e-10 6.124935141954329442e-11
2.000000000000000000e+00 9.986958358338517971e-01 1.097640961397149649e-04 1.762069965379748533e-10 6.124935141954329442e-11
2.000000000000000000e+00 9.986958358338517971e-01 1.097640961397149649e-04 1.762069965379748533e-10 6.124935141954329442e-11
3.000000000000000000e+00 9.976039187479561754e-01 2.524993820626511521e-04 1.309997558530023654e-09 3.904691820495928927e-10
4.000000000000000000e+00 9.963506451573564959e-01 4.074184308790032073e-04 5.268120250795665733e-09 1.683248653061023978e-09
5.000000000000000000e+00 9.949547946003722831e-01 5.407741094492536389e-04 1.293363960740469533e-08 4.384118195815257918e-09
6.000000000000000000e+00 9.935662470589241568e-01 8.816659027682313817e-04 2.350117679129786797e-08 8.574516913968596237e-09
7.000000000000000000e+00 9.916058775472567088e-01 1.297810048284184095e-03 4.077201618590883726e-08 1.528362108596983202e-08
8.000000000000000000e+00 9.899759277598193519e-01 1.714903506091674038e-03 6.025880724461677415e-08 2.427131574788497195e-08
1.000000000000000000e+01 9.867517477076195309e-01 2.852378277170301932e-03 1.126945644850612764e-07 4.802696530270963297e-08
1.200000000000000000e+01 9.846032326833137338e-01 4.075634475771726557e-03 1.949145679087034702e-07 8.465806493897175292e-08
1.500000000000000000e+01 9.826951890819527469e-01 6.553499813307228812e-03 4.856074318774857045e-07 1.874262888420787436e-07
1.800000000000000000e+01 9.805784640687930098e-01 9.268895480484300869e-03 1.102139144483969122e-06 3.804933014384795732e-07
2.200000000000000000e+01 9.748211053914374036e-01 1.362988710481376729e-02 2.546982760636051506e-06 8.306968977686902486e-07
2.600000000000000000e+01 9.632019824223586602e-01 1.889171772534202834e-02 4.657411408519105371e-06 1.548707954541445422e-06
3.100000000000000000e+01 9.455054388335707438e-01 2.645555814157582106e-02 8.733666252496583967e-06 2.938481151983383472e-06
3.800000000000000000e+01 9.255248955060499938e-01 3.743014235549775581e-02 1.873409905894335721e-05 6.010089242336523652e-06
4.600000000000000000e+01 9.001256957553861460e-01 5.076421493415145952e-02 3.694338242994581976e-05 1.129687087371267225e-05
5.500000000000000000e+01 8.592330737620489378e-01 6.751489644953120872e-02 6.417993997073683583e-05 1.931965089576882823e-05
6.600000000000000000e+01 8.169550765285560345e-01 8.410577664637448880e-02 1.098748374338962203e-04 3.134822350986224865e-05
7.900000000000000000e+01 7.584886388774482180e-01 1.023975237952491207e-01 1.697917230369357176e-04 4.723374884197880269e-05
9.500000000000000000e+01 6.956380574613439949e-01 1.156449914315606786e-01 2.432558652612970475e-04 6.689603441105609471e-05
1.140000000000000000e+02 6.317795193523858543e-01 1.212437843320411657e-01 3.104222803306646368e-04 8.996995917415526829e-05
1.370000000000000000e+02 5.743643319425607574e-01 1.193457129741274103e-01 3.553033544736476559e-04 1.185308194625969870e-04
1.640000000000000000e+02 5.331928045029539209e-01 1.128156606891104474e-01 3.713336243267330566e-04 1.472236698583900664e-04
1.970000000000000000e+02 5.081257276759405528e-01 1.050603019051737641e-01 3.710917970583936672e-04 1.665314482893814278e-04
2.370000000000000000e+02 4.994777639307748096e-01 9.527209279549164744e-02 3.770610691107464094e-04 1.743152563342267132e-04
2.840000000000000000e+02 4.976603372923233959e-01 8.039908772304463214e-02 3.783937014967298255e-04 1.739169349136672688e-04
3.410000000000000000e+02 4.883379984540326957e-01 6.811332789125761067e-02 3.972411771749259895e-04 1.837063395846465414e-04
4.100000000000000000e+02 4.921609026251989594e-01 6.233158876248459657e-02 3.770383584226857411e-04 1.633840607044336195e-04
4.920000000000000000e+02 5.280257791988577365e-01 5.292433463608415406e-02 3.222829070355656494e-04 1.324598842684325116e-04
5.900000000000000000e+02 5.486761653555978224e-01 6.719141767479173966e-02 3.150097529730006745e-04 1.089371127030593458e-04
7.080000000000000000e+02 5.977709068283771909e-01 4.077940295058842674e-02 2.524741553052565384e-04 8.315852703304084500e-05
8.500000000000000000e+02 5.445751758780199570e-01 5.931888286625582041e-02 2.764540301511402443e-04 1.052422135969061600e-04
1.020000000000000000e+03 5.322936884977262917e-01 8.062366986668452473e-02 2.792101688984752346e-04 1.107766005721014339e-04
1.224000000000000000e+03 5.481221006055142508e-01 6.929709069315907743e-02 2.525297640754618441e-04 1.000382269518945401e-04
1.469000000000000000e+03 5.478749789891872446e-01 5.595204855039462993e-02 2.559648607044417642e-04 9.566511505913126261e-05
1.763000000000000000e+03 5.147757651323098260e-01 6.839012267803282197e-02 2.492740243146853688e-04 9.692812326755603834e-05
2.116000000000000000e+03 5.230009783268844137e-01 6.432883227609091648e-02 2.434330719390113463e-04 8.561028979877780465e-05
2.539000000000000000e+03 5.198052664586385596e-01 6.311853931476722745e-02 2.211170242716487141e-04 8.308156444418063086e-05
3.047000000000000000e+03 5.075974529279828618e-01 7.125763041236084228e-02 2.356040512446271019e-04 8.246840306797825607e-05
3.657000000000000000e+03 4.875852308956739045e-01 6.223247704007654757e-02 2.321232609887575018e-04 8.085835759078147979e-05
4.388000000000000000e+03 4.638717550717338378e-01 6.804799879718062550e-02 2.284465213990852174e-04 7.729614539227290092e-05
5.266000000000000000e+03 4.618154131274321283e-01 4.565267344724542598e-02 2.213140870924958288e-04 6.392974641601075001e-05
6.319000000000000000e+03 4.411328137999490639e-01 5.396404975857580638e-02 2.332917487277095516e-04 6.475427107146781373e-05
7.583000000000000000e+03 4.348221927679892795e-01 5.389400689473634876e-02 2.162657514282860939e-04 5.448299605589696019e-05
9.100000000000000000e+03 3.996743399776628847e-01 5.330345074050032300e-02 2.213502862896941405e-04 6.096156233642976231e-05
1.092000000000000000e+04 3.662891880181182724e-01 5.785230045869633325e-02 2.316177973101203667e-04 6.400477785403998793e-05
1.310400000000000000e+04 3.695400818514016361e-01 4.656493174902454762e-02 2.169297773562847665e-04 4.479275099899467533e-05
1.572500000000000000e+04 3.499641323631609846e-01 3.081251606962162951e-02 2.188250075993998620e-04 4.034972101413851985e-05
1.887000000000000000e+04 3.402361826143778245e-01 2.917475670371252189e-02 2.196276216236859734e-04 3.820857941728923778e-05
2.264400000000000000e+04 3.186569925471233189e-01 2.844623829624946462e-02 2.300030321460215489e-04 4.305911128022653833e-05
2.717300000000000000e+04 2.903228141269028617e-01 2.927965261999987412e-02 2.304151458474385189e-04 5.341445597953215483e-05
3.260800000000000000e+04 2.898467364642932087e-01 3.178311402083606324e-02 2.157353099584885297e-04 4.284818080866591172e-05
3.913000000000000000e+04 2.941294748319819852e-01 3.533714382187327224e-02 2.096095825833536885e-04 3.663824887063481115e-05
4.695600000000000000e+04 2.757385325562508593e-01 3.552156995346473362e-02 2.058565389842482399e-04 3.314498529572740564e-05
5.634700000000000000e+04 2.717964207274346511e-01 2.124173564598377806e-02 1.962591039423904266e-04 3.152680634873053966e-05
6.761700000000000000e+04 2.395397806690749698e-01 3.543273777522997631e-02 1.970599317499415230e-04 4.004338498149961710e-05
8.114000000000000000e+04 2.301270412416935029e-01 1.833442978329509129e-02 1.936843053696785295e-04 3.597338739560869766e-05
9.736800000000000000e+04 2.121707274087235584e-01 1.400934794884170671e-02 1.896676875821557882e-04 2.845865456512749052e-05
1.168420000000000000e+05 1.705372411223265439e-01 7.323937870659434288e-03 1.779735836652200762e-04 4.031844597945113241e-05
1.402100000000000000e+05 1.743297879741122769e-01 1.822750678028594792e-02 1.678327510206120753e-04 3.637849470409140182e-05
1.682520000000000000e+05 1.713861940087110236e-01 1.039372589033481925e-02 1.623594911867783119e-04 3.298691907821866073e-05
2.019030000000000000e+05 1.364744913517743907e-01 2.868922242891384575e-02 1.565560196239491636e-04 3.243979299308021670e-05
2.422830000000000000e+05 1.237697851476443067e-01 1.336426810071990150e-02 1.498529473875093317e-04 3.521967899427516874e-05
2.907400000000000000e+05 8.824031428519996112e-02 4.768175153656480265e-03 1.456629083762031032e-04 4.869109095151416794e-05
3.488880000000000000e+05 7.732382149638053481e-02 -1.051800092937852683e-02 1.409880477222168161e-04 3.257016569454361787e-05
4.186660000000000000e+05 9.578028186973022717e-02 -1.377351360297122615e-02 1.405059775349426921e-04 2.831238262789504865e-05
5.024000000000000000e+05 7.714059709210298321e-02 9.154119877189136056e-03 1.230969831188389436e-04 3.573277735467109416e-05
6.028800000000000000e+05 6.707766166824946641e-02 -1.005363116470144036e-02 1.167814906489063293e-04 3.946573476233465708e-05
7.234560000000000000e+05 9.277103652544141377e-02 3.549391263192043077e-03 1.055392693122781739e-04 3.074454353010737189e-05
8.681470000000000000e+05 6.968094373491792726e-02 3.164568817924621677e-03 1.059612152437681325e-04 3.607621920784277340e-05
1.041776000000000000e+06 6.042129972124872517e-02 4.891018877773546138e-03 1.005882067036215787e-04 3.665485276225384211e-05
1.250132000000000000e+06 2.741256480642095816e-02 -1.377114208576365626e-03 9.087889710098115382e-05 4.657857435322680358e-05
1.500158000000000000e+06 5.495760912124486586e-02 -1.856648163150298111e-02 8.101256451662218515e-05 3.535111496455117862e-05
1.800190000000000000e+06 4.775411672383295114e-02 -1.617567672254674807e-02 6.959172641599864722e-05 4.587601280643101791e-05
2.160228000000000000e+06 5.534755923761902618e-02 -3.607138851964338672e-02 7.833948384268416270e-05 4.586072275330709794e-05
2.592274000000000000e+06 3.819952840148983786e-02 7.538638888655897416e-03 7.432717636696593486e-05 4.082369961775644015e-05
3.110728000000000000e+06 5.782524278943342033e-02 -1.420740859217958091e-02 6.913564992754871771e-05 3.957328562289630819e-05
3.732874000000000000e+06 1.365590189416549666e-02 -1.072404565933112591e-02 6.191778324515559277e-05 5.690626573681687638e-05
4.479449000000000000e+06 1.173290369636350444e-02 -6.900478654927065525e-03 6.550105560214201277e-05 5.046033785413640599e-05
5.375339000000000000e+06 9.681308901043839815e-03 -2.392226483207198634e-02 7.054598047349022196e-05 6.052785531964186602e-05
6.450407000000000000e+06 2.570366891191325914e-02 2.002403277446302299e-03 7.510904937462168924e-05 3.453602865056593123e-05
7.740489000000000000e+06 4.491302930153812448e-03 -2.544095130847396150e-02 6.165908648548203857e-05 4.329371313846685853e-05
9.288586000000000000e+06 2.287600313980812233e-02 1.419065710018850394e-02 5.492506781504253563e-05 4.287394559509360807e-05
1.114630400000000000e+07 3.372829051452010812e-02 3.249239242946901085e-02 6.080047290174718798e-05 3.821399330238200510e-05
1.337556500000000000e+07 3.721644019590199248e-02 1.712206220072473454e-03 8.135739295378947606e-05 3.150959738817720108e-05
1.605067800000000000e+07 2.231763700998993030e-02 -3.843825773089126069e-03 5.869321453570390112e-05 4.056177760664357270e-05
1.926081300000000000e+07 -1.817457688369767625e-03 8.277527360280628049e-03 5.633263566060778445e-05 5.109114742308523021e-05
2.311297600000000000e+07 1.539249169238848629e-02 1.636928002322467907e-04 6.714406722947806729e-05 4.762574311107992581e-05
2.773557200000000000e+07 2.359966107637711391e-02 -2.320661853191560361e-02 5.216665917159583519e-05 3.489896978694148329e-05
3.328268600000000000e+07 9.187611639436434399e-03 -4.442925093024736698e-03 6.269612842061234417e-05 4.457605671044393239e-05
3.993922300000000000e+07 2.681617293274089417e-02 -1.518766620789802936e-02 5.681683976833313871e-05 3.600468114204503906e-05
4.792706800000000000e+07 3.256748656204036529e-02 -1.450551200118169008e-03 4.709862143094891747e-05 3.245576948256041332e-05
5.751248200000000000e+07 2.312768182389298918e-02 7.599040212959740602e-03 5.076946896877668935e-05 4.539068636434169551e-05
6.901497800000000000e+07 1.446764267087744318e-02 2.145846913376167966e-03 4.878963573115126451e-05 4.887209235045121574e-05
