# Z3/Z3_L2_f0.8_h0.99_m1.0_J1.0_hz0.1_phiz0.0_hx0.0_phix0.0_ndis100.txt
# time	Re(Z)\Im(Z)	Var(Re(Z))	Var(Im(Z))
1.000000000000000000e+00 9.995613990161795748e-01 3.062012513282696867e-06 -1.952653560898516663e-17 4.871116986610951080e-29
1.000000000000000000e+00 9.995613990161795748e-01 3.062012513282696867e-06 -1.952653560898516663e-17 4.871116986610951080e-29
1.000000000000000000e+00 9.995613990161795748e-01 3.062012513282696867e-06 -1.952653560898516663e-17 4.871116986610951080e-29
1.000000000000000000e+00 9.995613990161795748e-01 3.062012513282696867e-06 -1.952653560898516663e-17 4.871116986610951080e-29
2.000000000000000000e+00 9.984900087948631597e-01 1.882377465636658618e-05 1.570032836291626623e-10 6.798969055186432937e-11
2.000000000000000000e+00 9.984900087948631597e-01 1.882377465636658618e-05 1.570032836291626623e-10 6.798969055186432937e-11
2.000000000000000000e+00 9.984900087948631597e-01 1.882377465636658618e-05 1.570032836291626623e-10 6.798969055186432937e-11
3.000000000000000000e+00 9.972154324436907080e-01 2.441577971789307436e-05 3.222722136054851231e-09 1.083172215126438006e-09
4.000000000000000000e+00 9.959044669220797896e-01 6.161391076349498396e-05 1.802848434247698332e-08 5.901523016990020774e-09
5.000000000000000000e+00 9.944059409599692589e-01 1.027937392010588874e-04 5.373188291566065159e-08 1.780499258963021295e-08
6.000000000000000000e+00 9.925242113161195645e-01 3.280833331682847184e-05 1.129203412735057087e-07 3.740424887393965186e-08
7.000000000000000000e+00 9.902677779426707350e-01 1.399772590825609656e-04 1.941384828452186184e-07 6.588520959601304040e-08
8.000000000000000000e+00 9.878536075319243048e-01 2.819257843966410464e-04 3.040936178227005595e-07 1.073602801814524830e-07
1.000000000000000000e+01 9.831273476123145727e-01 3.420290197014716699e-04 6.669717253228520673e-07 2.532508119779672986e-07
1.200000000000000000e+01 9.785656536635127800e-01 3.321185619569584050e-04 1.281801636066115748e-06 5.410589896916527876e-07
1.500000000000000000e+01 9.718614498048111505e-01 2.927677520322574146e-04 2.810554980358924272e-06 1.495809500210769628e-06
1.800000000000000000e+01 9.644882743575048378e-01 2.461170238882613931e-04 5.780187168829746046e-06 3.346105297541256253e-06
2.200000000000000000e+01 9.503386517538758849e-01 8.500622867175983740e-05 1.255304922249767502e-05 7.506386010205926947e-06
2.600000000000000000e+01 9.295329262713694085e-01 5.132481544363687526e-04 2.365809174963869857e-05 1.352409923610556912e-05
3.100000000000000000e+01 8.994174604082908475e-01 1.243509596125144971e-03 4.613990598725705838e-05 2.466208031061144820e-05
3.800000000000000000e+01 8.584044256989186161e-01 1.212768190991487518e-03 9.739356561103657093e-05 4.947370586078933899e-05
4.600000000000000000e+01 8.069541122686668677e-01 7.699676884910687177e-04 1.915983957742737503e-04 8.838362414258146013e-05
5.500000000000000000e+01 7.354244366205081596e-01 2.727303865828999575e-03 3.432028667490974331e-04 1.349289052397809280e-04
6.600000000000000000e+01 6.587183021844882358e-01 1.601600479943261247e-03 5.966457026038065464e-04 1.839917749641275320e-04
7.900000000000000000e+01 5.635628990221079881e-01 3.622229242382753005e-03 9.528393041330701033e-04 1.976847606102918723e-04
9.500000000000000000e+01 4.714788185641705098e-01 3.143552174137376372e-03 1.406983057373265966e-03 1.437604256811482819e-04
1.140000000000000000e+02 3.968329018111347306e-01 1.101683352686335217e-03 1.844400881028723013e-03 4.647433230982745810e-05
1.370000000000000000e+02 3.497850654658752334e-01 -2.474352659135903385e-03 2.122111131764090400e-03 9.661912839711522784e-07
1.640000000000000000e+02 3.436686964937495370e-01 -9.337840582027710779e-03 2.112021984887485319e-03 1.323215418407838438e-06
1.970000000000000000e+02 4.134138600991359436e-01 -1.788198190272193705e-02 1.672707654036137588e-03 7.368544082203037817e-05
2.370000000000000000e+02 6.164028183823150320e-01 -2.473284442399533919e-02 6.482698170651885481e-04 1.689032313239604535e-04
2.840000000000000000e+02 8.814159409419357605e-01 -1.313335091112932153e-02 5.168958487506009872e-05 3.536513928641662248e-06
3.410000000000000000e+02 7.613697730515737172e-01 3.477189777402150961e-02 1.854180992551956347e-04 3.841459959266591104e-05
4.100000000000000000e+02 3.671990652041333125e-01 5.067270872849809898e-02 1.535667200047696615e-03 7.354667579357331323e-05
4.920000000000000000e+02 3.327309712782652307e-01 -6.544185887368815513e-02 1.540348111261882064e-03 6.422564636833876504e-05
5.900000000000000000e+02 6.794858476716058027e-01 -4.011287268574696002e-02 3.721533221915884716e-04 4.230182375705678944e-05
7.080000000000000000e+02 2.754241326498806930e-01 1.436940797900165823e-01 1.289535928710967144e-03 2.509216947386019121e-04
8.500000000000000000e+02 3.471679841211318673e-01 -1.616349613502209570e-01 8.186282727542950168e-04 3.280054447731779515e-04
1.020000000000000000e+03 1.421742517234410308e-01 1.884566876265451607e-01 1.081778666074368874e-03 3.592469259310496297e-04
1.224000000000000000e+03 3.314301566233268104e-01 4.635320038815451960e-02 7.517394874258275309e-04 1.108749051111871807e-04
1.469000000000000000e+03 2.148522654395020881e-01 -1.188929490808334211e-01 4.586979053772235939e-04 1.438372154370813811e-04
1.763000000000000000e+03 1.531684598412329790e-01 -8.513223263241849470e-02 3.723674322900813569e-04 1.645118284418938047e-04
2.116000000000000000e+03 3.485328317074482540e-01 -1.402502866985436483e-03 9.006400827654166682e-04 5.684313696899496798e-05
2.539000000000000000e+03 -9.192601015414872401e-02 1.082558432354302491e-01 3.233625221494597357e-04 1.498797271537764342e-04
3.047000000000000000e+03 4.835663870972929657e-02 5.589251083337054560e-02 7.704128522808755897e-04 1.835930956328244020e-04
3.657000000000000000e+03 1.792188258795551492e-01 6.095192984181738854e-02 6.941204780138321862e-04 1.277413680709218677e-04
4.388000000000000000e+03 -1.029961136799376342e-01 -6.270502516493890732e-02 4.082721546341592611e-04 2.888620205657608728e-04
5.266000000000000000e+03 -1.155519229680623677e-01 3.494170891942338653e-01 1.056020843758398615e-03 5.530688976815327160e-04
6.319000000000000000e+03 3.158336751244956719e-01 -8.504854902448974463e-02 8.101904189416727145e-04 1.730419966461550080e-04
7.583000000000000000e+03 3.093623426190929560e-01 -1.756086152403115927e-02 5.512886371763672626e-04 1.970451246676729895e-04
9.100000000000000000e+03 2.368191745661984982e-01 3.834783935412160866e-02 4.996299170434996464e-04 3.017260273829405781e-04
1.092000000000000000e+04 3.882383636665084348e-01 1.219729722700109015e-01 6.880330326641859217e-04 5.284406071644377886e-05
1.310400000000000000e+04 1.185586818734065129e-01 3.630512372520564024e-02 3.250869859612699145e-04 5.236187701430159835e-04
1.572500000000000000e+04 2.395239489815368938e-01 5.652253725406298362e-02 9.267360212636747930e-04 4.780844989141690236e-04
1.887000000000000000e+04 -2.404870574929999227e-01 3.401719307406465553e-01 6.864989903572316738e-04 1.636903966297019713e-03
2.264400000000000000e+04 9.118003900681474760e-02 -7.941319858544907111e-04 5.114601720215697714e-04 3.766098314318389842e-04
2.717300000000000000e+04 -8.193771950076335353e-02 2.510140997601903456e-02 7.655512270005076407e-05 7.153142848768380370e-04
3.260800000000000000e+04 -1.371241122740957108e-01 1.370291462529118487e-01 3.166053947399105942e-04 7.583733355172674094e-04
3.913000000000000000e+04 6.531705668294562894e-02 2.699755507984258895e-01 3.301858441765532972e-04 2.340697215601953264e-04
4.695600000000000000e+04 2.332457593394013651e-01 2.081196882668089054e-02 1.078979014443029764e-03 7.822748353937532088e-04
5.634700000000000000e+04 3.613384994717913634e-01 1.440767489792757761e-01 1.030224192239526321e-03 3.731217090918298169e-04
6.761700000000000000e+04 2.910290912580338826e-02 3.090054965273345000e-01 8.062656531102490622e-04 3.093160542778468835e-04
8.114000000000000000e+04 -1.373468398864742257e-01 -1.531022161086825206e-01 2.926078727786977961e-04 1.015244851077626775e-03
9.736800000000000000e+04 -2.600300378468145546e-01 2.158339253464422181e-01 1.095592578271064655e-04 6.531071599496575701e-04
1.168420000000000000e+05 -1.234652465337301303e-01 -6.339535771452603496e-02 3.209421163098947170e-04 8.593659465031932686e-04
1.402100000000000000e+05 -1.549699622007458255e-01 -6.527114914191445294e-02 2.790611696952967585e-04 8.982494637434050577e-04
1.682520000000000000e+05 1.530007041314863404e-02 3.052235705234222773e-02 3.426914890737932395e-04 1.962363268636304508e-04
2.019030000000000000e+05 3.004271927821936319e-02 -1.274411705249222371e-01 4.730849002750740252e-04 4.148383605146989330e-04
2.422830000000000000e+05 4.314311941212281218e-03 1.085195948583469044e-01 6.851250185718175565e-04 6.909318355510541158e-04
2.907400000000000000e+05 1.247071819472184151e-01 -1.181840675486439110e-03 7.591546354935633199e-04 7.526227897744526421e-04
3.488880000000000000e+05 1.437420674906186580e-01 2.246577418554112082e-01 8.130065937635954894e-04 3.225310676020009073e-04
4.186660000000000000e+05 1.563512788262741982e-01 2.135089654581381197e-02 8.818524353714020424e-04 3.436295076518985176e-04
5.024000000000000000e+05 1.018226048070666918e-02 -2.203975543461607345e-02 1.010927430577190228e-03 6.526236651705146592e-04
6.028800000000000000e+05 1.649441812170659161e-01 -6.837185338929013811e-02 5.066021650621232433e-04 2.981444110117732510e-04
7.234560000000000000e+05 1.575949739276833184e-01 4.473846656025300128e-02 5.889841862846344981e-04 6.353873292534431474e-04
8.681470000000000000e+05 2.353659582021489990e-02 -4.900252380872529429e-02 7.498599543226398649e-04 7.423742407949088240e-04
1.041776000000000000e+06 3.283299417131507053e-02 -4.506778262724373679e-02 6.119151486852340317e-04 7.519617258992278720e-04
1.250132000000000000e+06 9.544276101473254947e-02 2.007578039019162347e-02 9.893068606301705543e-04 7.411125719859193916e-04
1.500158000000000000e+06 1.514483188963723637e-01 -1.018746321267121890e-01 9.296544053591926371e-04 5.191851576051599582e-04
1.800190000000000000e+06 -5.012645038053168724e-03 -9.164586740238328533e-02 3.884867660867432032e-04 5.042080694239171575e-04
2.160228000000000000e+06 -2.970866760848154403e-02 8.248696907937839995e-02 6.122841153710716858e-04 6.693666622994802473e-04
2.592274000000000000e+06 -2.813093669840449618e-01 -8.698135564213389792e-02 1.159753890689475781e-04 1.086210869559435521e-03
3.110728000000000000e+06 -1.106876200269280436e-01 1.747019201741288330e-01 1.863531370635878790e-04 5.247716166906582231e-04
3.732874000000000000e+06 -3.306321469266708390e-02 -6.096464739170910641e-02 3.506301925582846341e-04 5.660002483962006236e-04
4.479449000000000000e+06 -7.119568016164995461e-02 -1.874397420392690250e-01 4.744948104568717535e-04 5.152299183308129468e-04
5.375339000000000000e+06 -1.319985302827350326e-01 -7.423050056243503392e-02 3.995538571995391891e-04 1.227063691042298279e-03
6.450407000000000000e+06 -2.381071099878446368e-02 -1.596931413687711354e-01 5.828076433907330165e-04 6.413006894456434008e-04
7.740489000000000000e+06 8.436383949654036041e-02 -1.281171371117987776e-02 9.858725796195730914e-04 8.688606944128678643e-04
9.288586000000000000e+06 9.264387563429555411e-03 1.312097007933886172e-01 7.157631810253000130e-04 4.988729122675479924e-04
1.114630400000000000e+07 9.871028370992702278e-03 4.618604350189269014e-02 5.794018551870518206e-04 7.303521868244060734e-04
1.337556500000000000e+07 1.467440450722264922e-01 1.918079020834956017e-01 1.296063673484875584e-03 9.740061182944941259e-04
1.605067800000000000e+07 -1.728806561667238506e-02 9.905808793291095982e-02 6.550312471424025009e-04 5.095136869720054982e-04
1.926081300000000000e+07 5.441066444813397879e-02 1.154397059779748019e-01 9.396652140811671914e-04 4.440003746815187257e-04
2.311297600000000000e+07 -1.179859607145397477e-01 3.136127883258459925e-01 5.063370933693683764e-04 8.999811180527126806e-04
2.773557200000000000e+07 -2.465996894006535489e-01 2.193176133933481473e-02 2.300238338384293373e-04 9.630319709676583156e-04
3.328268600000000000e+07 7.428285826765805566e-02 7.235604304900702943e-02 1.015497715291730765e-03 7.816942475428493783e-04
3.993922300000000000e+07 2.976466884586703165e-01 -5.902685321909421912e-02 7.367371206265404442e-04 3.904997097671166514e-04
4.792706800000000000e+07 -8.187505113934998024e-02 -4.293083658889789572e-03 4.474085559639515218e-04 7.723398159416421929e-04
5.751248200000000000e+07 -1.215196569160008205e-01 -3.651009596642647015e-01 5.779914144929419522e-04 5.442190397111490571e-04
6.901497800000000000e+07 -3.186796868349925371e-01 2.029671210920887259e-01 6.133520602065868459e-05 1.033855617619212908e-03
