# Z3/Z3_L2_f0.7_h0.99_m1.0_J1.0_hz0.1_phiz0.0_hx0.0_phix0.0_ndis100.txt
# time	Re(Z)\Im(Z)	Var(Re(Z))	Var(Im(Z))
1.000000000000000000e+00 9.995613990161895668e-01 3.062012495898547140e-06 -2.343184273078219811e-17 -5.682969817712776447e-29
1.000000000000000000e+00 9.995613990161895668e-01 3.062012495898547140e-06 -2.343184273078219811e-17 -5.682969817712776447e-29
1.000000000000000000e+00 9.995613990161895668e-01 3.062012495898547140e-06 -2.343184273078219811e-17 -5.682969817712776447e-29
1.000000000000000000e+00 9.995613990161895668e-01 3.062012495898547140e-06 -2.343184273078219811e-17 -5.682969817712776447e-29
2.000000000000000000e+00 9.984898350849390480e-01 1.871688478596117368e-05 1.486899972214854646e-10 7.051964836314773026e-11
2.000000000000000000e+00 9.984898350849390480e-01 1.871688478596117368e-05 1.486899972214854646e-10 7.051964836314773026e-11
2.000000000000000000e+00 9.984898350849390480e-01 1.871688478596117368e-05 1.486899972214854646e-10 7.051964836314773026e-11
3.000000000000000000e+00 9.972227330537741796e-01 2.261823082762240981e-05 3.139372764540751701e-09 1.149367269207108268e-09
4.000000000000000000e+00 9.959205668635742192e-01 5.840967049037471074e-05 1.745875975447910663e-08 6.297257694572848477e-09
5.000000000000000000e+00 9.944100880044625113e-01 9.744911046331100558e-05 5.064475081406002679e-08 1.911290749180859495e-08
6.000000000000000000e+00 9.925067299472781768e-01 2.409976034985325706e-05 1.046135970469190676e-07 4.046639210621279552e-08
7.000000000000000000e+00 9.902325558148130646e-01 1.269439078305847890e-04 1.786738826010692150e-07 7.163828332988141851e-08
8.000000000000000000e+00 9.878033907052181650e-01 2.637572427702172752e-04 2.802764745037219044e-07 1.168136057996123763e-07
1.000000000000000000e+01 9.830287789158547174e-01 3.148448839551437790e-04 6.274200413401814341e-07 2.721294698015408939e-07
1.200000000000000000e+01 9.783682785806254723e-01 3.039090623105148684e-04 1.226916138956891794e-06 5.722646570338761523e-07
1.500000000000000000e+01 9.714596490790851080e-01 2.643238151416747641e-04 2.738155368331440798e-06 1.554991421022145725e-06
1.800000000000000000e+01 9.638495031853446804e-01 2.336891942235628833e-04 5.752350887042611273e-06 3.433514296859253950e-06
2.200000000000000000e+01 9.493394101969705456e-01 8.226571496754709321e-05 1.256620927193145029e-05 7.672717158022332890e-06
2.600000000000000000e+01 9.281864314100773949e-01 4.919972428352633849e-04 2.360798528683623597e-05 1.384828047276784419e-05
3.100000000000000000e+01 8.975801411891718429e-01 1.153769823276467850e-03 4.578220279068381853e-05 2.532759881434161825e-05
3.800000000000000000e+01 8.556620285944059878e-01 1.135680440675570276e-03 9.709020135417689658e-05 5.067426952033852506e-05
4.600000000000000000e+01 8.030485311702481033e-01 7.239749198042008541e-04 1.916135819418992203e-04 9.037564228290288955e-05
5.500000000000000000e+01 7.302450159782637451e-01 2.539352098010251319e-03 3.422920708332159289e-04 1.381055884181971085e-04
6.600000000000000000e+01 6.518108992286437697e-01 1.534659152700124096e-03 5.970230187914569086e-04 1.881178040402631225e-04
7.900000000000000000e+01 5.548200198084844992e-01 3.385490805539841542e-03 9.518094004866826290e-04 2.021683740241025896e-04
9.500000000000000000e+01 4.608006579320091389e-01 2.949773385414119608e-03 1.406480154412676105e-03 1.470054085263136276e-04
1.140000000000000000e+02 3.845495732777580722e-01 1.042459325040010886e-03 1.845396760423838713e-03 4.768384792722353603e-05
1.370000000000000000e+02 3.364931474068971751e-01 -2.328354655562481397e-03 2.123543462669478989e-03 1.034105928554087753e-06
1.640000000000000000e+02 3.302885825745699444e-01 -8.791096301511728758e-03 2.112148012344859400e-03 1.317761675550006554e-06
1.970000000000000000e+02 4.020381067813914022e-01 -1.685148604036618841e-02 1.670884139308972645e-03 7.634542875853323645e-05
2.370000000000000000e+02 6.111066364532327100e-01 -2.331996653225630253e-02 6.401582875228403269e-04 1.739407244350407689e-04
2.840000000000000000e+02 8.842203334908035339e-01 -1.237322048321878344e-02 4.881685325765168287e-05 3.658463750434069448e-06
3.410000000000000000e+02 7.626097615112551464e-01 3.276151181940530066e-02 1.763445577343053993e-04 4.023933654631341964e-05
4.100000000000000000e+02 3.562844189066361467e-01 4.769073717026004605e-02 1.527902917009948481e-03 7.588493647835426175e-05
4.920000000000000000e+02 3.209095057153297237e-01 -6.186247702403621651e-02 1.534975991833790283e-03 6.425989938292014458e-05
5.900000000000000000e+02 6.908035052206581428e-01 -3.785563761043356235e-02 3.573005239401942472e-04 3.970459999411985591e-05
7.080000000000000000e+02 2.675959870390167139e-01 1.356128829851567241e-01 1.264994845361858610e-03 2.455459127717415533e-04
8.500000000000000000e+02 3.519205469566755173e-01 -1.536529368738360490e-01 7.755497377032116117e-04 3.206880180881437926e-04
1.020000000000000000e+03 1.341868889387416997e-01 1.788156628790059377e-01 1.057435747281871598e-03 3.437007242500955033e-04
1.224000000000000000e+03 3.462117081802161267e-01 4.478208995909382234e-02 7.491643291377989098e-04 1.046800046110799308e-04
1.469000000000000000e+03 2.166633792869903374e-01 -1.188758817850702892e-01 4.583040312782753613e-04 1.410269923624183827e-04
1.763000000000000000e+03 1.481802349826381870e-01 -9.194259437946195046e-02 3.803656091637096226e-04 1.688258431917535310e-04
2.116000000000000000e+03 3.380011823513510150e-01 -4.905638387419735541e-03 8.919560699612374965e-04 6.265929074017661464e-05
2.539000000000000000e+03 -9.280984150999989357e-02 1.130165251238581109e-01 3.361034505994760571e-04 1.655878639590313225e-04
3.047000000000000000e+03 5.621184617225649660e-02 5.541862876266002297e-02 7.689939723034454810e-04 1.916279953055168375e-04
3.657000000000000000e+03 1.805565752039430261e-01 6.223332136971752165e-02 6.652116032072822715e-04 1.395476733254477630e-04
4.388000000000000000e+03 -9.460189815832573124e-02 -5.616557968207455676e-02 4.232098487664910300e-04 2.840523760157920405e-04
5.266000000000000000e+03 -1.134424079134307151e-01 3.373074834578932424e-01 1.085256148228389353e-03 5.379166954013860427e-04
6.319000000000000000e+03 3.060911174258156842e-01 -8.770350646481187007e-02 8.041397992484107743e-04 1.863272619149230114e-04
7.583000000000000000e+03 2.860684783184648250e-01 -1.894840187291196854e-02 5.064578747952585636e-04 2.102714254824578804e-04
9.100000000000000000e+03 2.266183174391766530e-01 3.328188131646817732e-02 5.340706449408309797e-04 3.203970837513939380e-04
1.092000000000000000e+04 4.257919881546194940e-01 1.135412349532460285e-01 6.305173575968805273e-04 5.287308191698997608e-05
1.310400000000000000e+04 1.106369977011797817e-01 2.273721261549625783e-02 3.162703383638394488e-04 5.439626695915779787e-04
1.572500000000000000e+04 2.035281734544904797e-01 4.668155951902727002e-02 9.014693735148382112e-04 5.029282565232601329e-04
1.887000000000000000e+04 -2.197002025444071971e-01 3.096755894435229139e-01 7.438197998088087563e-04 1.708148112280754834e-03
2.264400000000000000e+04 6.957538913586341911e-02 -2.906856167425469085e-03 4.554425431952323052e-04 3.911565692273598349e-04
2.717300000000000000e+04 -8.906203491662713356e-02 1.187073470271886658e-02 7.349628056168357485e-05 7.225521045580943907e-04
3.260800000000000000e+04 -1.279784570488672057e-01 1.183537816804517973e-01 3.256375337621004768e-04 7.529283782510328565e-04
3.913000000000000000e+04 7.674067946335419443e-02 2.641490069871028079e-01 3.390423682341232176e-04 2.273587725093792066e-04
4.695600000000000000e+04 2.434496738810338901e-01 5.923277270846078217e-04 1.024058140903610827e-03 7.188784351695293694e-04
5.634700000000000000e+04 3.591696306135214178e-01 1.365871451509417800e-01 9.921285801801156459e-04 3.800347156684164159e-04
6.761700000000000000e+04 3.842509811422178262e-02 3.151315031306631265e-01 8.228527362776962570e-04 3.215673052990597751e-04
8.114000000000000000e+04 -1.358748451967737303e-01 -1.567742698513051591e-01 3.075743773654108582e-04 1.019932362868576853e-03
9.736800000000000000e+04 -2.568109885858495534e-01 2.179149787042253261e-01 1.205878878988514099e-04 6.716798605664630380e-04
1.168420000000000000e+05 -1.125258902399600552e-01 -2.929285791653860049e-02 3.077416270521858305e-04 8.010898140349964744e-04
1.402100000000000000e+05 -1.614821915883774828e-01 -5.661413912302980939e-02 2.800493842431603353e-04 8.881570363491395059e-04
1.682520000000000000e+05 2.238377655344895439e-02 4.643316021529905746e-02 3.338642050260931223e-04 2.043372166316524414e-04
2.019030000000000000e+05 1.535580156157668498e-02 -1.270362963117100397e-01 4.068508383081660446e-04 4.450491730815944540e-04
2.422830000000000000e+05 1.899783395981749501e-02 9.107209135192954885e-02 7.015496763611996740e-04 6.617343382184646050e-04
2.907400000000000000e+05 1.293009471813669486e-01 1.929812708482274083e-02 7.807134311615128962e-04 7.637781172990600097e-04
3.488880000000000000e+05 1.384505170002887087e-01 2.386843088557977777e-01 8.405795749270348434e-04 3.338896974451087472e-04
4.186660000000000000e+05 1.481914734967804403e-01 1.156561075554125850e-02 8.845783503755467320e-04 3.706597425293061787e-04
5.024000000000000000e+05 8.941742001066644088e-03 -2.227895237787144017e-02 9.701618841173924529e-04 6.227754147882510550e-04
6.028800000000000000e+05 1.700489049832717425e-01 -7.844287505450889264e-02 4.837072059834329968e-04 3.001087736114584157e-04
7.234560000000000000e+05 1.490408274120702259e-01 2.560531502258349412e-02 5.995944475549484570e-04 6.555565499342575929e-04
8.681470000000000000e+05 -8.666779045819921964e-03 -3.809383825545396840e-02 6.260845424042874507e-04 7.767267694034662214e-04
1.041776000000000000e+06 1.511761707578592774e-02 -3.507849493807956714e-02 6.177627435781892547e-04 7.897633946892804657e-04
1.250132000000000000e+06 8.160689462770161218e-02 3.109976718020611430e-02 1.031571826051402635e-03 7.866110344733292419e-04
1.500158000000000000e+06 1.432967028132914600e-01 -8.894473565643849777e-02 8.863769566587807562e-04 5.294286727997236756e-04
1.800190000000000000e+06 -1.943163037917721575e-02 -1.175596756582151931e-01 3.870277423851958723e-04 5.150427627494930756e-04
2.160228000000000000e+06 -2.615613407175620617e-02 1.121964623062642885e-01 6.480746439065751974e-04 6.447488101969479435e-04
2.592274000000000000e+06 -2.775906778626391347e-01 -7.578278349725459107e-02 1.148963499171688817e-04 1.053757863894815277e-03
3.110728000000000000e+06 -1.205707973560828927e-01 1.964081220004524619e-01 1.869292810462104863e-04 5.182529504629923523e-04
3.732874000000000000e+06 -2.567236419234870254e-02 -7.801379781038805805e-02 3.560618030902712233e-04 5.536179062455946895e-04
4.479449000000000000e+06 -7.844414409763253437e-02 -1.870842633448571435e-01 4.544017715526273453e-04 5.386876230048490317e-04
5.375339000000000000e+06 -1.177462837238863191e-01 -3.932639817018827866e-02 4.009473958854552450e-04 1.170946239323663067e-03
6.450407000000000000e+06 -1.203506583899820528e-02 -1.396437256130851623e-01 6.044706013836506327e-04 6.276632832828673084e-04
7.740489000000000000e+06 6.116941591667890421e-02 -2.360446693690143941e-02 9.494537946494512265e-04 9.016253856517863043e-04
9.288586000000000000e+06 -2.857857929267748967e-02 1.327937498643430858e-01 5.895648981725910929e-04 5.334429127458076118e-04
1.114630400000000000e+07 4.884168482705907944e-04 4.410605124761930035e-02 5.763411308525790604e-04 7.430086839690273285e-04
1.337556500000000000e+07 1.815214008628965592e-01 1.554640674232815600e-01 1.314525952193203173e-03 9.448701974854250380e-04
1.605067800000000000e+07 -5.391683684460504312e-03 8.843057134673372455e-02 6.927891771618435420e-04 5.335016122280067082e-04
1.926081300000000000e+07 5.652957431690300988e-02 1.259994340024166992e-01 9.766052034598058252e-04 4.422762339439066919e-04
2.311297600000000000e+07 -1.351791001747486010e-01 3.457149643811607831e-01 5.138553592378959601e-04 8.540408174519058910e-04
2.773557200000000000e+07 -2.351466096343227397e-01 -2.067329157148998803e-03 2.257207363745911328e-04 8.878785498855206208e-04
3.328268600000000000e+07 7.239621713014501858e-02 8.041485015614960319e-02 9.611886222780013445e-04 7.553094144920405317e-04
3.993922300000000000e+07 2.852927071295522365e-01 -5.728802622347437673e-02 7.291998399943666349e-04 3.991271133539659051e-04
4.792706800000000000e+07 -6.572936304650689454e-02 -2.547054385198260426e-02 4.704385267454143198e-04 7.809579149698047664e-04
5.751248200000000000e+07 -1.387544039808422669e-01 -3.746734880958935143e-01 5.378768980469846072e-04 5.405454212784063881e-04
6.901497800000000000e+07 -3.107547700423621828e-01 2.373281166802911901e-01 6.359418535800185723e-05 8.872794458196655134e-04
