# Z3/Z3_L5_f1.0_h0.99_m1.0_J1.0_hz0.1_phiz0.0_hx0.0_phix0.0_ndis100.txt
# time	Re(Z)\Im(Z)	Var(Re(Z))	Var(Im(Z))
1.000000000000000000e+00 9.995613990161756890e-01 3.062012505205325037e-06 2.180397924113533909e-17 4.532709393686743629e-29
1.000000000000000000e+00 9.995613990161756890e-01 3.062012505205325037e-06 2.180397924113533909e-17 4.532709393686743629e-29
1.000000000000000000e+00 9.995613990161756890e-01 3.062012505205325037e-06 2.180397924113533909e-17 4.532709393686743629e-29
1.000000000000000000e+00 9.995613990161756890e-01 3.062012505205325037e-06 2.180397924113533909e-17 4.532709393686743629e-29
2.000000000000000000e+00 9.985203557982216260e-01 -7.490346283010706878e-06 1.187813287942135295e-10 2.469954498375016131e-11
2.000000000000000000e+00 9.985203557982216260e-01 -7.490346283010706878e-06 1.187813287942135295e-10 2.469954498375016131e-11
2.000000000000000000e+00 9.985203557982216260e-01 -7.490346283010706878e-06 1.187813287942135295e-10 2.469954498375016131e-11
3.000000000000000000e+00 9.972974233976227287e-01 4.588972933647731420e-05 1.754123381617762929e-09 3.408569597344105057e-10
4.000000000000000000e+00 9.958087396656107870e-01 9.441091465072470586e-05 7.111324919710123449e-09 1.728958162666040406e-09
5.000000000000000000e+00 9.942742014021839214e-01 6.910763525559481891e-05 1.718984985483764639e-08 4.480447044300590399e-09
6.000000000000000000e+00 9.929138277394777834e-01 1.830729505823172588e-04 2.979357072853397485e-08 7.979532014573154569e-09
7.000000000000000000e+00 9.910402253300530928e-01 3.431840418496657813e-04 5.384959076533349353e-08 1.448788707955985008e-08
8.000000000000000000e+00 9.897440903831125070e-01 2.615976247953877049e-04 7.717531667791671410e-08 2.086674705607572807e-08
1.000000000000000000e+01 9.875701142840292990e-01 6.234345198445060592e-04 1.019407096685474775e-07 2.829476879241113272e-08
1.200000000000000000e+01 9.876744774510606284e-01 6.275513513714264845e-04 8.502623720393936429e-08 2.404550150880159277e-08
1.500000000000000000e+01 9.912621933906706762e-01 5.375157021738845948e-04 5.190161631180323761e-08 1.527330498675556962e-08
1.800000000000000000e+01 9.955251868701260332e-01 2.980201669264710956e-04 8.745560560978111867e-09 2.544518696572895821e-09
2.200000000000000000e+01 9.987919642650430196e-01 2.467790089496046986e-05 8.422550045515505709e-10 1.276396040145359308e-10
2.600000000000000000e+01 9.952184960505673361e-01 3.993017906683529110e-04 8.309024707643232989e-09 2.294190667363910427e-09
3.100000000000000000e+01 9.887565943245145705e-01 1.497859054772801134e-03 8.103138222160957621e-08 2.929199189188115371e-08
3.800000000000000000e+01 9.914161620984411893e-01 1.005527403816139581e-03 3.722077509976428564e-08 1.370273294284319075e-08
4.600000000000000000e+01 9.957105892433564254e-01 2.822999550013077590e-04 1.241438357279299341e-08 2.474658647881318513e-09
5.500000000000000000e+01 9.882595629602843879e-01 2.383836990315559446e-03 6.375529677829555443e-08 3.594819121267891202e-08
6.600000000000000000e+01 9.930675988674041443e-01 4.923593760876612780e-04 3.369937218656728737e-08 7.446435715244382056e-09
7.900000000000000000e+01 9.887022895463367655e-01 2.566964754475183422e-03 3.692249943485332299e-08 2.540650612391834119e-08
9.500000000000000000e+01 9.893021775283991071e-01 2.082144394733969651e-03 3.348464480462209104e-08 1.545806655678751229e-08
1.140000000000000000e+02 9.885982942348087166e-01 1.650020995569383749e-03 5.027829496827960877e-08 1.629155814290213043e-08
1.370000000000000000e+02 9.879166026113472832e-01 1.756987970377687711e-03 4.429824995221396557e-08 1.688505390145334406e-08
1.640000000000000000e+02 9.889093265388355647e-01 1.512255702515312309e-03 5.158861422351605563e-08 1.865912137825620186e-08
1.970000000000000000e+02 9.867574582634408564e-01 1.339356633457061858e-03 5.197957734600248394e-08 3.126632762001271052e-08
2.370000000000000000e+02 9.876833756412779497e-01 8.750336627999929454e-04 4.432279917592328179e-08 2.020602281387162340e-08
2.840000000000000000e+02 9.875600394788941472e-01 9.151287151615381411e-04 4.529616562192916413e-08 2.443047785834806425e-08
3.410000000000000000e+02 9.872209424328459715e-01 3.524397202021846377e-04 5.625716134577352041e-08 2.492573447130386781e-08
4.100000000000000000e+02 9.879324784894697453e-01 3.620728758887818721e-04 3.991723189686719455e-08 1.535839195214830649e-08
4.920000000000000000e+02 9.890445262681193395e-01 -8.025870845337631598e-05 5.793655861765571969e-08 1.400730806436203660e-08
5.900000000000000000e+02 9.885783191875416875e-01 7.335445239703364208e-05 3.788856325564347603e-08 1.446429400640482219e-08
7.080000000000000000e+02 9.885342835688964991e-01 1.851247488774644602e-04 3.404274802713198888e-08 1.182583467053909368e-08
8.500000000000000000e+02 9.886540084499682024e-01 1.253846295130495213e-04 4.722713838371046562e-08 1.170958229997058330e-08
1.020000000000000000e+03 9.892144325329799148e-01 -2.862779095624282339e-04 3.505501094635453687e-08 1.333766010950793911e-08
1.224000000000000000e+03 9.887430727796276964e-01 2.131476807774887005e-04 4.182044603225569275e-08 1.065999621716109888e-08
1.469000000000000000e+03 9.887781130552225628e-01 -8.966151629057906300e-05 4.031824261226049621e-08 1.115427535531222610e-08
1.763000000000000000e+03 9.876916276740107525e-01 -2.749379910360891851e-04 5.351627831777347293e-08 1.445960355614145900e-08
2.116000000000000000e+03 9.874887124985682885e-01 2.693485300980954481e-04 6.818344558562662405e-08 1.089350039119345076e-08
2.539000000000000000e+03 9.880702834769719001e-01 8.589242703391098267e-05 4.571030990748351777e-08 9.575765173310703652e-09
3.047000000000000000e+03 9.876336545302508707e-01 2.864414674249995485e-04 5.176204134543348954e-08 1.235137688130600958e-08
3.657000000000000000e+03 9.876566193799577453e-01 3.526992950123457077e-04 5.078259907176652751e-08 1.033257105990047382e-08
4.388000000000000000e+03 9.866055825851707262e-01 3.923569428101214324e-05 3.957692359117256649e-08 1.094538232216711776e-08
5.266000000000000000e+03 9.873345752106159612e-01 8.022709658933723930e-05 5.838480690228263734e-08 7.959075351993077158e-09
6.319000000000000000e+03 9.868669675466672508e-01 1.215257298379640572e-04 4.435871275242251153e-08 1.215757787510810036e-08
7.583000000000000000e+03 9.868859398191180965e-01 1.509199043740414579e-04 5.675740542528899926e-08 9.642998624846891217e-09
9.100000000000000000e+03 9.872010250977357737e-01 1.917865215741862894e-04 4.086880090727310592e-08 8.619071216545151288e-09
1.092000000000000000e+04 9.862034023849988174e-01 1.153709897033078211e-04 4.489523455535958823e-08 6.606936818662116667e-09
1.310400000000000000e+04 9.868652092666428954e-01 -2.833610176828460590e-04 3.867052020128658207e-08 9.066180174782215617e-09
1.572500000000000000e+04 9.859599593679669871e-01 -2.107911371823195624e-04 5.779320207770130179e-08 7.186778123246727096e-09
1.887000000000000000e+04 9.859269330169555534e-01 1.977129735828201372e-04 6.367229522143217436e-08 1.016908627192784018e-08
2.264400000000000000e+04 9.860770254267881008e-01 2.260470048039302021e-04 7.254830512289604024e-08 7.741119548757798580e-09
2.717300000000000000e+04 9.849352090165348628e-01 -5.203776023610440552e-05 8.232111493168539655e-08 7.801545808315726226e-09
3.260800000000000000e+04 9.849167783505869966e-01 4.188931225812064454e-05 9.227763139134590985e-08 5.870018659083394327e-09
3.913000000000000000e+04 9.849610961017054578e-01 3.313787558765702765e-04 1.392059869446935016e-07 6.229932301662392447e-09
4.695600000000000000e+04 9.837713695191724339e-01 1.148661760983828048e-04 2.127435842644048174e-07 6.605874009758503726e-09
5.634700000000000000e+04 9.816600405581256128e-01 1.056861326095085427e-04 3.505038542038471869e-07 6.761568134679353686e-09
6.761700000000000000e+04 9.803705234347653841e-01 1.564552518858653611e-04 6.492729765996578077e-07 6.959285685398323007e-09
8.114000000000000000e+04 9.774379632200824730e-01 4.721866035133552662e-04 1.184913404902803926e-06 1.610742700186285081e-08
9.736800000000000000e+04 9.740351124028076013e-01 1.111697445362876385e-03 2.173121461607074680e-06 4.346626915723994382e-08
1.168420000000000000e+05 9.689147650738519912e-01 1.590310646378583197e-03 4.009695893384097409e-06 9.224102980596285865e-08
1.402100000000000000e+05 9.620696697992149327e-01 2.709951216880792779e-03 7.645581749227070773e-06 2.872471547736961802e-07
1.682520000000000000e+05 9.521493151444346825e-01 4.821160114505200142e-03 1.485217386478758725e-05 7.183539645478690133e-07
2.019030000000000000e+05 9.387303201327451552e-01 8.020558211034064036e-03 2.709617956310019421e-05 1.886517714793684854e-06
2.422830000000000000e+05 9.208336699304378037e-01 1.321129118151846693e-02 4.689127355890323389e-05 4.628323695866614964e-06
2.907400000000000000e+05 8.960932310956857272e-01 2.146541556989050442e-02 7.793763812421532981e-05 1.134690738709010012e-05
3.488880000000000000e+05 8.669139962211296346e-01 3.125334818230856432e-02 1.172050240231762165e-04 2.214077711898285050e-05
4.186660000000000000e+05 8.308817392787862799e-01 4.513313312076143446e-02 1.582237469267778129e-04 3.675639043585919916e-05
5.024000000000000000e+05 7.889881882629036225e-01 5.960230691198197678e-02 1.918979899428931851e-04 4.522246013064634826e-05
6.028800000000000000e+05 7.395633879471927852e-01 7.256576254426769235e-02 2.251099691771334609e-04 4.020587213531697342e-05
7.234560000000000000e+05 6.766338516534747827e-01 8.253653103212994779e-02 2.788702612850783901e-04 5.040891813530413534e-05
8.681470000000000000e+05 5.972952813104206449e-01 1.004448431236779349e-01 3.613227039382172542e-04 1.075447028767427559e-04
1.041776000000000000e+06 5.089292917504535385e-01 1.428666986680681983e-01 4.389928825489610776e-04 1.185018595288129070e-04
1.250132000000000000e+06 4.327140422354839866e-01 1.965735004028555943e-01 4.732702434814541016e-04 1.252538801208229842e-04
1.500158000000000000e+06 3.398520780230758209e-01 2.182991624107064321e-01 5.342208771017810344e-04 2.161827499984061919e-04
1.800190000000000000e+06 2.245342350911357365e-01 2.508175911264362568e-01 5.529549542154634043e-04 2.570133041781946228e-04
2.160228000000000000e+06 1.846693726111448830e-01 2.571590930232400818e-01 4.734910597456329037e-04 1.972405968071751334e-04
2.592274000000000000e+06 9.550211255822586842e-02 2.317632871726136023e-01 4.622283442762496189e-04 2.012401532570235179e-04
3.110728000000000000e+06 -1.960170175559458258e-02 1.407824173270214307e-01 4.781811625717926110e-04 5.641078207485315278e-04
3.732874000000000000e+06 -5.766248386506555440e-02 1.881314199911023610e-01 4.243264366915992119e-04 5.113644724213044874e-04
4.479449000000000000e+06 -2.424806362242454619e-02 2.560456657049973161e-01 4.137459196157716929e-04 3.135155991986882215e-04
5.375339000000000000e+06 2.181589695671258544e-02 1.449315104031115853e-01 6.161391226258295523e-04 5.093599744356730203e-04
6.450407000000000000e+06 -1.675467783861711579e-01 1.929130897204373585e-01 3.716977048963720012e-04 5.090984240320220976e-04
7.740489000000000000e+06 -7.988989793516897142e-02 7.692148348171434780e-02 3.408972143834612320e-04 4.156065113673447411e-04
9.288586000000000000e+06 3.759077794804798617e-02 -6.124155982552382388e-02 4.829673352492102278e-04 3.020991628328142985e-04
1.114630400000000000e+07 -3.780309229879488114e-02 2.052953952716772903e-02 3.404393672722946058e-04 3.708101542224268845e-04
1.337556500000000000e+07 7.230843727012682687e-02 -1.322864613676703605e-01 5.395492643094838663e-04 3.223939152554164064e-04
1.605067800000000000e+07 -3.419465867688797206e-02 2.831150686287849799e-02 3.235743512613652932e-04 2.964744028006031690e-04
1.926081300000000000e+07 8.128957797727252854e-02 1.987755281648131284e-02 4.449633898418691694e-04 2.783099525584459342e-04
2.311297600000000000e+07 7.176008416197832140e-02 -3.731815128021788441e-02 4.351374089213922900e-04 2.773908989063093855e-04
2.773557200000000000e+07 7.499349688593645591e-02 3.376982237615708954e-02 4.200222475137225554e-04 2.848962833694469168e-04
3.328268600000000000e+07 2.709936766040962550e-02 -6.428138603243257337e-03 3.928120259278694223e-04 2.973690198450029925e-04
3.993922300000000000e+07 7.063555680151134553e-02 -2.479930677339556994e-02 4.995967106169152926e-04 3.003633560240632008e-04
4.792706800000000000e+07 1.601438852806706947e-01 8.001245585737663812e-02 4.186781546935625575e-04 2.778114555805049485e-04
5.751248200000000000e+07 -2.286769882162109288e-02 7.057096150882001540e-02 3.839626300713636347e-04 4.165742273441977884e-04
6.901497800000000000e+07 -3.476504543322966184e-02 -1.121116089786022424e-01 3.283679151505510788e-04 3.343764463671668598e-04
