# Z3/Z3_L6_f0.7_h0.99_m1.0_J1.0_hz0.1_phiz0.0_hx0.0_phix0.0_ndis100.txt
# time	Re(Z)\Im(Z)	Var(Re(Z))	Var(Im(Z))
1.000000000000000000e+00 9.995613990161835716e-01 3.062012504650990677e-06 -5.375036346265365642e-18 2.697140457249803171e-29
1.000000000000000000e+00 9.995613990161835716e-01 3.062012504650990677e-06 -5.375036346265365642e-18 2.697140457249803171e-29
1.000000000000000000e+00 9.995613990161835716e-01 3.062012504650990677e-06 -5.375036346265365642e-18 2.697140457249803171e-29
1.000000000000000000e+00 9.995613990161835716e-01 3.062012504650990677e-06 -5.375036346265365642e-18 2.697140457249803171e-29
2.000000000000000000e+00 9.989010836078489053e-01 -2.372533550308150632e-04 2.066574855963862382e-10 7.468394060863086802e-11
2.000000000000000000e+00 9.989010836078489053e-01 -2.372533550308150632e-04 2.066574855963862382e-10 7.468394060863086802e-11
2.000000000000000000e+00 9.989010836078489053e-01 -2.372533550308150632e-04 2.066574855963862382e-10 7.468394060863086802e-11
3.000000000000000000e+00 9.980351944927235985e-01 -4.931124282363256095e-04 1.319451107267842093e-09 4.239200973081307423e-10
4.000000000000000000e+00 9.971299190234830245e-01 -7.536726668091790976e-04 6.084779177456988530e-09 1.804305096614885390e-09
5.000000000000000000e+00 9.959613059007089708e-01 -1.038822510087061357e-03 1.746023464764191159e-08 4.968849458239465525e-09
6.000000000000000000e+00 9.946279412816861898e-01 -1.633622720832647417e-03 3.475541338774077167e-08 9.972374085151894623e-09
7.000000000000000000e+00 9.926529306541269637e-01 -2.348541752912189622e-03 5.983918202162772482e-08 1.724083191111595385e-08
8.000000000000000000e+00 9.904909392488858710e-01 -3.257150940791319303e-03 9.522122562063893242e-08 2.733095134167054789e-08
1.000000000000000000e+01 9.861946614335860284e-01 -5.313691357623344727e-03 2.150214423626658836e-07 6.339220015377165862e-08
1.200000000000000000e+01 9.812643188167992081e-01 -7.911279966014499523e-03 4.196301385586302233e-07 1.261394001981834061e-07
1.500000000000000000e+01 9.723963576403186204e-01 -1.353973398580005615e-02 9.188629598750507828e-07 2.868354189982433580e-07
1.800000000000000000e+01 9.622892013076540518e-01 -1.983627272825961088e-02 1.866807559860261549e-06 6.058652206321623241e-07
2.200000000000000000e+01 9.454727225272308022e-01 -2.981441834405643490e-02 4.005878818122453940e-06 1.320136469795969054e-06
2.600000000000000000e+01 9.243248012492841781e-01 -4.021184049167438740e-02 7.505789295739348817e-06 2.435792071097149779e-06
3.100000000000000000e+01 8.942167494915761461e-01 -5.413355688914408409e-02 1.446213684855336306e-05 4.597718847997922879e-06
3.800000000000000000e+01 8.478993401140365593e-01 -7.660027010599793074e-02 2.955429799204866841e-05 9.441071978206425221e-06
4.600000000000000000e+01 7.899002199690522419e-01 -1.028699335753627403e-01 5.589128257011504293e-05 1.790563521231542784e-05
5.500000000000000000e+01 7.172629664982472786e-01 -1.276565031898156677e-01 9.644485853510242630e-05 3.033519100036640196e-05
6.600000000000000000e+01 6.319903140461842206e-01 -1.529541891106030727e-01 1.574793022192401404e-04 4.986906452276071672e-05
7.900000000000000000e+01 5.379227599524011305e-01 -1.654840063918811000e-01 2.361819505036533726e-04 7.466117903029187539e-05
9.500000000000000000e+01 4.493062735627523785e-01 -1.599848773161230142e-01 3.216966122141275966e-04 1.043033342991132200e-04
1.140000000000000000e+02 3.893627948966423280e-01 -1.292449621971539231e-01 3.846828526377268757e-04 1.322594210555510434e-04
1.370000000000000000e+02 3.755685312469975723e-01 -7.911673146883703434e-02 3.948957177601332630e-04 1.515854731412920482e-04
1.640000000000000000e+02 4.073958904936078596e-01 -3.311628500774558420e-02 3.432786621711506232e-04 1.513150748518640298e-04
1.970000000000000000e+02 4.544734000757620906e-01 -1.738463935326730464e-02 2.875870318697447544e-04 1.317632405297458522e-04
2.370000000000000000e+02 4.694969481914146314e-01 -4.074215000199548492e-02 2.984172294838242359e-04 1.218700361495185156e-04
2.840000000000000000e+02 4.429395253890244244e-01 -6.131777775622779952e-02 3.014817976846346365e-04 1.145393394361470457e-04
3.410000000000000000e+02 4.015594987353413581e-01 -7.754539742274259295e-02 3.543378118110508701e-04 1.465400289730273630e-04
4.100000000000000000e+02 4.193835349071114438e-01 -8.292165125260785030e-02 3.205975788720711477e-04 1.261162336510370050e-04
4.920000000000000000e+02 4.860775484523592871e-01 -3.969665480877385133e-02 2.887225008002307033e-04 1.039103253950597871e-04
5.900000000000000000e+02 4.202587233963013813e-01 -7.411973594219625761e-02 3.123484116112476886e-04 1.315167837664382852e-04
7.080000000000000000e+02 4.870069768911354235e-01 -4.913971196009299380e-02 2.533520841525063435e-04 9.329101320128606420e-05
8.500000000000000000e+02 4.265898519614684248e-01 -7.590203735011519237e-02 2.827337231102182067e-04 1.103074440420305751e-04
1.020000000000000000e+03 4.558168593962658721e-01 -5.827422537147712578e-02 2.680919001706364682e-04 9.744735399705008812e-05
1.224000000000000000e+03 4.749773256677945477e-01 -6.063702790494660683e-02 2.627933971229582592e-04 8.192404868839407944e-05
1.469000000000000000e+03 4.524117274774988595e-01 -5.520293070880970959e-02 2.916409102386360039e-04 9.431900137053836981e-05
1.763000000000000000e+03 4.179486198239635297e-01 -5.810372983951306997e-02 2.650671254915368280e-04 9.893974244057555348e-05
2.116000000000000000e+03 4.381416381062185339e-01 -5.170112096972641347e-02 2.513857816215487543e-04 8.059618936016266721e-05
2.539000000000000000e+03 4.120423780315010664e-01 -6.335108065491727725e-02 2.527754922356551816e-04 9.119367057400203970e-05
3.047000000000000000e+03 3.947425466859367793e-01 -6.550880433055092378e-02 2.657862168675763121e-04 9.095046972606354852e-05
3.657000000000000000e+03 4.049912065246746296e-01 -4.670347557436496655e-02 2.385054401782914885e-04 6.948842768791544744e-05
4.388000000000000000e+03 3.701223179579954392e-01 -5.104831072565266942e-02 2.316397656080613327e-04 8.115861832161288918e-05
5.266000000000000000e+03 3.765484610149225086e-01 -3.504584069147350517e-02 2.258892773442756701e-04 6.618822487895411905e-05
6.319000000000000000e+03 3.787199152846128514e-01 -3.021240157736339998e-02 2.264307119876943187e-04 5.710469823597323858e-05
7.583000000000000000e+03 3.394099571739430665e-01 -3.641060710585189431e-02 2.281537539091324789e-04 5.916226054860776121e-05
9.100000000000000000e+03 3.324592730455532275e-01 -4.342760215334905832e-02 2.286204244068476815e-04 5.916968856268716917e-05
1.092000000000000000e+04 3.103952386870743041e-01 -4.203021288511098880e-02 2.241240043766218651e-04 5.627364027123170532e-05
1.310400000000000000e+04 3.026173088814171908e-01 -2.443082000588974248e-02 2.127317140473668276e-04 5.225453296255232389e-05
1.572500000000000000e+04 2.841921497282224873e-01 -2.672535595310521900e-02 2.089641199146231670e-04 5.078538482401940722e-05
1.887000000000000000e+04 2.754300702361415776e-01 -3.195729084704852091e-02 2.056032646001214662e-04 4.911820196847706466e-05
2.264400000000000000e+04 2.488016488444421137e-01 -2.777883422533029834e-02 1.928770299144212446e-04 4.382634669235156819e-05
2.717300000000000000e+04 2.440009005762261984e-01 -3.455168942608832783e-02 1.815308875073761623e-04 4.228216417178701090e-05
3.260800000000000000e+04 2.348840349893701884e-01 -2.477155175969414716e-02 1.779319591843452736e-04 3.211515866835041753e-05
3.913000000000000000e+04 2.097214619578434414e-01 -1.824299892946689219e-02 1.837476915076599723e-04 3.552770782689926667e-05
4.695600000000000000e+04 1.926372856427717717e-01 -3.628678647607192637e-02 1.813811076789934517e-04 3.661610072775181942e-05
5.634700000000000000e+04 1.779712533332759583e-01 -2.773994204306624856e-02 1.745680750961214596e-04 3.631838854270445994e-05
6.761700000000000000e+04 1.710735798732458957e-01 -1.674173510062267403e-02 1.479266832177777828e-04 3.201531197562094614e-05
8.114000000000000000e+04 1.546753365104978906e-01 -2.142990926753773201e-02 1.424776190979236000e-04 2.841782142423906896e-05
9.736800000000000000e+04 1.519376457204153208e-01 -2.055695908155561955e-02 1.404050742458032666e-04 2.280923308403910775e-05
1.168420000000000000e+05 1.397745297528080188e-01 -1.092549845300911510e-02 1.336657453179803897e-04 2.581505277687762119e-05
1.402100000000000000e+05 1.211725696802453955e-01 -9.020704017602557481e-03 1.311586713340482009e-04 3.135523574345665731e-05
1.682520000000000000e+05 1.160273483962888930e-01 -1.044379043173735040e-02 1.163331878153295041e-04 2.086519033724003276e-05
2.019030000000000000e+05 1.183477331844539765e-01 -2.159415339184252852e-02 1.152620684051791264e-04 2.277270272226483334e-05
2.422830000000000000e+05 1.040671992229058873e-01 -1.378414817578030478e-02 1.099191724106099341e-04 1.930132144666436123e-05
2.907400000000000000e+05 8.683665888900188312e-02 -7.293007071035792488e-03 9.694502183167955870e-05 2.553947733459128422e-05
3.488880000000000000e+05 8.621977845205526514e-02 -1.145286146443208648e-02 1.000630415988067905e-04 2.052704167835260788e-05
4.186660000000000000e+05 8.220176438412754583e-02 -4.233133203022136463e-03 8.677757182396900724e-05 2.346696879451809367e-05
5.024000000000000000e+05 6.925605742835315437e-02 5.300275305371764459e-03 7.674159540886391182e-05 2.356380837567745358e-05
6.028800000000000000e+05 6.164650682784821728e-02 -2.103503402871887383e-03 6.445856318107219681e-05 2.937423471395705484e-05
7.234560000000000000e+05 3.491414764313104796e-02 7.298239947438835487e-03 5.985308488989183945e-05 2.722407447365832501e-05
8.681470000000000000e+05 3.187061218731996465e-02 1.714159841996251189e-03 5.459233521767824985e-05 2.948263283091178129e-05
1.041776000000000000e+06 2.650546112615553493e-02 3.020322646849937787e-02 4.708633348188220760e-05 2.456566433346624528e-05
1.250132000000000000e+06 2.800207079433662469e-02 1.223036276401985936e-02 4.345625675787581670e-05 2.442618017808520633e-05
1.500158000000000000e+06 1.992817549631949181e-02 2.237246283111846493e-03 4.392257678083259895e-05 3.008620650230848105e-05
1.800190000000000000e+06 3.021159267026032186e-02 8.755294250248636320e-03 4.407222637522150007e-05 2.996718175526148583e-05
2.160228000000000000e+06 1.292523118173542242e-02 1.141664848725322361e-02 3.792793978963849606e-05 2.475506250582428693e-05
2.592274000000000000e+06 1.390817775385137615e-02 2.151447690042650879e-02 3.651544563210296085e-05 2.555978186796310783e-05
3.110728000000000000e+06 9.457996363507361129e-03 1.551205204603660869e-02 3.825809255396932934e-05 3.730345362888527424e-05
3.732874000000000000e+06 1.359930959155098221e-02 5.080860333125358438e-03 3.943394353708402840e-05 2.614254391669687397e-05
4.479449000000000000e+06 2.187056615516219660e-02 1.936086029259104918e-02 4.278942517799640718e-05 3.217363036167791358e-05
5.375339000000000000e+06 1.146875457629780923e-02 3.606278189205021096e-03 4.520715812701059979e-05 2.473849873178139396e-05
6.450407000000000000e+06 -2.949677202979245332e-03 1.185870665548070801e-02 4.033584001659124468e-05 2.571858462388446284e-05
7.740489000000000000e+06 5.216406670000910475e-03 3.833173156173663026e-03 3.887900540969786831e-05 2.117746065726163154e-05
9.288586000000000000e+06 4.185337746632844004e-03 -1.802638610824750659e-02 3.620397833905414364e-05 2.878229916815413719e-05
1.114630400000000000e+07 7.941918829292704887e-03 -1.419725320568203386e-02 3.771327404119920732e-05 2.919344084242285538e-05
1.337556500000000000e+07 3.455150387571703785e-02 3.959401532509593258e-03 3.880279703121811656e-05 1.583648173026920604e-05
1.605067800000000000e+07 6.531674123569496983e-03 -1.785629443933074711e-02 3.733182239670260292e-05 2.252661761537936200e-05
1.926081300000000000e+07 2.369059607674901119e-02 -6.955663252222502382e-03 3.545583691480452642e-05 2.686648432643074704e-05
2.311297600000000000e+07 1.662927034075371152e-02 -1.789841066659447755e-02 3.789663691254411946e-05 2.228177452265106803e-05
2.773557200000000000e+07 9.792968212167130204e-03 -1.684080608642267787e-02 3.611796743344145532e-05 1.978154542694194603e-05
3.328268600000000000e+07 2.249732671420021091e-02 -2.527460107939920059e-03 3.618433289236167082e-05 2.110190596127093477e-05
3.993922300000000000e+07 3.165411836225176523e-02 1.867186171182366305e-03 3.850562440426596100e-05 1.986461987111929286e-05
4.792706800000000000e+07 9.436667082093846623e-03 -1.298878410554850371e-02 3.924104139898216908e-05 2.252759628316006494e-05
5.751248200000000000e+07 -7.054105638545896464e-03 -9.496253912566865029e-04 3.574521591872004822e-05 3.384096388602174729e-05
6.901497800000000000e+07 2.954712401724379420e-02 -1.077177728162471933e-04 4.875694376421375702e-05 1.694840919961898397e-05
