# Z3/Z3_L7_f1.0_h0.99_m1.0_J1.0_hz0.1_phiz0.0_hx0.0_phix0.0_ndis100.txt
# time	Re(Z)\Im(Z)	Var(Re(Z))	Var(Im(Z))
1.000000000000000000e+00 9.995613990161973383e-01 3.062012504328074189e-06 -3.843690585969783949e-17 2.542411798686545621e-29
1.000000000000000000e+00 9.995613990161973383e-01 3.062012504328074189e-06 -3.843690585969783949e-17 2.542411798686545621e-29
1.000000000000000000e+00 9.995613990161973383e-01 3.062012504328074189e-06 -3.843690585969783949e-17 2.542411798686545621e-29
1.000000000000000000e+00 9.995613990161973383e-01 3.062012504328074189e-06 -3.843690585969783949e-17 2.542411798686545621e-29
2.000000000000000000e+00 9.985191764916544477e-01 -3.014991095005898660e-06 7.949455654226897301e-11 1.800204032100642379e-11
2.000000000000000000e+00 9.985191764916544477e-01 -3.014991095005898660e-06 7.949455654226897301e-11 1.800204032100642379e-11
2.000000000000000000e+00 9.985191764916544477e-01 -3.014991095005898660e-06 7.949455654226897301e-11 1.800204032100642379e-11
3.000000000000000000e+00 9.972993529483671349e-01 4.808967437957446117e-05 1.163210824435102656e-09 2.462255770368751028e-10
4.000000000000000000e+00 9.959069270707079369e-01 9.276713356075193706e-05 4.666998508998833416e-09 1.271846633740829596e-09
5.000000000000000000e+00 9.945024090412385442e-01 7.633010425428307243e-05 1.157782088687724809e-08 3.337129530854397966e-09
6.000000000000000000e+00 9.932769296819388138e-01 1.780291868370108548e-04 2.065955876028931470e-08 5.993804125991354244e-09
7.000000000000000000e+00 9.915836041227380493e-01 3.261532743604487810e-04 3.830040419850753322e-08 1.095512565209516810e-08
8.000000000000000000e+00 9.903899677629804943e-01 2.487359718344579968e-04 5.477947389848454644e-08 1.576111050007792220e-08
1.000000000000000000e+01 9.882610627378731749e-01 5.839953980218552968e-04 7.101961355389964215e-08 2.116775812433751181e-08
1.200000000000000000e+01 9.882761988862300839e-01 5.834623224618201362e-04 5.828464183804297978e-08 1.781497996027195575e-08
1.500000000000000000e+01 9.918303431791622993e-01 4.868580224823189644e-04 3.617814670477903289e-08 1.126396189341931690e-08
1.800000000000000000e+01 9.957621489423222894e-01 2.769611109240478265e-04 5.365313020285560703e-09 1.738874920586759751e-09
2.200000000000000000e+01 9.989312789279093385e-01 2.487430233293230926e-05 3.802140741813188538e-10 8.433723574911445002e-11
2.600000000000000000e+01 9.954888539777331236e-01 3.718470824289719793e-04 4.886930258015511942e-09 1.608355065927631001e-09
3.100000000000000000e+01 9.894259351432524996e-01 1.338285055448546618e-03 5.586695198984812930e-08 2.164557966716239951e-08
3.800000000000000000e+01 9.920599105867625722e-01 8.904280576575765958e-04 2.310604724101388164e-08 9.484933851684043597e-09
4.600000000000000000e+01 9.963174509117614930e-01 2.239642788112411562e-04 5.191303715466226867e-09 1.458382641423946402e-09
5.500000000000000000e+01 9.888787631777568032e-01 2.124458980021380530e-03 4.147505642820855685e-08 2.610240457987979874e-08
6.600000000000000000e+01 9.940639758184520725e-01 4.016855514874856565e-04 1.434014337779460024e-08 4.682788693831725046e-09
7.900000000000000000e+01 9.893192766291544205e-01 2.300236628063089157e-03 2.011952433363839454e-08 1.809213206530542616e-08
9.500000000000000000e+01 9.900496435420989005e-01 1.820336958269021081e-03 1.528819484075301846e-08 1.042180729447946978e-08
1.140000000000000000e+02 9.896881545832770799e-01 1.418976409172219072e-03 2.297362208862505700e-08 9.542893578082381245e-09
1.370000000000000000e+02 9.886737997124210864e-01 1.642920914767800758e-03 2.278061459451788386e-08 1.012224409114562841e-08
1.640000000000000000e+02 9.888863309279798397e-01 1.680682841636586995e-03 3.568822254345332766e-08 1.259242145717847258e-08
1.970000000000000000e+02 9.875415782624973327e-01 1.768840156125973517e-03 3.270787550657477146e-08 1.669427270218305839e-08
2.370000000000000000e+02 9.879581843313790523e-01 1.228125677272970395e-03 3.094001367810034416e-08 1.248308938361655015e-08
2.840000000000000000e+02 9.879539822021945472e-01 9.133805668948623106e-04 4.033221460528357218e-08 1.511449371251647923e-08
3.410000000000000000e+02 9.872605567804665361e-01 3.657919056953963066e-04 3.897972869803755719e-08 1.684664568603510656e-08
4.100000000000000000e+02 9.877087772913242247e-01 1.202548131436338111e-04 3.011574856302829472e-08 1.312544040979182809e-08
4.920000000000000000e+02 9.885433300101763576e-01 7.717284580646007643e-06 2.949649872627560726e-08 1.406863121072836712e-08
5.900000000000000000e+02 9.886209626185962218e-01 -3.972705958160738292e-05 2.715836981007687915e-08 9.962113832634410959e-09
7.080000000000000000e+02 9.894313504984008079e-01 -3.210824580119174955e-04 2.887273492648392743e-08 8.162019634599256258e-09
8.500000000000000000e+02 9.887137983818643505e-01 -1.994101346824848675e-05 2.363248529137482593e-08 1.000983637370486214e-08
1.020000000000000000e+03 9.883544486058473133e-01 2.451882701338557727e-05 2.128518881226636948e-08 1.137195889986164675e-08
1.224000000000000000e+03 9.885475533824407135e-01 1.417284015844675661e-04 2.366324686349128764e-08 1.049970963769526220e-08
1.469000000000000000e+03 9.886565508310493078e-01 -3.831009802969401277e-06 3.286676844083220729e-08 1.038454537277971681e-08
1.763000000000000000e+03 9.888109805214030379e-01 2.443084345606860800e-05 2.445441489269023806e-08 8.437255015361043350e-09
2.116000000000000000e+03 9.883112660070579869e-01 2.536612152435656700e-04 3.098144059896720490e-08 1.137881983571832984e-08
2.539000000000000000e+03 9.877330053189857795e-01 -1.786567729275850727e-04 2.674049502936003686e-08 1.024173733964071242e-08
3.047000000000000000e+03 9.879875938215880726e-01 5.649650125668259393e-05 2.970110544760447545e-08 9.276258065861760837e-09
3.657000000000000000e+03 9.884243171321376309e-01 1.789353659594313365e-06 2.433087235946871940e-08 9.668268580877201086e-09
4.388000000000000000e+03 9.877767312740241001e-01 -8.827111572701654770e-05 2.937734465514820384e-08 8.933487389535410376e-09
5.266000000000000000e+03 9.877137647137312904e-01 1.987141318868710347e-04 3.150150403318562640e-08 7.747475639239075133e-09
6.319000000000000000e+03 9.878624749627481494e-01 -1.155045328894712081e-04 3.730092918502562371e-08 8.579398185683369522e-09
7.583000000000000000e+03 9.870938716955681702e-01 6.358017478065414012e-05 3.425263464707999874e-08 9.369811042323900249e-09
9.100000000000000000e+03 9.872108351049655450e-01 -5.113128788550763058e-05 2.784871459570529656e-08 8.130927658206674999e-09
1.092000000000000000e+04 9.873461135559133961e-01 5.766491120782323433e-05 3.090641965608375909e-08 6.642534838672482926e-09
1.310400000000000000e+04 9.873134918735894106e-01 1.496616079921445205e-04 3.278920307929111006e-08 6.522370793864462598e-09
1.572500000000000000e+04 9.863690841942008847e-01 -2.216203122033548391e-04 3.157093537543805080e-08 7.489785101328745436e-09
1.887000000000000000e+04 9.864362119527348982e-01 -2.376728964993018141e-05 3.227507226935802499e-08 7.251330677513096947e-09
2.264400000000000000e+04 9.865396782292231714e-01 -1.118302800677062954e-04 3.225973747837846466e-08 7.030663325825626363e-09
2.717300000000000000e+04 9.855064604392413941e-01 1.458072994505637328e-04 3.656457781522462770e-08 6.593419656180019858e-09
3.260800000000000000e+04 9.854523080899973975e-01 1.504133367714571140e-04 3.861980509622640218e-08 6.151206627169014865e-09
3.913000000000000000e+04 9.851203445022594929e-01 -2.151473631987358421e-05 3.680424643938618734e-08 6.058127886709230632e-09
4.695600000000000000e+04 9.854796188955554648e-01 3.300737507668550792e-05 3.583596083826688208e-08 5.296792207807303003e-09
5.634700000000000000e+04 9.850714538153243494e-01 4.764760910791001265e-06 3.516022449743723460e-08 5.564931479133669456e-09
6.761700000000000000e+04 9.849844617530625346e-01 -6.069330897416631002e-05 3.296543858600693157e-08 5.241472248959292214e-09
8.114000000000000000e+04 9.846436946561607506e-01 -2.699669464217180240e-04 3.531360774520285633e-08 6.255376925198062829e-09
9.736800000000000000e+04 9.845494157880309016e-01 -1.362379439248096163e-04 3.452674396807867650e-08 4.976019867370049126e-09
1.168420000000000000e+05 9.840008826338229042e-01 -5.819502809682686130e-05 3.379475469519566759e-08 5.874920388706180433e-09
1.402100000000000000e+05 9.837167080658082430e-01 -8.922364739681752004e-05 3.484834021477089275e-08 5.033575043852865984e-09
1.682520000000000000e+05 9.837923971842096327e-01 -8.029162702130895966e-05 3.581500386820197917e-08 4.174804353066387315e-09
2.019030000000000000e+05 9.839265514891776254e-01 2.546305839928129770e-04 3.168037526479364330e-08 4.121954690507079318e-09
2.422830000000000000e+05 9.837872467412418498e-01 2.176194463136035926e-04 3.203664843551084850e-08 4.523312420282527046e-09
2.907400000000000000e+05 9.835562923998140139e-01 1.531681574872381971e-04 3.233967537143431297e-08 5.093300415930979442e-09
3.488880000000000000e+05 9.836191956840335537e-01 1.674412830404018240e-04 3.043084862542742387e-08 5.269003900115365541e-09
4.186660000000000000e+05 9.832776156995357564e-01 4.915803869071581195e-05 3.074839427011036796e-08 5.141909970822937746e-09
5.024000000000000000e+05 9.831253585617296675e-01 -2.613524378291876127e-05 3.145898987869342132e-08 4.994081972731488597e-09
6.028800000000000000e+05 9.832453996929946261e-01 -1.008174548687422077e-04 3.181459560810573552e-08 4.727995877769657259e-09
7.234560000000000000e+05 9.834512426822431541e-01 -4.130573154660829567e-05 2.987581150488719493e-08 4.842401035677952584e-09
8.681470000000000000e+05 9.829328630211224826e-01 1.192674634744289559e-04 2.806617731227249155e-08 5.571786674350087939e-09
1.041776000000000000e+06 9.830415976921006438e-01 -5.268821442881345830e-05 2.881850888349884077e-08 4.405524022632854701e-09
1.250132000000000000e+06 9.829197146427616216e-01 -1.604904116465363396e-05 2.980263966164047008e-08 5.074738551690160099e-09
1.500158000000000000e+06 9.825587685346046651e-01 -2.729774357559317777e-05 3.320307430254782725e-08 4.450356961914044267e-09
1.800190000000000000e+06 9.827223981097568117e-01 -4.526210382373148058e-05 2.995058931718742125e-08 4.529274078361973516e-09
2.160228000000000000e+06 9.828666254898738019e-01 5.750095221802099436e-05 3.705283555593256319e-08 4.052935190354819272e-09
2.592274000000000000e+06 9.824916490616697473e-01 -9.462836801575312822e-05 4.206917707089308216e-08 4.708607039049150080e-09
3.110728000000000000e+06 9.820624677558322801e-01 1.877431596243015236e-04 5.886161685738644731e-08 4.295071942266269422e-09
3.732874000000000000e+06 9.817982470833791497e-01 -3.512392137582238114e-05 7.504996762854116886e-08 5.040522031906444132e-09
4.479449000000000000e+06 9.815669041557566477e-01 -1.804788864929220409e-04 1.063030602377255687e-07 5.801842387075566629e-09
5.375339000000000000e+06 9.808249968404145758e-01 -2.119416666426022545e-04 1.797375457238352427e-07 5.732428980356979957e-09
6.450407000000000000e+06 9.796697269146277254e-01 3.172106172752257191e-05 3.359593090492340350e-07 7.853273175737029394e-09
7.740489000000000000e+06 9.787052775555098449e-01 -3.975119466711923063e-04 6.138266867061822543e-07 1.451815875527626238e-08
9.288586000000000000e+06 9.765044980441490718e-01 -7.288197478979614599e-04 1.149984625883055167e-06 3.133910573352543421e-08
1.114630400000000000e+07 9.737936671685907264e-01 -8.531168626970260212e-04 2.187333797021835975e-06 7.960763786880583716e-08
1.337556500000000000e+07 9.701105505163872822e-01 -1.548379204628950404e-03 4.075045488273359339e-06 2.119649476431258841e-07
1.605067800000000000e+07 9.649604046425357406e-01 -3.077231993714059106e-03 7.287807980799254849e-06 5.378143642469120871e-07
1.926081300000000000e+07 9.582280697575564776e-01 -4.371083180170713851e-03 1.274133481762032529e-05 1.299398897134240664e-06
2.311297600000000000e+07 9.490696245575628298e-01 -6.867444855220275132e-03 2.081724070174746812e-05 2.913589645319862896e-06
2.773557200000000000e+07 9.378228601404166032e-01 -1.029059634613578404e-02 3.091478656075294070e-05 5.766222568820434073e-06
3.328268600000000000e+07 9.235567637174288969e-01 -1.455982669229246261e-02 4.159020509251238354e-05 9.061098371660975882e-06
3.993922300000000000e+07 9.061574524085399540e-01 -1.877844360628319262e-02 5.126187843104570654e-05 1.027136173703190693e-05
4.792706800000000000e+07 8.839633585107963265e-01 -2.253480494839975312e-02 6.297265294519540887e-05 7.894009584370358562e-06
5.751248200000000000e+07 8.548366480581753857e-01 -2.630689909174796851e-02 8.377010646742057913e-05 1.118739240998600873e-05
6.901497800000000000e+07 8.156464411294320760e-01 -3.477867640848983366e-02 1.172712724600469107e-04 2.572017636887620695e-05
