# Z3/Z3_L4_f0.8_h0.99_m1.0_J1.0_hz0.1_phiz0.0_hx0.0_phix0.0_ndis100.txt
# time	Re(Z)\Im(Z)	Var(Re(Z))	Var(Im(Z))
1.000000000000000000e+00 9.995613990161750229e-01 3.062012502762084758e-06 1.947759692324835928e-17 6.073635841701624390e-29
1.000000000000000000e+00 9.995613990161750229e-01 3.062012502762084758e-06 1.947759692324835928e-17 6.073635841701624390e-29
1.000000000000000000e+00 9.995613990161750229e-01 3.062012502762084758e-06 1.947759692324835928e-17 6.073635841701624390e-29
1.000000000000000000e+00 9.995613990161750229e-01 3.062012502762084758e-06 1.947759692324835928e-17 6.073635841701624390e-29
2.000000000000000000e+00 9.988053747157549234e-01 -1.754398115374583534e-04 3.232027903455700045e-10 1.141749398588508698e-10
2.000000000000000000e+00 9.988053747157549234e-01 -1.754398115374583534e-04 3.232027903455700045e-10 1.141749398588508698e-10
2.000000000000000000e+00 9.988053747157549234e-01 -1.754398115374583534e-04 3.232027903455700045e-10 1.141749398588508698e-10
3.000000000000000000e+00 9.979037934968956192e-01 -3.502099200183049553e-04 2.407674914633101449e-09 7.156991888801923861e-10
4.000000000000000000e+00 9.968917482401979946e-01 -5.067528258362021193e-04 1.032995239389038467e-08 2.891073239205281661e-09
5.000000000000000000e+00 9.956583731510236790e-01 -6.943712638142698510e-04 2.718575551085481906e-08 7.493575015259855388e-09
6.000000000000000000e+00 9.943462074067975776e-01 -1.086021843678310972e-03 5.167170329595753604e-08 1.503191404732051560e-08
7.000000000000000000e+00 9.924341701800707405e-01 -1.548508767920080478e-03 8.896086486234445213e-08 2.689848336188359575e-08
8.000000000000000000e+00 9.905172584876908992e-01 -2.217883728394405476e-03 1.371522651957438527e-07 4.254741804756758823e-08
1.000000000000000000e+01 9.868383481831741744e-01 -3.653471466899716955e-03 2.901402760110575102e-07 9.469837334533749828e-08
1.200000000000000000e+01 9.831827878263651455e-01 -5.603328106006809535e-03 5.409677157533968189e-07 1.799550275611471161e-07
1.500000000000000000e+01 9.774165491579340781e-01 -9.876150845434040690e-03 1.245344305299987365e-06 4.144948680096207370e-07
1.800000000000000000e+01 9.708879541358089726e-01 -1.478691791729474202e-02 2.636750913419330039e-06 8.667197277729875343e-07
2.200000000000000000e+01 9.590515148542112511e-01 -2.256282316172084773e-02 5.848262330500011934e-06 1.901661389435274091e-06
2.600000000000000000e+01 9.421882727628623222e-01 -3.056102658470778027e-02 1.087623422918028727e-05 3.520380834106330093e-06
3.100000000000000000e+01 9.176467726510938450e-01 -4.128265097103517300e-02 2.073926620444186450e-05 6.667807552297764483e-06
3.800000000000000000e+01 8.824222379776766045e-01 -5.992439539323107800e-02 4.325767434884852009e-05 1.366571478579757473e-05
4.600000000000000000e+01 8.375216015626579802e-01 -8.306383495751687440e-02 8.331769519540921669e-05 2.593304046597287861e-05
5.500000000000000000e+01 7.759684759463938430e-01 -1.061932887631054645e-01 1.442847301046028903e-04 4.426794312401911613e-05
6.600000000000000000e+01 7.037211163333947361e-01 -1.346780216664483498e-01 2.398474159035833108e-04 7.314237797855424324e-05
7.900000000000000000e+01 6.141696121492563609e-01 -1.559661579289169930e-01 3.627226662955811555e-04 1.120677627749750555e-04
9.500000000000000000e+01 5.183310359706208015e-01 -1.678247597294312832e-01 5.004706523730924339e-04 1.644317188452187948e-04
1.140000000000000000e+02 4.303735948594495930e-01 -1.590293424924459076e-01 6.117117164539809119e-04 2.281509288836558273e-04
1.370000000000000000e+02 3.651617118606733658e-01 -1.282729795974080489e-01 6.711805792490390960e-04 2.957891258503179293e-04
1.640000000000000000e+02 3.349188137869273940e-01 -9.170835791489649613e-02 6.778064056481138220e-04 3.380529245998828035e-04
1.970000000000000000e+02 3.350596024761245406e-01 -6.901217086512620447e-02 6.764461090644355778e-04 3.353084808789062298e-04
2.370000000000000000e+02 3.562160732015016151e-01 -5.918207224908861308e-02 6.965285641140132834e-04 2.891447926553009562e-04
2.840000000000000000e+02 3.718839865769366648e-01 -4.686286703124110942e-02 6.590410007397364727e-04 2.219898595639903708e-04
3.410000000000000000e+02 3.757289883536962249e-01 -4.654482369785641754e-02 6.676131687629453023e-04 2.270765512255873571e-04
4.100000000000000000e+02 4.369695123407937865e-01 -5.297357481868549683e-02 5.920093699142602505e-04 1.745547848707831081e-04
4.920000000000000000e+02 4.239518200870744935e-01 -6.886980262179749623e-02 6.153097512433666413e-04 2.207068280452478587e-04
5.900000000000000000e+02 3.491241689184590991e-01 -1.018585939915691851e-01 6.241809345697311778e-04 2.581476057325993536e-04
7.080000000000000000e+02 4.671806937455420528e-01 -5.120956569974913219e-02 4.756846012597893336e-04 1.266107287748675296e-04
8.500000000000000000e+02 4.023471856143597813e-01 -9.377836200343951656e-02 4.675585179387285522e-04 1.420091404932600262e-04
1.020000000000000000e+03 4.181739796041801238e-01 -3.349149623039784918e-02 4.844840609254543839e-04 1.529768249212260618e-04
1.224000000000000000e+03 2.678742278554875345e-01 -1.442532970289534498e-02 5.135978500987834362e-04 2.834987335668973595e-04
1.469000000000000000e+03 3.920614080323900352e-01 -5.719082582698776368e-02 4.292242117502408452e-04 1.232792942025241962e-04
1.763000000000000000e+03 2.944834896771758026e-01 -7.510979354001022512e-02 4.736614733073818981e-04 1.604201569372715132e-04
2.116000000000000000e+03 3.204086827490584821e-01 -5.159629821954087731e-02 4.292854791366290342e-04 1.408574591433398948e-04
2.539000000000000000e+03 3.019620322846487404e-01 -6.013430309790800815e-02 3.948826101678746593e-04 9.476527833916438450e-05
3.047000000000000000e+03 2.449192841517868757e-01 -5.044817130982770514e-02 3.750695021089181470e-04 1.388671177552316016e-04
3.657000000000000000e+03 2.805619658989229048e-01 -3.390118166765903468e-02 3.511037041470797446e-04 8.426957283809846449e-05
4.388000000000000000e+03 2.543137966206490130e-01 -4.299770822175416618e-02 3.170348134249674661e-04 8.131419874531485722e-05
5.266000000000000000e+03 2.438683847272289928e-01 -6.757230947954531719e-02 3.392967176575897663e-04 5.658462275821041660e-05
6.319000000000000000e+03 1.936773907944004669e-01 -3.309076833590802319e-02 3.270762322138274689e-04 8.477888914969308916e-05
7.583000000000000000e+03 1.662246356008094395e-01 -5.142407450195880109e-02 3.230464698726141348e-04 6.360489428636147179e-05
9.100000000000000000e+03 1.334900804505959049e-01 -2.557975812771455873e-02 2.941446290826720033e-04 6.173966072932890166e-05
1.092000000000000000e+04 9.241622938322383018e-02 -4.416564116072874829e-03 2.825549402120381814e-04 9.638603486559800678e-05
1.310400000000000000e+04 1.059545325109204073e-01 -4.043932503688432950e-04 2.899026435033068240e-04 6.425453392425073038e-05
1.572500000000000000e+04 1.306734372118184828e-01 -1.777509435081752950e-02 2.954373623080008317e-04 5.456378475511079442e-05
1.887000000000000000e+04 1.021596476688172578e-01 -9.154213889113815145e-03 2.951096478551899012e-04 5.718917355607157067e-05
2.264400000000000000e+04 1.045502652146593076e-01 -3.336032329666845098e-02 2.868208760827067817e-04 6.709958458718134520e-05
2.717300000000000000e+04 1.024226532172800991e-01 -2.653061983477929958e-02 2.876555123331813553e-04 1.005905527004845388e-04
3.260800000000000000e+04 1.389607619391075299e-01 -2.198816808532040590e-02 2.666762431988747004e-04 7.059050023015852444e-05
3.913000000000000000e+04 1.258300094549966441e-01 3.294357257002133305e-02 3.053875882950638225e-04 7.370234947604767633e-05
4.695600000000000000e+04 1.200075442231745143e-01 3.330353790619709927e-05 3.067958843590869980e-04 7.215125600798436413e-05
5.634700000000000000e+04 1.072115660045957902e-01 2.246126960975945719e-02 2.386732422026773849e-04 7.581261633863313725e-05
6.761700000000000000e+04 1.048624683944019143e-01 1.068539875485764734e-02 2.441694119198728583e-04 7.733321290532366046e-05
8.114000000000000000e+04 8.733517272289087474e-02 -2.971541299405227807e-02 2.611457953999104403e-04 5.149707660511869731e-05
9.736800000000000000e+04 9.242691344678190257e-02 -1.882465484478051954e-02 2.614168489690785690e-04 6.422639690814169330e-05
1.168420000000000000e+05 1.352864737863524180e-01 1.217644198330520254e-02 2.229850858611738095e-04 3.958873213462873477e-05
1.402100000000000000e+05 7.445376212079667100e-02 -2.484083872868589338e-02 2.331845157062794878e-04 6.420466323340940609e-05
1.682520000000000000e+05 9.354280633115102939e-02 8.449732140368289637e-03 2.560405392024168417e-04 5.291693557365908482e-05
2.019030000000000000e+05 7.065374775849531108e-02 -7.377463083732948429e-03 2.502282180471204157e-04 7.147995388298503518e-05
2.422830000000000000e+05 6.165813273208886613e-02 -1.014992483634619136e-02 2.425542529197438461e-04 5.192711449892359994e-05
2.907400000000000000e+05 4.005978980369999387e-02 2.215038702109990015e-02 2.333060594752447894e-04 1.109515597606920782e-04
3.488880000000000000e+05 8.116666820025202067e-02 -3.072563316846125409e-02 2.255680767702613644e-04 7.609751638676186909e-05
4.186660000000000000e+05 7.373940651847854522e-02 -2.400915604808770074e-02 2.084753635578862551e-04 6.449573284397148629e-05
5.024000000000000000e+05 1.017815762704594451e-01 -1.779930968758348594e-02 1.948570191155258615e-04 7.708405925510873656e-05
6.028800000000000000e+05 3.237896598611000876e-02 -5.324054418606213868e-02 1.688979837026852735e-04 1.036378792969750996e-04
7.234560000000000000e+05 4.640806696333688725e-02 4.313899068144043392e-02 1.655501139093967929e-04 8.300422287303610056e-05
8.681470000000000000e+05 6.720481443133351218e-02 2.420828473665418562e-02 1.667268731170954582e-04 8.357679606195822888e-05
1.041776000000000000e+06 3.775144823474139294e-02 -1.885730934718394397e-02 1.895963036578688342e-04 8.254764531104636011e-05
1.250132000000000000e+06 5.956827772290163719e-03 -1.038554187061721708e-03 1.486799041532614878e-04 5.794295985011743320e-05
1.500158000000000000e+06 9.496480945796135706e-03 1.566571353441546105e-02 1.642057803141647686e-04 8.893750470644370390e-05
1.800190000000000000e+06 -7.694750472235689989e-03 2.199768553420568609e-02 1.355738711382401549e-04 5.994356618207161597e-05
2.160228000000000000e+06 4.526559712216880055e-02 2.632530957240354977e-02 1.234395749724827740e-04 8.666913441490655279e-05
2.592274000000000000e+06 2.937243771057570368e-02 3.809790939123632036e-02 1.252178164960412467e-04 8.134095109787663430e-05
3.110728000000000000e+06 -5.965947948726280786e-03 -3.334609413092118335e-03 9.503218575940268638e-05 8.887331581253667264e-05
3.732874000000000000e+06 -4.532200561510153704e-04 -9.281704763493563506e-03 1.096977262043772082e-04 1.207147812865592214e-04
4.479449000000000000e+06 -1.887612714350871135e-02 2.436047472834837468e-02 1.059631348038783482e-04 7.952724021725078053e-05
5.375339000000000000e+06 7.646611059327661697e-04 3.605924668555558071e-02 1.021859311630565173e-04 9.863523823630217973e-05
6.450407000000000000e+06 -2.518962012640343223e-02 -2.921508485345557238e-02 8.948765323548090410e-05 7.804049128433404722e-05
7.740489000000000000e+06 4.511147463419429640e-03 -3.954188977162226976e-03 9.360080556210488101e-05 7.388984679276935127e-05
9.288586000000000000e+06 3.440128410552738270e-02 3.398456218125081585e-03 1.082427780208669951e-04 7.061337345964803622e-05
1.114630400000000000e+07 -1.153660987736498077e-02 3.796140211782465107e-02 9.642619897320995291e-05 7.049782680378716409e-05
1.337556500000000000e+07 -4.409423865809566391e-03 -9.843890391362750472e-03 8.424985909911558983e-05 9.744413266172987894e-05
1.605067800000000000e+07 5.574770554614068806e-03 -8.064555866432983680e-03 1.061958607563317526e-04 9.057940281793188449e-05
1.926081300000000000e+07 -2.151498923714028830e-02 2.935384576276457366e-02 8.747589599127050168e-05 9.983872658445110853e-05
2.311297600000000000e+07 -2.066470579259686857e-02 2.188753240923306575e-04 8.666336586251127357e-05 9.632677191330768637e-05
2.773557200000000000e+07 5.267891185835120969e-03 -2.853351691856757105e-02 7.815324423629383646e-05 8.104071193710202790e-05
3.328268600000000000e+07 1.901310994176111466e-03 2.184427885380887946e-02 7.031602019177622513e-05 9.569290472571743012e-05
3.993922300000000000e+07 -3.345422222577538671e-03 3.889718283039050872e-02 9.249342342547489583e-05 7.318328488799338437e-05
4.792706800000000000e+07 1.296874380863336298e-02 -1.228032550101098566e-03 1.199984967031413031e-04 1.109141615367136545e-04
5.751248200000000000e+07 7.267138697221554172e-03 8.136116986731455752e-03 1.449385141312602165e-04 7.500493798735154301e-05
6.901497800000000000e+07 -2.933866274199943211e-02 -3.976102754795095805e-03 9.797421423444994406e-05 1.343768457430154315e-04
