# Z3/Z3_L6_f0.9_h0.99_m1.0_J1.0_hz0.1_phiz0.0_hx0.0_phix0.0_ndis100.txt
# time	Re(Z)\Im(Z)	Var(Re(Z))	Var(Im(Z))
1.000000000000000000e+00 9.995613990161854590e-01 3.062012505834488404e-06 -1.204749525887064654e-17 2.697140457249803381e-30
1.000000000000000000e+00 9.995613990161854590e-01 3.062012505834488404e-06 -1.204749525887064654e-17 2.697140457249803381e-30
1.000000000000000000e+00 9.995613990161854590e-01 3.062012505834488404e-06 -1.204749525887064654e-17 2.697140457249803381e-30
1.000000000000000000e+00 9.995613990161854590e-01 3.062012505834488404e-06 -1.204749525887064654e-17 2.697140457249803381e-30
2.000000000000000000e+00 9.986991842381142126e-01 -1.148387887715000339e-04 1.968276057814183064e-10 7.005886878258944557e-11
2.000000000000000000e+00 9.986991842381142126e-01 -1.148387887715000339e-04 1.968276057814183064e-10 7.005886878258944557e-11
2.000000000000000000e+00 9.986991842381142126e-01 -1.148387887715000339e-04 1.968276057814183064e-10 7.005886878258944557e-11
3.000000000000000000e+00 9.976691605734644419e-01 -2.168067976794208049e-04 1.624863723815170127e-09 4.993394336023990700e-10
4.000000000000000000e+00 9.964580426726696860e-01 -3.281796534840167399e-04 6.580867752054362969e-09 1.995424164475273807e-09
5.000000000000000000e+00 9.950743189658283194e-01 -4.917280745242232510e-04 1.657960366715036291e-08 5.013710136439787193e-09
6.000000000000000000e+00 9.937136876286386533e-01 -7.597417885395036340e-04 3.057581132003178296e-08 9.929481236194866265e-09
7.000000000000000000e+00 9.917847180928892614e-01 -1.063219442965126181e-03 5.353539282499849206e-08 1.803233066526712297e-08
8.000000000000000000e+00 9.900068719597514555e-01 -1.563572374424430532e-03 8.060131443486362717e-08 2.814919948153241382e-08
1.000000000000000000e+01 9.866688227062706540e-01 -2.498186558282438838e-03 1.539624539858748438e-07 5.980098416051127655e-08
1.200000000000000000e+01 9.840380402446474717e-01 -3.895507965964997970e-03 2.701390145019574741e-07 1.070896725725555365e-07
1.500000000000000000e+01 9.810618639123060980e-01 -6.988212858870668752e-03 6.582823570903846253e-07 2.414323114113870983e-07
1.800000000000000000e+01 9.776542026351064951e-01 -1.058010683896694511e-02 1.460307207328915822e-06 4.944458053333101249e-07
2.200000000000000000e+01 9.701722866965477587e-01 -1.626709042501136779e-02 3.335661846909097141e-06 1.086199693265886736e-06
2.600000000000000000e+01 9.569346262810696224e-01 -2.192905222304495499e-02 6.134976767416131008e-06 2.023276094537436967e-06
3.100000000000000000e+01 9.372558381205863265e-01 -2.938459326903148164e-02 1.153903638888183101e-05 3.854645341584384498e-06
3.800000000000000000e+01 9.127547685190620097e-01 -4.301623822451489804e-02 2.458566431531309914e-05 7.856208330958930016e-06
4.600000000000000000e+01 8.816715907532450824e-01 -6.008937791027910147e-02 4.815086645023608768e-05 1.484626346281916924e-05
5.500000000000000000e+01 8.347912369149784739e-01 -7.654281354032727025e-02 8.356547299280922992e-05 2.536980724896515995e-05
6.600000000000000000e+01 7.834940942835355582e-01 -9.868603063963897470e-02 1.421633739412236626e-04 4.127100872515080857e-05
7.900000000000000000e+01 7.153867297410642090e-01 -1.158652226227752380e-01 2.186887572665881447e-04 6.204962944580259723e-05
9.500000000000000000e+01 6.408800573794747324e-01 -1.297460241703392858e-01 3.106408980953799591e-04 8.807062847492225265e-05
1.140000000000000000e+02 5.656943021734757160e-01 -1.324075440964196659e-01 3.914046094479139916e-04 1.194684634277862331e-04
1.370000000000000000e+02 4.985764237425139300e-01 -1.219192607916800425e-01 4.405132730204215532e-04 1.589917750959077411e-04
1.640000000000000000e+02 4.508215514605553587e-01 -1.047941629226627203e-01 4.539509903234837025e-04 1.983456000584592736e-04
1.970000000000000000e+02 4.202597068952105275e-01 -9.079839012802111420e-02 4.574773744210574428e-04 2.255528047728083826e-04
2.370000000000000000e+02 4.031442033581412732e-01 -8.471580494965663677e-02 4.803530633150960454e-04 2.418356793234331767e-04
2.840000000000000000e+02 3.971006524742487498e-01 -7.465911015440761245e-02 4.750957322161289604e-04 2.316818072243183606e-04
3.410000000000000000e+02 4.014637680568225453e-01 -6.558899269810732069e-02 4.763366689077857164e-04 2.234063785776140227e-04
4.100000000000000000e+02 4.405228206127878021e-01 -6.057282288553664934e-02 4.263960487501863980e-04 1.730945233337448494e-04
4.920000000000000000e+02 4.859514063878561663e-01 -2.863680016796677635e-02 3.662147617889173891e-04 1.500048172634345486e-04
5.900000000000000000e+02 4.564999256435045005e-01 -4.776592228499831200e-02 3.767658340984623793e-04 1.549863765375098000e-04
7.080000000000000000e+02 4.969758351799706264e-01 -2.719651623228324863e-02 3.395793922247959456e-04 1.363249981788493682e-04
8.500000000000000000e+02 4.519376002969032746e-01 -6.647766994896828208e-02 3.318940197808045484e-04 1.458774393897247857e-04
1.020000000000000000e+03 5.015487047662207098e-01 -5.381519093246473623e-02 2.943392938491930406e-04 1.063775558222305822e-04
1.224000000000000000e+03 4.365485190241937818e-01 -4.029135616394830671e-02 3.222004528907140516e-04 1.462836535181249596e-04
1.469000000000000000e+03 4.765326332247525332e-01 -3.294547811514291630e-02 2.950128138879597271e-04 1.019617106150975494e-04
1.763000000000000000e+03 4.099053887887023628e-01 -6.758801605491937536e-02 3.219060196516379058e-04 1.372021815293384143e-04
2.116000000000000000e+03 4.475175763402404749e-01 -2.915241921665612593e-02 3.030077095731752222e-04 1.117917149542793469e-04
2.539000000000000000e+03 4.016478997874060042e-01 -5.372874504906647447e-02 2.877980565861808617e-04 9.906751863311093664e-05
3.047000000000000000e+03 3.911180083219970571e-01 -5.185143710549414142e-02 2.721652183408160156e-04 9.257358678791306891e-05
3.657000000000000000e+03 3.812536086318377149e-01 -5.626973085626306437e-02 2.556683422167127235e-04 8.513418718413916220e-05
4.388000000000000000e+03 3.119520497465455011e-01 -5.032600076967182895e-02 2.675128958340024341e-04 9.162619729410705657e-05
5.266000000000000000e+03 3.329962651749961977e-01 -4.039429418661535237e-02 2.516829097955189582e-04 7.817510290098742996e-05
6.319000000000000000e+03 3.117458455645714110e-01 -3.959249787129785758e-02 2.456369850322288840e-04 6.825814994432045154e-05
7.583000000000000000e+03 2.568747342770144049e-01 -3.811448336890427280e-02 2.618758098898152148e-04 7.799204872450980015e-05
9.100000000000000000e+03 2.509196424047264173e-01 -3.714355065835358433e-02 2.528409409430133368e-04 6.329071876308213246e-05
1.092000000000000000e+04 2.244225206009156648e-01 -3.363632169459124244e-02 2.351227580500789966e-04 6.227083004783048913e-05
1.310400000000000000e+04 2.206298423542242815e-01 -2.641423054238583798e-02 2.257333399416254288e-04 5.786031186250299680e-05
1.572500000000000000e+04 2.207437779792214283e-01 -2.380663497423436692e-02 2.037555986870584414e-04 4.721079103531964835e-05
1.887000000000000000e+04 2.001062144095802076e-01 -1.399215450097190429e-02 2.077756399687509211e-04 4.791189134973159608e-05
2.264400000000000000e+04 1.724349552824546716e-01 -3.156281110340301843e-02 2.165829225755626787e-04 5.483424518795940351e-05
2.717300000000000000e+04 1.456581717992445069e-01 -2.066232714233440931e-02 1.927761194700425274e-04 5.695770942737262479e-05
3.260800000000000000e+04 1.310344972921584639e-01 -1.927275810804471648e-02 1.857013066397869159e-04 5.134169807100273799e-05
3.913000000000000000e+04 1.215513141496495780e-01 -3.355007695553189478e-02 1.717893966037131596e-04 5.384647267311255001e-05
4.695600000000000000e+04 1.327935808855613131e-01 -1.281937726945607536e-02 1.602454742584090690e-04 4.654800837099378076e-05
5.634700000000000000e+04 1.116459938201733587e-01 -1.010392247760109018e-02 1.595043962315367944e-04 5.219579150820061316e-05
6.761700000000000000e+04 1.010477411513171497e-01 -2.028936668328144149e-02 1.609091884328565990e-04 5.045777738452453200e-05
8.114000000000000000e+04 8.275815234066241644e-02 -2.137777406687349502e-02 1.543375277191032485e-04 4.814664227270929690e-05
9.736800000000000000e+04 9.336758024139207857e-02 -1.550614328592283230e-02 1.518385372130367020e-04 3.866385148720137782e-05
1.168420000000000000e+05 7.280327800933669713e-02 -4.025328601487611346e-03 1.335228455361470797e-04 4.398410311840414660e-05
1.402100000000000000e+05 6.042171694937516213e-02 -2.079403030656948662e-02 1.393598423612480883e-04 4.499570318832354064e-05
1.682520000000000000e+05 6.688323561629161418e-02 -1.642502457939306812e-02 1.365080014589782848e-04 4.556215455740162150e-05
2.019030000000000000e+05 9.307131875483161398e-02 9.389595485577868425e-03 1.238961905825516061e-04 3.511226098994677523e-05
2.422830000000000000e+05 4.645747673687917328e-02 -1.738859411628482926e-02 1.202385378083815789e-04 4.664734940224752761e-05
2.907400000000000000e+05 7.174995895821147107e-02 -1.289041401111126577e-02 1.200648063979043242e-04 4.226772975688071113e-05
3.488880000000000000e+05 6.580621945182228705e-02 -2.163911001362354633e-02 1.066460630541699397e-04 3.875920003715835268e-05
4.186660000000000000e+05 5.313985838307686699e-02 2.869920776956791202e-03 1.141350789471556610e-04 3.260807185242388276e-05
5.024000000000000000e+05 6.212168801234364823e-02 -5.647054265340847694e-03 1.074441036368304643e-04 4.829350060571850644e-05
6.028800000000000000e+05 2.653932121346216227e-02 -1.589586716924102153e-02 1.056390204660484755e-04 4.536703085074136920e-05
7.234560000000000000e+05 3.901145716296329502e-02 6.805893636318837391e-03 1.020244789927258518e-04 4.352365479993467519e-05
8.681470000000000000e+05 6.001608063141283117e-02 -9.974512589343670702e-03 9.008919374812217123e-05 3.712240750061631409e-05
1.041776000000000000e+06 3.708809205316004193e-02 -1.394763125784458623e-02 8.574935717920825653e-05 3.603623628808533535e-05
1.250132000000000000e+06 3.258475994831091377e-02 5.685155990941775581e-03 6.958442275773290392e-05 3.005903103020156231e-05
1.500158000000000000e+06 2.422975343721199548e-02 -1.914106434743569063e-02 6.421537597293733410e-05 3.790995730066504802e-05
1.800190000000000000e+06 2.120075669859367018e-02 4.601469265616940293e-03 6.449686612913526457e-05 4.101793142573153649e-05
2.160228000000000000e+06 -1.019731453216321743e-03 4.746341822965373207e-03 5.911101172581227371e-05 3.764123727641957589e-05
2.592274000000000000e+06 9.390886184790892639e-05 6.143943245340047557e-03 5.715829030115641550e-05 4.472309735919938889e-05
3.110728000000000000e+06 8.824559884910406285e-03 1.360070099550957957e-02 5.175983764410021766e-05 3.725254862288527555e-05
3.732874000000000000e+06 2.277935790446917325e-02 8.422991840590400570e-03 5.800514340554518121e-05 2.994914935142867245e-05
4.479449000000000000e+06 2.328639823281487137e-02 1.472763618427946376e-02 6.451498002492335503e-05 3.780622513530073231e-05
5.375339000000000000e+06 -5.695083965217763444e-03 7.678993469411692953e-03 6.122338948142994302e-05 4.485900291766383048e-05
6.450407000000000000e+06 -4.991532406739013911e-03 -2.038822499075602229e-02 5.409026725861934109e-05 3.928493436211807774e-05
7.740489000000000000e+06 -3.427280380518328649e-03 -1.781871112243998577e-03 5.693295466745075387e-05 3.922787753642512662e-05
9.288586000000000000e+06 1.643526455425525085e-02 -9.840178022435790844e-03 5.575485280722625354e-05 3.721300305842460492e-05
1.114630400000000000e+07 -9.816466212635807653e-03 -9.818858408732044490e-03 4.550476880144746115e-05 5.459165719587829707e-05
1.337556500000000000e+07 -1.561989019085728743e-02 -1.180095578675638803e-03 3.840242460733591393e-05 4.631634376116252244e-05
1.605067800000000000e+07 1.249741995790545901e-02 -1.271198488181781924e-02 5.139310517719890764e-05 4.704568251887592391e-05
1.926081300000000000e+07 -1.059904783362276490e-02 1.471795999281625680e-03 3.511583805520454300e-05 4.334318413383767520e-05
2.311297600000000000e+07 -1.190853662568995379e-02 1.739621719767535379e-02 3.605117883630035321e-05 4.474428398249161290e-05
2.773557200000000000e+07 -1.450452782481074891e-02 2.186205428441134746e-02 4.068886007354501793e-05 4.844052187257116230e-05
3.328268600000000000e+07 9.165997055008727121e-03 -2.122001473662269225e-02 4.087152066008575352e-05 3.371720477954532675e-05
3.993922300000000000e+07 8.732208945556067456e-03 1.715658561715926707e-03 4.237899248589527322e-05 3.416445974044339431e-05
4.792706800000000000e+07 1.400008499283520932e-02 1.641274453214310383e-02 4.478955882038588774e-05 3.138409345722771826e-05
5.751248200000000000e+07 -1.974324002617795434e-02 -7.178125152474762460e-03 3.936797138668757647e-05 5.021827089105228515e-05
6.901497800000000000e+07 -2.370811031552347227e-04 -6.439405175205938775e-03 4.435256870900959798e-05 4.351278404782168866e-05
