# Z3/Z3_L7_f0.7_h0.99_m1.0_J1.0_hz0.1_phiz0.0_hx0.0_phix0.0_ndis100.txt
# time	Re(Z)\Im(Z)	Var(Re(Z))	Var(Im(Z))
1.000000000000000000e+00 9.995613990161492657e-01 3.062012516735450917e-06 -1.905962274034603496e-17 2.449960460552489304e-28
1.000000000000000000e+00 9.995613990161492657e-01 3.062012516735450917e-06 -1.905962274034603496e-17 2.449960460552489304e-28
1.000000000000000000e+00 9.995613990161492657e-01 3.062012516735450917e-06 -1.905962274034603496e-17 2.449960460552489304e-28
1.000000000000000000e+00 9.995613990161492657e-01 3.062012516735450917e-06 -1.905962274034603496e-17 2.449960460552489304e-28
2.000000000000000000e+00 9.988381738602609694e-01 1.109871097783702149e-05 1.833534348034866415e-10 1.304255849783782870e-10
2.000000000000000000e+00 9.988381738602609694e-01 1.109871097783702149e-05 1.833534348034866415e-10 1.304255849783782870e-10
2.000000000000000000e+00 9.988381738602609694e-01 1.109871097783702149e-05 1.833534348034866415e-10 1.304255849783782870e-10
3.000000000000000000e+00 9.978981710504852831e-01 9.830560448831234983e-06 1.270831414509449886e-09 6.693436121770198855e-10
4.000000000000000000e+00 9.968804764413758956e-01 2.892426169855252379e-05 5.384931467511558719e-09 2.386725980902707133e-09
5.000000000000000000e+00 9.955791552427556423e-01 4.182292839356116591e-05 1.443503063988608802e-08 5.921063640872113379e-09
6.000000000000000000e+00 9.941183384063255746e-01 2.813957335432569647e-05 2.909556312681973918e-08 1.249323831429505704e-08
7.000000000000000000e+00 9.921192861717913480e-01 7.771227253226305068e-05 4.929759283129736946e-08 2.291065060245229631e-08
8.000000000000000000e+00 9.899972511043390044e-01 9.923131884836201887e-05 7.569901903137285416e-08 3.872657664242885374e-08
1.000000000000000000e+01 9.857583336996862400e-01 1.300759623926395973e-04 1.673137395452828776e-07 9.348995164236835294e-08
1.200000000000000000e+01 9.811942329703166044e-01 1.021838566049861020e-04 3.238809128983956871e-07 1.922383174766592834e-07
1.500000000000000000e+01 9.736029774891538091e-01 -4.627133363643651665e-05 7.431604489198445638e-07 4.841117779195890476e-07
1.800000000000000000e+01 9.649292551483522606e-01 -2.892144382403500822e-04 1.566155582786655331e-06 1.019390842776052177e-06
2.200000000000000000e+01 9.500128797931503000e-01 -7.696674948196933867e-04 3.440141962404635966e-06 2.252456108721541685e-06
2.600000000000000000e+01 9.302392072162425363e-01 -1.057222056813277846e-03 6.372363212018320613e-06 4.189312668568135981e-06
3.100000000000000000e+01 9.019854876821783440e-01 -1.411344116355848274e-03 1.208112283925607393e-05 7.899454073296739441e-06
3.800000000000000000e+01 8.603068174892706255e-01 -3.050120033369033146e-03 2.492192229252405776e-05 1.619028325661572609e-05
4.600000000000000000e+01 8.084129052772189850e-01 -6.082528331835345900e-03 4.726305687498403619e-05 3.038851883149468492e-05
5.500000000000000000e+01 7.423481565264428150e-01 -9.101194765199804512e-03 8.022606580414853492e-05 5.128529719632216608e-05
6.600000000000000000e+01 6.668760554037226340e-01 -1.603880434211084338e-02 1.299725925162588847e-04 8.157513033810589933e-05
7.900000000000000000e+01 5.831676830117190624e-01 -2.364044790356050266e-02 1.897610710900050728e-04 1.163324962237781836e-04
9.500000000000000000e+01 5.052040251488888467e-01 -3.431420700011444946e-02 2.508331869923032084e-04 1.467040473367430833e-04
1.140000000000000000e+02 4.518812877039185549e-01 -4.440953139276145045e-02 2.937160432117492470e-04 1.579353683660239072e-04
1.370000000000000000e+02 4.361635164460043179e-01 -5.059101267838741339e-02 3.131222719334659133e-04 1.483724189740760497e-04
1.640000000000000000e+02 4.527879992981507229e-01 -5.074356999594310802e-02 3.141310767121281776e-04 1.329321047742032232e-04
1.970000000000000000e+02 4.696355530423009794e-01 -4.431968750923455380e-02 3.018591392805053397e-04 1.261625452008949581e-04
2.370000000000000000e+02 4.535968738656004917e-01 -3.229164276872723699e-02 3.019069038932167912e-04 1.381368998090388230e-04
2.840000000000000000e+02 4.218649433112257596e-01 -1.958308397301971107e-02 3.044364260489647138e-04 1.471425455127125658e-04
3.410000000000000000e+02 4.236476938705863171e-01 -1.429488430948716929e-02 3.139128802863524505e-04 1.460563375722645333e-04
4.100000000000000000e+02 4.542905867187020941e-01 -2.069271981934688032e-02 2.773158276697012593e-04 1.193921867785562019e-04
4.920000000000000000e+02 4.859471766676348170e-01 -1.732973267145483665e-02 2.553780688199130998e-04 1.055686372760350191e-04
5.900000000000000000e+02 4.707385910823339570e-01 -2.380018466405541336e-02 2.672722722394220169e-04 1.073715732628644913e-04
7.080000000000000000e+02 4.893769156094452955e-01 -2.274233885321774729e-02 2.375968520647058673e-04 1.003795116243755379e-04
8.500000000000000000e+02 4.480233643156250611e-01 -2.688243401010212072e-02 2.630658844073513252e-04 1.161223756645585669e-04
1.020000000000000000e+03 4.807009731128951135e-01 -1.556462466636758697e-02 2.355724259398629976e-04 9.247896851227156657e-05
1.224000000000000000e+03 4.534338905643603979e-01 -2.364373837818953966e-02 2.319254266857323867e-04 9.868106368795012239e-05
1.469000000000000000e+03 4.635629730007870819e-01 -1.785878552575274891e-02 2.408769498269400298e-04 9.434882620149222948e-05
1.763000000000000000e+03 4.456845661080844900e-01 -2.699041241549140005e-02 2.178404381987980359e-04 9.256212760285876617e-05
2.116000000000000000e+03 4.635035071024041220e-01 -2.316868751479419716e-02 2.224947203694619454e-04 9.119574223911234580e-05
2.539000000000000000e+03 4.491523086429181633e-01 -2.564381218377904254e-02 2.075516777391851861e-04 8.374019442224972423e-05
3.047000000000000000e+03 4.257125893284272045e-01 -2.274709839798268532e-02 2.099208981026639566e-04 9.024049008661492988e-05
3.657000000000000000e+03 4.458751097268072727e-01 -2.438995809529128506e-02 1.963990660254097908e-04 7.799342202386508338e-05
4.388000000000000000e+03 4.251143096597307380e-01 -2.692781885208083217e-02 1.902108252879080913e-04 8.255481062495174894e-05
5.266000000000000000e+03 4.224982491615500435e-01 -2.958738492765515884e-02 1.939580272570513137e-04 8.029748905340875257e-05
6.319000000000000000e+03 4.265633877398280482e-01 -3.062093246983166664e-02 1.935022924405586855e-04 7.165021977384183232e-05
7.583000000000000000e+03 4.070343606833725092e-01 -2.509320469585888183e-02 1.889926496857394472e-04 7.664095379999472590e-05
9.100000000000000000e+03 3.968284021051989297e-01 -2.310021154406955921e-02 1.925878642986517499e-04 7.035767576104993200e-05
1.092000000000000000e+04 3.774834615646685543e-01 -2.485972157216053899e-02 1.890311483422163724e-04 6.863757692467842731e-05
1.310400000000000000e+04 3.722919793146554079e-01 -2.514858812824121923e-02 1.769088560321389805e-04 6.577819573530931455e-05
1.572500000000000000e+04 3.660356575915825195e-01 -2.361846916042652927e-02 1.710755654307752783e-04 6.169586711718916619e-05
1.887000000000000000e+04 3.494528646351204859e-01 -2.096484547877439791e-02 1.758177781316665916e-04 5.694712413415546474e-05
2.264400000000000000e+04 3.467219748662742629e-01 -2.054810129947496136e-02 1.654270657790871471e-04 5.299570961363076496e-05
2.717300000000000000e+04 3.231735716566317418e-01 -2.663586087952692777e-02 1.660841623726933523e-04 5.423171891486170624e-05
3.260800000000000000e+04 3.035280756722028572e-01 -1.849805782456238890e-02 1.699886145753836796e-04 5.221040980094323713e-05
3.913000000000000000e+04 2.909857560979557389e-01 -1.926299457572467830e-02 1.672204536846175584e-04 4.860384589525510910e-05
4.695600000000000000e+04 2.869550959908180876e-01 -1.364798304390261487e-02 1.592598943258983048e-04 3.941548853621549761e-05
5.634700000000000000e+04 2.737916139933216364e-01 -1.897080649037754044e-02 1.525532148421460956e-04 4.083492584287848717e-05
6.761700000000000000e+04 2.508498482350169367e-01 -1.375789896092615566e-02 1.505060497907205496e-04 3.869438788086542640e-05
8.114000000000000000e+04 2.350104646438966050e-01 -2.151471306828363003e-02 1.412889764818892643e-04 3.349311006571973487e-05
9.736800000000000000e+04 2.095112189036033856e-01 -1.775818874940321423e-02 1.462224286037623958e-04 3.537244080940545651e-05
1.168420000000000000e+05 1.948595938591503041e-01 -1.098746802781040179e-02 1.425705996973124646e-04 3.334780212736247426e-05
1.402100000000000000e+05 1.804748759823142645e-01 -5.291558228831654172e-03 1.321166055834705974e-04 3.309258529068629951e-05
1.682520000000000000e+05 1.697050205409841861e-01 -3.851421943482091336e-03 1.347278748144987678e-04 3.147156958749185450e-05
2.019030000000000000e+05 1.529579566135989555e-01 -6.519411333274236463e-03 1.220684667728607985e-04 2.632986476841585018e-05
2.422830000000000000e+05 1.444019788180348207e-01 -4.719218627684059961e-03 1.195299416809636483e-04 2.169767700470428992e-05
2.907400000000000000e+05 1.365375761394602427e-01 -6.771555413076581036e-03 1.121785667819673565e-04 1.946834454121970946e-05
3.488880000000000000e+05 1.224351877013812734e-01 -1.588110101993164130e-02 1.079881803348483829e-04 1.923006210309212264e-05
4.186660000000000000e+05 1.109804896194437757e-01 -7.594735387817400617e-03 1.019706974769979386e-04 1.596486254692304453e-05
5.024000000000000000e+05 1.029372878997520113e-01 -3.923893303307563439e-03 9.507731599747514624e-05 1.686622577185145782e-05
6.028800000000000000e+05 9.376304886032191255e-02 -2.541287061412620361e-03 8.634784513256982112e-05 1.575461735826340647e-05
7.234560000000000000e+05 8.776978861297383971e-02 1.084222278517521249e-03 8.268745093868481977e-05 1.774208998544822815e-05
8.681470000000000000e+05 7.394967220113080053e-02 1.090882295605170383e-03 7.458656388563551212e-05 1.528999412731244474e-05
1.041776000000000000e+06 6.355765506244989704e-02 3.510005121940888446e-03 6.705073349754184253e-05 1.595555130238558795e-05
1.250132000000000000e+06 4.990612396055518762e-02 4.597807542484205756e-05 6.747004707622283274e-05 1.495775528756897604e-05
1.500158000000000000e+06 5.744319027415899920e-02 -8.634516827325272592e-03 6.008316901287442258e-05 1.323786027625169778e-05
1.800190000000000000e+06 4.220625575676877766e-02 -6.812006329785148633e-03 5.599576711150650022e-05 1.563000653176932820e-05
2.160228000000000000e+06 5.911155132101761356e-02 1.317371478288432811e-02 5.551590723432496381e-05 1.523168004679056638e-05
2.592274000000000000e+06 4.228420660241647561e-02 7.282312909135809156e-03 4.443421761582250603e-05 2.045668009428172163e-05
3.110728000000000000e+06 3.179593724220102641e-02 -1.141447952527106964e-02 4.091638246921375634e-05 1.598119630067438657e-05
3.732874000000000000e+06 2.253957658269536285e-02 -9.402431480949650922e-03 3.275950245594539003e-05 2.018534515564603213e-05
4.479449000000000000e+06 1.855908573565430431e-02 -2.498003473842490361e-03 3.205748758752549171e-05 2.439787760321997782e-05
5.375339000000000000e+06 1.838622477128275604e-02 -5.908184886877330608e-03 2.532099470964653483e-05 1.807542261699771467e-05
6.450407000000000000e+06 1.655773881055911095e-03 -5.360642765399411917e-03 1.965385065107279466e-05 1.764053870760461448e-05
7.740489000000000000e+06 -1.682159792319161580e-03 -9.975970095619039399e-03 1.845824618808646934e-05 1.499251818131471236e-05
9.288586000000000000e+06 -3.619187492340457737e-03 -7.473677286897797804e-03 1.980538531327587494e-05 1.968039128931376019e-05
1.114630400000000000e+07 3.825255288730502242e-03 -1.666622039190543414e-02 1.610078209920954795e-05 1.846659977563519262e-05
1.337556500000000000e+07 -3.255951816384989976e-03 -1.396447190543136097e-02 1.608749751756545200e-05 1.823596192020004918e-05
1.605067800000000000e+07 1.613742657583109447e-02 -1.517671070715612136e-02 2.031495261496085443e-05 1.573637434101981104e-05
1.926081300000000000e+07 8.202630927339591219e-03 -1.221540147724912810e-02 2.570469221838103785e-05 1.759211520436008321e-05
2.311297600000000000e+07 -3.562762497742347472e-03 1.332821065941134373e-03 1.756504181688986447e-05 1.583807585595156550e-05
2.773557200000000000e+07 1.631868345792976361e-03 -5.069278801152740698e-04 1.805535838078434083e-05 1.859483486046310178e-05
3.328268600000000000e+07 1.135615170984997577e-02 -3.430633361147358319e-03 1.714955325700624628e-05 1.842457343624201462e-05
3.993922300000000000e+07 1.002420389318987339e-02 -8.434773865979367652e-03 1.675976009142727158e-05 1.559875716364209268e-05
4.792706800000000000e+07 7.963970720299194325e-03 -8.322548375729826517e-03 2.033441302411572111e-05 2.017477701493366091e-05
5.751248200000000000e+07 1.275561289274755247e-02 -4.249032042686595387e-03 2.229118768539384515e-05 1.645710365582916794e-05
6.901497800000000000e+07 -3.797697902919977553e-03 7.707220563991371703e-03 1.670329697956605006e-05 2.662334999847250125e-05
