# Z3/Z3_L2_f1.0_h0.99_m1.0_J1.0_hz0.1_phiz0.0_hx0.0_phix0.0_ndis100.txt
# time	Re(Z)\Im(Z)	Var(Re(Z))	Var(Im(Z))
1.000000000000000000e+00 9.995613990161854590e-01 3.062012504821687298e-06 -3.403196206137414465e-17 2.435558493305475540e-29
1.000000000000000000e+00 9.995613990161854590e-01 3.062012504821687298e-06 -3.403196206137414465e-17 2.435558493305475540e-29
1.000000000000000000e+00 9.995613990161854590e-01 3.062012504821687298e-06 -3.403196206137414465e-17 2.435558493305475540e-29
1.000000000000000000e+00 9.995613990161854590e-01 3.062012504821687298e-06 -3.403196206137414465e-17 2.435558493305475540e-29
2.000000000000000000e+00 9.985519861122058582e-01 -6.623932182182324129e-06 3.354791826805209413e-10 6.553890995569888653e-11
2.000000000000000000e+00 9.985519861122058582e-01 -6.623932182182324129e-06 3.354791826805209413e-10 6.553890995569888653e-11
2.000000000000000000e+00 9.985519861122058582e-01 -6.623932182182324129e-06 3.354791826805209413e-10 6.553890995569888653e-11
3.000000000000000000e+00 9.974272516161528657e-01 4.344200603706208064e-05 4.933896107418405221e-09 8.813872762811235325e-10
4.000000000000000000e+00 9.961525202991350358e-01 8.227210995925548782e-05 1.912244448159151420e-08 4.385185039862534641e-09
5.000000000000000000e+00 9.948500193837128691e-01 5.978814344335198151e-05 4.599417898023159660e-08 1.121121797551653113e-08
6.000000000000000000e+00 9.936899996123612633e-01 1.533075432808508496e-04 8.034600661672697079e-08 1.972704443634642479e-08
7.000000000000000000e+00 9.920863413251740370e-01 2.914124760934533515e-04 1.467850645358561979e-07 3.553311872825453202e-08
8.000000000000000000e+00 9.909899085710318634e-01 2.098540427975065193e-04 2.113168145939229317e-07 5.119338028765955153e-08
1.000000000000000000e+01 9.889663525872188776e-01 5.185505445502972162e-04 2.820190131073615847e-07 6.945114931396290198e-08
1.200000000000000000e+01 9.888928591711111382e-01 5.315793453385428240e-04 2.422445905321849291e-07 5.853702574176943125e-08
1.500000000000000000e+01 9.921658907733188482e-01 4.366842480719551850e-04 1.618391248245407258e-07 3.541484365233171339e-08
1.800000000000000000e+01 9.957237204830511335e-01 2.439913311825280592e-04 3.608921737331913010e-08 4.713353678250668016e-09
2.200000000000000000e+01 9.985616192016985027e-01 -2.608187626408076245e-05 6.222641519870897867e-09 1.394940304198355856e-10
2.600000000000000000e+01 9.950715603325046565e-01 2.530515202928998691e-04 4.320229000561820919e-08 4.590000202085166124e-09
3.100000000000000000e+01 9.890184803130567248e-01 1.119633543501209402e-03 3.097702519480535486e-07 7.614567706854473041e-08
3.800000000000000000e+01 9.910186105414831026e-01 6.533548885868498048e-04 2.279263479272241640e-07 2.752954893814567133e-08
4.600000000000000000e+01 9.946844348939422042e-01 -2.618961894754470656e-04 1.347941391721088467e-07 1.134003477861787133e-09
5.500000000000000000e+01 9.861355488579078843e-01 1.469830906445060165e-03 4.802303094834556108e-07 1.014616738269759785e-07
6.600000000000000000e+01 9.903986143158317601e-01 -6.033533009702746848e-04 4.521897505522653436e-07 7.684274155237864862e-09
7.900000000000000000e+01 9.830946426248031722e-01 1.111373064753270806e-03 7.231782545783957206e-07 7.594293769592045985e-08
9.500000000000000000e+01 9.821088345275448273e-01 1.743077016235522361e-05 8.889785662605246199e-07 3.750429532007503756e-08
1.140000000000000000e+02 9.782449120273294385e-01 -6.308085534951890895e-04 1.949795947596191940e-06 9.828269786394313622e-09
1.370000000000000000e+02 9.712954921169152378e-01 8.355076205758233223e-05 3.121882251276345147e-06 1.246913938141463844e-08
1.640000000000000000e+02 9.612330980762137100e-01 8.517850573901933776e-04 4.331158001802393187e-06 8.047896722758336820e-08
1.970000000000000000e+02 9.452854659478263644e-01 3.047230511680437334e-03 1.373730117262730432e-05 9.617607479091637013e-08
2.370000000000000000e+02 9.246094182959270213e-01 2.130580897287835587e-03 2.243480555420735657e-05 5.846867138306136943e-08
2.840000000000000000e+02 9.000212678295027580e-01 4.233822058476438902e-03 4.023459438176571099e-05 1.935769872407616435e-07
3.410000000000000000e+02 8.509655322300356817e-01 9.070267363464700958e-03 8.545105482276574467e-05 9.367535991524714358e-07
4.100000000000000000e+02 7.973897776520462166e-01 1.303051273296140615e-02 1.564051823711593838e-04 1.836817471296472851e-06
4.920000000000000000e+02 7.277193527839845855e-01 1.938605106654488208e-02 2.731471198717240435e-04 3.934501294877827693e-06
5.900000000000000000e+02 6.353512603480585552e-01 3.068365169350477720e-02 4.682301322587856642e-04 9.914089782887166289e-06
7.080000000000000000e+02 5.216858665186414612e-01 4.614511725283463456e-02 7.457598546029470298e-04 2.202351887598176804e-05
8.500000000000000000e+02 3.939621223889562263e-01 6.694665495847050563e-02 1.017604569564256080e-03 4.600058859778191698e-05
1.020000000000000000e+03 2.809216091047011532e-01 9.153717501219096886e-02 1.120710827694827629e-03 8.467296110417911708e-05
1.224000000000000000e+03 2.064258074206682392e-01 9.995982557282179215e-02 9.002571661766761626e-04 9.785303941368650698e-05
1.469000000000000000e+03 2.030302130061777954e-01 8.748896588900940963e-02 5.696772145221214081e-04 7.319224760749288585e-05
1.763000000000000000e+03 2.559060411601510876e-01 3.578585255497954837e-02 7.268313526209339110e-04 2.440781288176311056e-05
2.116000000000000000e+03 2.628479915057575500e-01 -4.255149800247884188e-03 9.094635290889087559e-04 3.621802376655741836e-05
2.539000000000000000e+03 1.213402993424031184e-01 5.828811518371636302e-02 3.211042174859355725e-04 1.087755584178876832e-04
3.047000000000000000e+03 -1.502335535915839092e-02 1.831502465012549985e-01 1.159393575142226044e-03 6.513067135186625988e-04
3.657000000000000000e+03 1.547014259378299561e-01 6.243806372884756761e-02 1.096945736390400042e-03 2.472414793609839447e-04
4.388000000000000000e+03 1.637079483081032572e-01 -4.353883103399248250e-02 1.291650296278207461e-04 1.000448268240751822e-04
5.266000000000000000e+03 -7.251078960344414792e-02 3.113279024472144774e-01 1.167801297194934239e-03 6.847348826455288166e-04
6.319000000000000000e+03 2.878163186760036574e-01 -1.032514047958818237e-01 1.125321120014564132e-03 3.427787347003692989e-04
7.583000000000000000e+03 1.833995745768760566e-01 1.353457223102596252e-01 7.634513531370598020e-04 2.364187886735169141e-04
9.100000000000000000e+03 -1.631301001423865193e-01 6.396767873350783784e-02 3.740073458017902368e-04 7.253831570580122293e-04
1.092000000000000000e+04 3.153394163570225617e-01 -1.757964586142496122e-01 9.078821055559126900e-04 2.845190434172121586e-04
1.310400000000000000e+04 3.389022808164803835e-01 8.087590258005443455e-02 4.263782724072463261e-04 2.402759869248990900e-04
1.572500000000000000e+04 4.306451708883805157e-02 9.222116564513728465e-02 1.803329091505733546e-03 1.317390494746998241e-03
1.887000000000000000e+04 -1.330892242706948614e-01 4.850345232794902040e-01 7.159364882802848277e-04 4.197924902198780324e-04
2.264400000000000000e+04 -1.219217659541919074e-01 1.954934280539587788e-01 8.961485226524892531e-04 8.853503052407505616e-04
2.717300000000000000e+04 7.041900026384199929e-02 2.882393785306631706e-01 1.159455288682214192e-03 3.736846462010255730e-04
3.260800000000000000e+04 -1.661742156697188222e-01 3.759500583982814947e-01 3.522288100501660534e-04 4.706548909522617120e-04
3.913000000000000000e+04 -1.462011202063140392e-01 1.732071228982830864e-04 8.689964437029955953e-05 8.629100871414241121e-04
4.695600000000000000e+04 3.135977765213503465e-01 2.484205577208596985e-02 1.446638583368214503e-03 4.490062573186272385e-04
5.634700000000000000e+04 5.951799004542184662e-02 -3.444796971389502138e-01 1.198862457925618406e-03 6.544831778219837833e-04
6.761700000000000000e+04 -2.281628070442376921e-01 -1.468813407244850266e-01 2.408779242950593452e-04 8.117714299440409583e-04
8.114000000000000000e+04 -1.217516360128044831e-02 -7.634633360327847118e-02 6.849864139466434057e-04 3.400166832390207582e-04
9.736800000000000000e+04 7.204378139490519306e-02 1.102649957327482555e-02 5.208397997877815128e-04 8.919276180455128124e-04
1.168420000000000000e+05 1.210125355323441038e-01 5.274397475093529214e-02 7.604482294716574360e-04 6.480577276170285377e-04
1.402100000000000000e+05 -1.509210684557731330e-01 -1.661013870886235699e-01 3.724403482961384905e-04 1.469545851559127302e-03
1.682520000000000000e+05 -2.899171205750896707e-01 1.828923581129647813e-01 1.048991786321874990e-05 8.164794315865237352e-04
2.019030000000000000e+05 -3.862346967637214079e-01 -3.043367775157596045e-01 1.897160366181535414e-05 1.559645280583816943e-03
2.422830000000000000e+05 -3.687530314931301584e-03 2.011887534478387640e-02 7.185541500664984448e-04 1.280027626944579356e-04
2.907400000000000000e+05 1.719319954780074503e-02 6.924652824830677955e-02 8.072026285409925018e-04 1.167842289411924212e-03
3.488880000000000000e+05 1.153338654536167629e-01 -5.835484824883502980e-02 1.047419028012031234e-03 6.296574430770816898e-04
4.186660000000000000e+05 -3.158080727547680211e-01 -1.702646791917461835e-02 5.757812630001873244e-05 1.538024491474883392e-03
5.024000000000000000e+05 -6.821784322577693904e-02 4.208794933030446384e-01 8.907996125648647793e-04 7.486764501640499024e-04
6.028800000000000000e+05 -1.071712949688960609e-01 1.750345009890846570e-01 1.062225603005408602e-03 7.578548404389661135e-04
7.234560000000000000e+05 2.793584870621045879e-01 -5.384212138655988800e-02 9.950816154179261287e-04 4.786329463195889143e-05
8.681470000000000000e+05 2.390498895936826462e-01 1.847004363162115803e-01 4.060639532962249639e-04 1.691179297043887383e-04
1.041776000000000000e+06 3.948124504237358612e-01 4.643037059566942210e-02 7.249634680459692958e-04 2.420627514770522714e-04
1.250132000000000000e+06 -1.187425209163307654e-01 1.269392787106549125e-01 2.367049677110552391e-04 5.053478153645726920e-04
1.500158000000000000e+06 -1.246275284796957566e-01 2.826627039569604150e-01 7.717791145532500218e-05 2.292333528778635321e-04
1.800190000000000000e+06 -1.535052484959257280e-01 -2.365601377022878149e-01 4.971275429591872535e-04 7.636671529111626732e-04
2.160228000000000000e+06 7.653237492869190139e-02 3.038419002039935424e-01 1.310999191285411531e-03 6.413184108942561077e-04
2.592274000000000000e+06 -1.839827207799932252e-01 2.540267486299990218e-01 1.959832213093463883e-04 6.696195459378065590e-04
3.110728000000000000e+06 3.632748264688200890e-01 9.201506121633834870e-03 6.699309749115967688e-04 1.036185359249031660e-04
3.732874000000000000e+06 -2.606240155125993940e-01 2.583581749275044026e-01 3.972153517191296486e-04 1.201555563742294800e-03
4.479449000000000000e+06 -1.744982494128637929e-01 4.453236012193325655e-01 6.143898347031193563e-04 9.170846977819995839e-04
5.375339000000000000e+06 3.739192269426805937e-01 -1.521336994653968433e-01 5.586082119913157121e-04 1.181931543364045893e-04
6.450407000000000000e+06 -2.145742001369762564e-01 1.672878443738014254e-01 2.705205993039443667e-04 1.115092916826632662e-03
7.740489000000000000e+06 -8.357939010217327325e-02 1.263692655620896055e-01 3.080976681031413473e-04 7.802572173828397229e-04
9.288586000000000000e+06 9.599791125978436590e-02 1.629446758269743611e-01 6.747720412949107655e-04 8.837266751808564710e-05
1.114630400000000000e+07 -1.794792886662438525e-02 -1.647717332688123926e-01 8.072815837113272910e-04 5.468988544842009331e-04
1.337556500000000000e+07 -3.484221103772211503e-01 -2.718548289690709066e-02 2.632680546158759553e-06 7.502431273323175885e-04
1.605067800000000000e+07 5.328537633789800360e-02 -3.100748773859735019e-01 6.126833976958314960e-04 4.482027749565231363e-04
1.926081300000000000e+07 -1.239430718117282143e-01 -3.361309222074169711e-01 4.717253665387202070e-04 7.138010747565811526e-04
2.311297600000000000e+07 5.226487057800607329e-03 -8.308517207505899949e-02 1.289461607739792728e-03 1.056123262918041896e-03
2.773557200000000000e+07 2.461627191225458922e-01 1.171985629631133452e-01 9.735608552273948123e-04 4.378082072706394878e-04
3.328268600000000000e+07 4.704884722057223884e-02 1.854996511324678854e-01 1.717212417597655753e-03 7.757865770181925471e-04
3.993922300000000000e+07 1.326146764561868807e-01 -5.083926882887270654e-02 3.457785396728473536e-04 1.303878657071033990e-04
4.792706800000000000e+07 6.419354283625822166e-02 1.030316341729261981e-01 1.435039216482224224e-03 1.184866568144512741e-04
5.751248200000000000e+07 -3.299438025562267951e-01 7.772121730392921035e-02 9.903682284242750075e-05 1.683775101239108445e-03
6.901497800000000000e+07 4.950044090009768083e-01 -1.223015102024090361e-01 7.428831678451636123e-04 2.362283681427442103e-04
