# Z3/Z3_L4_f1.0_h0.99_m1.0_J1.0_hz0.1_phiz0.0_hx0.0_phix0.0_ndis100.txt
# time	Re(Z)\Im(Z)	Var(Re(Z))	Var(Im(Z))
1.000000000000000000e+00 9.995613990161763551e-01 3.062012504589789582e-06 1.919934553863052557e-17 -7.693272066155390894e-29
1.000000000000000000e+00 9.995613990161763551e-01 3.062012504589789582e-06 1.919934553863052557e-17 -7.693272066155390894e-29
1.000000000000000000e+00 9.995613990161763551e-01 3.062012504589789582e-06 1.919934553863052557e-17 -7.693272066155390894e-29
1.000000000000000000e+00 9.995613990161763551e-01 3.062012504589789582e-06 1.919934553863052557e-17 -7.693272066155390894e-29
2.000000000000000000e+00 9.985134508321249491e-01 -4.972860433117010194e-06 1.386886740232527046e-10 3.053353888411022327e-11
2.000000000000000000e+00 9.985134508321249491e-01 -4.972860433117010194e-06 1.386886740232527046e-10 3.053353888411022327e-11
2.000000000000000000e+00 9.985134508321249491e-01 -4.972860433117010194e-06 1.386886740232527046e-10 3.053353888411022327e-11
3.000000000000000000e+00 9.972770467696259189e-01 4.020268769411105376e-05 2.016486384720976530e-09 4.175515405372573288e-10
4.000000000000000000e+00 9.958522904651222474e-01 7.206216354274069921e-05 8.021210847577569850e-09 2.229154244958580677e-09
5.000000000000000000e+00 9.944104324186774368e-01 3.940306112797942320e-05 1.963607426282603356e-08 5.982359236587757482e-09
6.000000000000000000e+00 9.931570357184650311e-01 1.297510782912823909e-04 3.464220629571227756e-08 1.092699154546948278e-08
7.000000000000000000e+00 9.914245390322043994e-01 2.621211631685332975e-04 6.368544657824254685e-08 2.021092092326982583e-08
8.000000000000000000e+00 9.901952070051579513e-01 1.706101246047325595e-04 9.110107370568719920e-08 2.905467779358789869e-08
1.000000000000000000e+01 9.880399061431954788e-01 4.987798304307348952e-04 1.187172678530999193e-07 3.875593324523407894e-08
1.200000000000000000e+01 9.880696285580239380e-01 4.981911156755285510e-04 9.766746214981087135e-08 3.248914328902815887e-08
1.500000000000000000e+01 9.916695200442674496e-01 4.218036423101329782e-04 5.983129723548799081e-08 2.086777385443705986e-08
1.800000000000000000e+01 9.956943565654050587e-01 2.427555896318192704e-04 8.907332913026238645e-09 3.185900283927631326e-09
2.200000000000000000e+01 9.989228874784005230e-01 1.169500229599357241e-05 6.184296800641429192e-10 1.522631295046555403e-10
2.600000000000000000e+01 9.954221495948709642e-01 3.344140830451631944e-04 8.173554271446269015e-09 2.910159844266083423e-09
3.100000000000000000e+01 9.892353969592942997e-01 1.256896152562077523e-03 9.287326373394180819e-08 3.975137855523734083e-08
3.800000000000000000e+01 9.919259429964394359e-01 8.170870087585776088e-04 3.747982295364991568e-08 1.756332647741023649e-08
4.600000000000000000e+01 9.962686349417769760e-01 1.687635215809835056e-04 8.229532166558609529e-09 2.604215912659242265e-09
5.500000000000000000e+01 9.887324886467203644e-01 2.037586768981392536e-03 6.804529493638067509e-08 4.746912016680633557e-08
6.600000000000000000e+01 9.939791326045570585e-01 2.897304652900447534e-04 2.343498362228844693e-08 8.199408976184516436e-09
7.900000000000000000e+01 9.893083432724251169e-01 2.181182486420957158e-03 3.117366037099255207e-08 3.264196637303937600e-08
9.500000000000000000e+01 9.900417586025339611e-01 1.652110609568928573e-03 2.320280140425298446e-08 1.932841720102273611e-08
1.140000000000000000e+02 9.898745219855333843e-01 1.112913096584899030e-03 3.305416487749141697e-08 1.762494502746917227e-08
1.370000000000000000e+02 9.891435933794366919e-01 1.132146707610860205e-03 2.869490242105081537e-08 2.052947761751100140e-08
1.640000000000000000e+02 9.891471275748137115e-01 8.906750802066881398e-04 3.954460077104482013e-08 3.090795531467050000e-08
1.970000000000000000e+02 9.910117850938432449e-01 3.655493217172543514e-04 4.973605963612076905e-08 1.694137009768546905e-08
2.370000000000000000e+02 9.900932899605621174e-01 -5.483885243671427330e-05 2.548398559622804695e-08 1.543432356040680313e-08
2.840000000000000000e+02 9.893721127792504122e-01 -4.316260996315296201e-06 5.459321376698353241e-08 1.596476834913348774e-08
3.410000000000000000e+02 9.897299761159473741e-01 -3.755927936268474584e-04 5.865221398367945199e-08 2.197670908075024034e-08
4.100000000000000000e+02 9.895734565836288299e-01 -4.193156303529726927e-04 4.843062650165328962e-08 2.332111698435044269e-08
4.920000000000000000e+02 9.897248296990893701e-01 1.079201327529862535e-04 3.953128810679064256e-08 2.298147972289004449e-08
5.900000000000000000e+02 9.904202446799517112e-01 1.756020643661984507e-04 3.749087832858901030e-08 1.566306216330911287e-08
7.080000000000000000e+02 9.915989332313324134e-01 -3.817257880443860891e-05 3.119068210394357108e-08 9.603504871091320225e-09
8.500000000000000000e+02 9.891597587368861078e-01 1.730631744740959642e-05 2.974407583085554335e-08 2.425285123532650605e-08
1.020000000000000000e+03 9.893068952916884706e-01 3.660376246700584022e-04 4.076201953667549024e-08 1.779646761712825640e-08
1.224000000000000000e+03 9.887592266684827047e-01 2.426846567020646175e-05 3.535314829076689580e-08 1.620494040440311156e-08
1.469000000000000000e+03 9.906989649285408150e-01 1.610770009266890399e-04 3.855675737665883372e-08 1.167154912021503893e-08
1.763000000000000000e+03 9.888625847288828874e-01 -2.426319970444105903e-04 6.485037785193760493e-08 1.358828041035805889e-08
2.116000000000000000e+03 9.893434471992647028e-01 -4.033215010031676290e-06 5.926900536745020262e-08 9.781726721709725829e-09
2.539000000000000000e+03 9.891472236188658673e-01 -2.462474820990069851e-04 4.111024788870525253e-08 1.469622954775579043e-08
3.047000000000000000e+03 9.889070937235016068e-01 1.565894735743741953e-05 5.439689763766024398e-08 1.318148258977604004e-08
3.657000000000000000e+03 9.885367445043021783e-01 2.189886276096331119e-05 5.169597083102893356e-08 7.556861717264564700e-09
4.388000000000000000e+03 9.884356263921054708e-01 -3.222322397463507431e-04 6.806746186883067975e-08 6.961863023865830659e-09
5.266000000000000000e+03 9.878350152858239586e-01 -1.318543292617495267e-04 6.576877468782254231e-08 1.017381748197625098e-08
6.319000000000000000e+03 9.867452604113453596e-01 1.027031033259141724e-04 8.558628089947834823e-08 1.086445076396493240e-08
7.583000000000000000e+03 9.857804410851781496e-01 -4.255189289366620225e-04 9.680070036298890679e-08 7.021088701007474344e-09
9.100000000000000000e+03 9.846749024512021498e-01 -2.173292309407699719e-04 1.592620519281873460e-07 7.453464654452161362e-09
1.092000000000000000e+04 9.835264657461780802e-01 -1.895521754413151795e-04 2.256977414248235784e-07 1.228715759376793364e-08
1.310400000000000000e+04 9.804624124887901804e-01 -1.414699874580154719e-04 4.874287661608420688e-07 7.980283432191105334e-09
1.572500000000000000e+04 9.770594749680796554e-01 -3.249616490900160241e-04 7.779021414680266075e-07 1.000366291377867488e-08
1.887000000000000000e+04 9.719009507994919028e-01 -2.582098605715100158e-04 1.428537934529478948e-06 8.132075645781231393e-09
2.264400000000000000e+04 9.655205276661418257e-01 -5.498256616695274251e-04 2.971787289689203204e-06 8.218800507738286154e-09
2.717300000000000000e+04 9.546254248280781063e-01 -6.928764114086507836e-05 5.725477315811081105e-06 1.413791899570764525e-08
3.260800000000000000e+04 9.404536336205377989e-01 -4.075062901945736369e-04 1.126689923607633022e-05 1.576914020095500531e-08
3.913000000000000000e+04 9.198460839486622964e-01 -7.681490070287766295e-04 2.184725029625928032e-05 3.162486762375009356e-08
4.695600000000000000e+04 8.917487610313579172e-01 -1.551028918465061036e-03 4.105483209833912203e-05 6.753646500494560970e-08
5.634700000000000000e+04 8.545216381186083732e-01 -2.953076672332901817e-03 7.450559967024006542e-05 1.696727779478571038e-07
6.761700000000000000e+04 8.044260925837365406e-01 -5.472866700523969404e-03 1.280155920043390104e-04 4.579377051819518053e-07
8.114000000000000000e+04 7.392547628794958747e-01 -7.879992510410570306e-03 2.017086071617352368e-04 9.500482538651388351e-07
9.736800000000000000e+04 6.633158763934335900e-01 -1.232697191517817363e-02 2.872704039872905663e-04 1.780086331197022384e-06
1.168420000000000000e+05 5.765572028748976452e-01 -1.589851028260231419e-02 3.514677627885615368e-04 2.761320581548490411e-06
1.402100000000000000e+05 4.892223726086756819e-01 -2.128821530275543453e-02 3.788794556962099764e-04 3.121616061673862595e-06
1.682520000000000000e+05 4.089194709336317901e-01 -2.426676684393144420e-02 3.985735745804836632e-04 3.035327723479640302e-06
2.019030000000000000e+05 3.376219772252282980e-01 -2.890487259157252520e-02 4.359703003111595004e-04 5.162622038335855369e-06
2.422830000000000000e+05 2.622078778514074227e-01 -4.055350137680483608e-02 3.769535233092605837e-04 7.931630182575975639e-06
2.907400000000000000e+05 1.879919824338326939e-01 -6.157452209332250209e-02 3.030565437737234302e-04 1.708871575912203591e-05
3.488880000000000000e+05 1.684621825404282458e-01 -7.443291000462899654e-02 3.664449793829858471e-04 2.357624229900278750e-05
4.186660000000000000e+05 1.895905588482393878e-01 -6.645205488467632871e-02 7.076821849040212985e-04 2.288916566004870832e-05
5.024000000000000000e+05 1.004902036683618105e-01 -9.963847383646298739e-02 3.787022364735312071e-04 3.956077035411653030e-05
6.028800000000000000e+05 7.371036251468619793e-02 -9.591694376776117859e-02 4.537082344403327479e-04 4.103276241405217533e-05
7.234560000000000000e+05 2.004355891291900449e-01 -1.124339370511453357e-01 5.166071043990639201e-04 7.036053480611029665e-05
8.681470000000000000e+05 5.505406867845912267e-01 -3.786102565670514813e-02 3.008629684874513624e-04 1.528813218981000488e-05
1.041776000000000000e+06 1.829130914571647781e-01 -1.551750808656776337e-01 6.537094598179229261e-04 1.403604494218230712e-04
1.250132000000000000e+06 3.906478040150994091e-01 -1.055618802342267043e-01 4.848130769698286852e-04 1.243864947297129643e-04
1.500158000000000000e+06 1.339560468597141285e-01 -1.046484547804720638e-01 4.995018765239409540e-04 2.548161220058976209e-04
1.800190000000000000e+06 4.288091553707665260e-02 -2.100161838708227147e-01 3.493361828004868828e-04 1.356928335185831756e-04
2.160228000000000000e+06 3.127329270716237009e-01 -1.174953077766257431e-02 4.947749493583893359e-04 2.177620411953203007e-04
2.592274000000000000e+06 4.500839980292632020e-02 -1.137490930394055577e-01 4.467131861619873050e-04 3.457305684306297535e-04
3.110728000000000000e+06 9.306958578132323856e-02 -7.986991245441063883e-03 3.630160537030476735e-04 1.708116055306852876e-04
3.732874000000000000e+06 9.339673164414435957e-02 -1.332536303511714648e-01 5.614734122019039535e-04 3.722934469721780686e-04
4.479449000000000000e+06 4.787563377616460558e-02 -4.421419667492026279e-02 3.960026397101061297e-04 4.097436379393152618e-04
5.375339000000000000e+06 1.288596058635610164e-01 6.064414125714961273e-02 2.926310508811074437e-04 1.543568916571095814e-04
6.450407000000000000e+06 5.193000722083287307e-02 -5.647162792770037826e-02 4.253365173565977291e-04 2.178192316254595989e-04
7.740489000000000000e+06 4.820576104107782318e-03 -4.707036965090522634e-02 5.757813563961519925e-04 6.166372286193438999e-04
9.288586000000000000e+06 -6.898853544357003154e-02 -1.894535746035895529e-01 3.599193952714295139e-04 3.822245261037051614e-04
1.114630400000000000e+07 -6.830771000340600529e-02 2.666019301940142916e-01 3.562254145521068878e-04 2.432812680828483776e-04
1.337556500000000000e+07 -1.534673405876470498e-01 7.818351035282017358e-02 1.981038437707661581e-04 3.440075893823687169e-04
1.605067800000000000e+07 6.392619300802487858e-02 -1.186741158635448712e-01 5.072414245638287187e-04 3.301556490154511359e-04
1.926081300000000000e+07 2.352767991768539291e-01 -1.200987971683847031e-03 3.430274599332580176e-04 1.925561045457250544e-04
2.311297600000000000e+07 1.438599154933663249e-01 5.202267565948859307e-02 4.698550575991671148e-04 2.057739399227511182e-04
2.773557200000000000e+07 8.901499738385656654e-03 9.401302024035093630e-02 2.227940106657531471e-04 2.794387749462759495e-04
3.328268600000000000e+07 4.528359852148176184e-02 1.825294475552441745e-02 5.943281031360701924e-04 4.490405197552067526e-04
3.993922300000000000e+07 -5.628069825330751091e-02 -1.285936772961202360e-02 2.517023346021061373e-04 2.925917221977224463e-04
4.792706800000000000e+07 -2.142800016279987341e-01 -5.244442347007267913e-02 1.506299036319024291e-04 6.326473408977493357e-04
5.751248200000000000e+07 -1.170113460002219219e-01 2.982686902047503377e-02 2.469766896331040832e-04 4.554941733295137462e-04
6.901497800000000000e+07 3.282050784384334119e-02 -1.317935466942622702e-01 3.910143286890891507e-04 3.810788206595077158e-04
