# Z3/Z3_L3_f1.0_h0.99_m1.0_J1.0_hz0.1_phiz0.0_hx0.0_phix0.0_ndis100.txt
# time	Re(Z)\Im(Z)	Var(Re(Z))	Var(Im(Z))
1.000000000000000000e+00 9.995613990161817952e-01 3.062012504857122074e-06 -6.683616870653116467e-18 5.943631596260520241e-29
1.000000000000000000e+00 9.995613990161817952e-01 3.062012504857122074e-06 -6.683616870653116467e-18 5.943631596260520241e-29
1.000000000000000000e+00 9.995613990161817952e-01 3.062012504857122074e-06 -6.683616870653116467e-18 5.943631596260520241e-29
1.000000000000000000e+00 9.995613990161817952e-01 3.062012504857122074e-06 -6.683616870653116467e-18 5.943631596260520241e-29
2.000000000000000000e+00 9.985427050344689581e-01 3.413907483135192153e-07 2.217955533095801614e-10 3.758111320338177024e-11
2.000000000000000000e+00 9.985427050344689581e-01 3.413907483135192153e-07 2.217955533095801614e-10 3.758111320338177024e-11
2.000000000000000000e+00 9.985427050344689581e-01 3.413907483135192153e-07 2.217955533095801614e-10 3.758111320338177024e-11
3.000000000000000000e+00 9.973898080159030455e-01 6.636768621318205844e-05 3.279083858771870927e-09 5.163372505558354378e-10
4.000000000000000000e+00 9.960926676554161530e-01 1.405881955806441040e-04 1.236837566924363576e-08 2.811468741469274789e-09
5.000000000000000000e+00 9.947859013836760633e-01 1.576581487931051975e-04 2.884269596217801482e-08 7.620329373459849356e-09
6.000000000000000000e+00 9.936251723217821574e-01 2.830601763457069346e-04 4.910035212081224572e-08 1.402448417609236028e-08
7.000000000000000000e+00 9.920233820035823102e-01 4.651266624343406765e-04 8.803909409891872634e-08 2.609821582665368746e-08
8.000000000000000000e+00 9.909281936473662844e-01 4.190309260386609869e-04 1.263367425123168059e-07 3.749014106490182384e-08
1.000000000000000000e+01 9.888938587160943650e-01 7.570988168471378841e-04 1.677123596458228830e-07 4.956396074578977266e-08
1.200000000000000000e+01 9.888791744207414691e-01 7.267027868576296946e-04 1.404469206110884138e-07 4.117556939938456039e-08
1.500000000000000000e+01 9.922811218822477075e-01 5.963411054831832927e-04 8.368914502127642115e-08 2.660073730041083256e-08
1.800000000000000000e+01 9.959754803418241487e-01 3.012287198081349277e-04 1.346545226120836136e-08 3.888140139399549572e-09
2.200000000000000000e+01 9.989800394898565861e-01 2.105501100018354960e-05 7.411351933499525067e-10 9.561811524359514475e-11
2.600000000000000000e+01 9.957214918426922079e-01 3.922657860761019828e-04 1.222973436419262583e-08 3.544500438496324414e-09
3.100000000000000000e+01 9.900310826814995302e-01 1.417879813039564420e-03 1.323012618132968245e-07 4.953116282143350127e-08
3.800000000000000000e+01 9.924789198866167395e-01 9.138661754102200352e-04 5.539321875216522584e-08 2.207721662435284837e-08
4.600000000000000000e+01 9.966224379652256493e-01 2.045466048635465408e-04 1.064163945926221625e-08 2.827339788105559502e-09
5.500000000000000000e+01 9.896797837923200225e-01 2.088713306824213894e-03 1.050438960374576671e-07 5.834227861271483809e-08
6.600000000000000000e+01 9.945070626768709454e-01 2.535680732904768459e-04 3.102353883190399123e-08 8.665188347622039196e-09
7.900000000000000000e+01 9.905107787842670763e-01 2.060332296797633567e-03 5.852020673398132266e-08 3.954725735144536098e-08
9.500000000000000000e+01 9.921252485821757672e-01 1.342272694934610331e-03 3.748657925767377355e-08 1.840734595914760271e-08
1.140000000000000000e+02 9.916875192340728340e-01 6.357634188644825050e-04 5.769781621189312596e-08 2.361939205597429014e-08
1.370000000000000000e+02 9.916201539747436788e-01 4.775778843820168091e-04 5.628824067087697222e-08 2.275519074520171191e-08
1.640000000000000000e+02 9.938279417138645710e-01 4.552327587377891037e-05 3.277329372026463563e-08 6.409692106337847377e-09
1.970000000000000000e+02 9.892450156568263209e-01 7.675822846524202846e-04 9.091749358646387546e-08 4.330241585746306894e-08
2.370000000000000000e+02 9.918873201395796979e-01 1.759808342590587051e-04 6.027269831281486857e-08 1.413771843247220927e-08
2.840000000000000000e+02 9.930512097434426311e-01 -1.999679218325833895e-05 9.424022928063367439e-08 1.555608666467287956e-08
3.410000000000000000e+02 9.907835700463452078e-01 1.297948782846196879e-03 9.423461254353223294e-08 2.121980152433027233e-08
4.100000000000000000e+02 9.907944271147636206e-01 1.347321175996363382e-04 5.825498392296954269e-08 2.411167952331716915e-08
4.920000000000000000e+02 9.899293433528790764e-01 -5.816528886250778123e-04 1.088230523200564924e-07 2.257644746153645737e-08
5.900000000000000000e+02 9.925908076601211993e-01 1.491579923511676784e-04 6.296199745442431606e-08 7.613161022279693014e-09
7.080000000000000000e+02 9.889285567995519388e-01 2.608240822295270563e-04 1.043574258821186062e-07 1.724216699766820774e-08
8.500000000000000000e+02 9.883290139797723528e-01 1.600907526504185998e-04 1.978472569023145131e-07 9.413344209058979505e-09
1.020000000000000000e+03 9.860847831979151490e-01 -5.205476495815780907e-04 3.340678662306717027e-07 1.879075841004787049e-08
1.224000000000000000e+03 9.850705849816711046e-01 -4.376101692761612911e-04 4.115392460402899252e-07 7.905676012041930653e-09
1.469000000000000000e+03 9.813639358226536880e-01 -7.389589851546555068e-04 7.938765772285395309e-07 1.291379191492769726e-08
1.763000000000000000e+03 9.756310065172562052e-01 -1.593931300054837134e-03 1.482620445714011026e-06 3.599805311844333297e-08
2.116000000000000000e+03 9.687063992182717298e-01 -1.127431461310533312e-03 2.984350357994200247e-06 6.362282453672785018e-08
2.539000000000000000e+03 9.605132750279885556e-01 -2.578724279251807562e-03 5.391843830959660115e-06 1.404773530959083805e-07
3.047000000000000000e+03 9.474605653973345865e-01 -4.129708771783722164e-03 9.926320411120835785e-06 2.877226326314581952e-07
3.657000000000000000e+03 9.275098833963140166e-01 -7.579328028941873831e-03 1.937245820063800174e-05 8.254297823689886253e-07
4.388000000000000000e+03 9.018702885989580142e-01 -1.336356329034942177e-02 3.659324685989952654e-05 2.228916424185561018e-06
5.266000000000000000e+03 8.645265773668762144e-01 -2.230205982379068752e-02 6.597660060239251992e-05 5.371556779737385777e-06
6.319000000000000000e+03 8.167519812511825350e-01 -3.605373494986180427e-02 1.173513964987227655e-04 1.255257916624971624e-05
7.583000000000000000e+03 7.501162400862810831e-01 -5.843140830399418811e-02 1.982652846715804028e-04 2.730941394860820183e-05
9.100000000000000000e+03 6.667521065002194325e-01 -9.092687528289807031e-02 3.137686554820564590e-04 5.342881854842088888e-05
1.092000000000000000e+04 5.658850236174114423e-01 -1.368122453093876256e-01 4.658384333172676953e-04 9.376369271535121602e-05
1.310400000000000000e+04 4.483477904727313779e-01 -1.968628226395093272e-01 6.487208274608125252e-04 1.575758928906593537e-04
1.572500000000000000e+04 3.220755805798993787e-01 -2.683044718955136521e-01 8.258874822497859784e-04 2.669388566935425875e-04
1.887000000000000000e+04 1.989395728737923530e-01 -3.376180486853158080e-01 9.164151457304802687e-04 3.503320260031481136e-04
2.264400000000000000e+04 1.001064403777457285e-01 -3.797955533264667505e-01 9.055615777875537353e-04 3.167359325813955259e-04
2.717300000000000000e+04 2.263208752455475245e-02 -3.530625476982772182e-01 8.610522343629621513e-04 4.253887301596285739e-04
3.260800000000000000e+04 -6.361986288602805573e-02 -2.562317503542361208e-01 7.823869354637065380e-04 8.139981995489654811e-04
3.913000000000000000e+04 -1.152718466475959325e-01 -1.719989834293516040e-01 5.825439801485375645e-04 9.751004729963270133e-04
4.695600000000000000e+04 -6.133465368628569087e-02 -9.474185288337128030e-02 6.377778555538264225e-04 7.097522170061444082e-04
5.634700000000000000e+04 -2.567046186951350492e-02 -2.750928945743497112e-02 5.123893586818715606e-04 4.827324091005444416e-04
6.761700000000000000e+04 -9.985308898542205602e-02 -2.644037583411978920e-02 1.011940416504842353e-03 1.339643952774986248e-03
8.114000000000000000e+04 -1.903649483452263536e-01 -7.307001659867561061e-02 3.780005767105547180e-04 1.195594052717941034e-03
9.736800000000000000e+04 1.535373920071618770e-01 -2.525005435487442385e-01 9.271048570760172464e-04 5.022062882828716912e-04
1.168420000000000000e+05 1.435462141058725834e-02 -9.994465414476325082e-02 6.166922724345183689e-04 4.412740305535155184e-04
1.402100000000000000e+05 -1.076130152765851916e-01 -7.829279039271480611e-02 6.055964650194762882e-04 7.395378424424785876e-04
1.682520000000000000e+05 -3.368313581707217397e-01 1.812614321964256814e-01 8.249581273877646824e-05 1.223418666285735340e-03
2.019030000000000000e+05 1.631748672799169242e-01 9.530209251022082884e-02 7.577576134928918662e-04 4.860665944752185679e-04
2.422830000000000000e+05 2.117400211872828841e-02 -3.877661752180781018e-01 1.062833215073551640e-03 2.952225860821900902e-04
2.907400000000000000e+05 2.894977419407489261e-02 -1.038648485775236219e-01 4.069197821740493776e-04 4.305717813651885697e-04
3.488880000000000000e+05 1.412276716776408314e-01 -2.743371620634436070e-01 9.675977447691513520e-04 3.183170467485378565e-04
4.186660000000000000e+05 -5.797856820580713291e-03 3.711566606901939847e-01 6.736403471374449638e-04 3.808475522256611623e-04
5.024000000000000000e+05 1.544755527031337061e-01 -1.898382980098973494e-01 7.262497651512583169e-04 5.638144970239488459e-04
6.028800000000000000e+05 -2.016674337754280066e-01 -1.692902316720557299e-01 1.006383146052450479e-04 4.764973343105097106e-04
7.234560000000000000e+05 6.840857101559627562e-02 4.732637975560013283e-02 7.675727755705979809e-04 6.800253150965370873e-04
8.681470000000000000e+05 2.078656505193221815e-01 -1.373129416306849426e-01 1.015799496191293737e-03 3.565702243689910069e-04
1.041776000000000000e+06 -1.354056474016447353e-01 -5.694386866242060613e-02 3.050549601945121408e-04 8.128954444148441200e-04
1.250132000000000000e+06 3.803217676869323494e-02 1.912013048553144745e-01 7.643444523253294532e-04 2.732121297213860843e-04
1.500158000000000000e+06 8.015055215712463266e-02 -8.125301240739810082e-02 5.499917846526517721e-04 2.059254218257089973e-04
1.800190000000000000e+06 -3.111444988518968779e-01 -1.763491853615211657e-01 1.485415605992917597e-04 1.219386901553442615e-03
2.160228000000000000e+06 -1.306601108644700471e-01 -8.291868836265427201e-02 2.881094317315499673e-04 6.298422139170948989e-04
2.592274000000000000e+06 -2.275150979873732590e-02 -4.833286846925705788e-02 5.713544910165309744e-04 5.177492667809414873e-04
3.110728000000000000e+06 3.340757034757242672e-02 1.091174578049628058e-01 4.377965576194737694e-04 4.174844940729532613e-04
3.732874000000000000e+06 -2.004115078382301962e-01 1.854691654625426345e-01 1.972005127452738341e-04 6.856437307784006780e-04
4.479449000000000000e+06 -8.076868131129216755e-02 -2.797747777055082860e-02 2.546895280537857568e-04 4.044893407659889495e-04
5.375339000000000000e+06 1.981778896930881662e-01 -9.744604595727408836e-02 2.606460396840060384e-04 2.370519368327613820e-04
6.450407000000000000e+06 1.319539435968440089e-01 -7.390047372666488923e-02 7.208544277472902183e-04 4.513421036509137284e-05
7.740489000000000000e+06 1.144368015234645784e-02 -2.135458051564239068e-01 3.690452569255641855e-04 3.311803407542037001e-04
9.288586000000000000e+06 9.182154563940135572e-02 -9.656729805116329168e-02 5.258591362039258992e-04 3.073853349865888411e-04
1.114630400000000000e+07 7.155219941996650290e-02 8.091686939318078198e-02 4.162034539545017824e-04 1.454134079533127852e-04
1.337556500000000000e+07 -1.280245306391025739e-01 2.992120735584394287e-01 5.197654194180897176e-04 8.567189267791817378e-04
1.605067800000000000e+07 -1.344649819214251973e-01 9.295537044072094135e-02 2.371929352756438803e-04 5.357993916248516859e-04
1.926081300000000000e+07 -1.219398475593682918e-01 1.859835989295968439e-01 3.319110274669190394e-04 6.885722339466364026e-04
2.311297600000000000e+07 -1.744151810289908677e-01 2.677903652376700805e-01 2.735964861216651938e-04 3.406049189485699561e-04
2.773557200000000000e+07 -3.674708313665191878e-02 1.027794306174672906e-01 4.715416152357410052e-04 2.943970981463644152e-04
3.328268600000000000e+07 3.964262557143524712e-02 -2.765829831004759098e-01 5.739883223723626308e-04 4.770221617985109645e-04
3.993922300000000000e+07 -1.111603442680583198e-01 -9.522488613153383408e-02 1.492678107906094483e-04 3.534950283170829478e-04
4.792706800000000000e+07 -1.630020847318749688e-01 -1.424071747732033252e-02 2.535512542028290055e-04 5.114618436699988266e-04
5.751248200000000000e+07 1.764980572120794511e-01 -1.054846491836707173e-01 2.988771663250885946e-04 2.876092840833029737e-04
6.901497800000000000e+07 -1.935026404121663324e-01 -3.845685413648419759e-02 4.103640426617163124e-04 9.686015733535952108e-04
