# Z3/Z3_L6_f0.8_h0.99_m1.0_J1.0_hz0.1_phiz0.0_hx0.0_phix0.0_ndis100.txt
# time	Re(Z)\Im(Z)	Var(Re(Z))	Var(Im(Z))
1.000000000000000000e+00 9.995613990161855700e-01 3.062012504387497785e-06 -9.267304045285112964e-18 8.091421371749409794e-30
1.000000000000000000e+00 9.995613990161855700e-01 3.062012504387497785e-06 -9.267304045285112964e-18 8.091421371749409794e-30
1.000000000000000000e+00 9.995613990161855700e-01 3.062012504387497785e-06 -9.267304045285112964e-18 8.091421371749409794e-30
1.000000000000000000e+00 9.995613990161855700e-01 3.062012504387497785e-06 -9.267304045285112964e-18 8.091421371749409794e-30
2.000000000000000000e+00 9.986954743749030250e-01 -1.155901886521000006e-04 2.062842364000426647e-10 6.998785592256450673e-11
2.000000000000000000e+00 9.986954743749030250e-01 -1.155901886521000006e-04 2.062842364000426647e-10 6.998785592256450673e-11
2.000000000000000000e+00 9.986954743749030250e-01 -1.155901886521000006e-04 2.062842364000426647e-10 6.998785592256450673e-11
3.000000000000000000e+00 9.976260411016354412e-01 -2.453581769071811153e-04 1.707505559501166562e-09 4.445538599384538440e-10
4.000000000000000000e+00 9.964755694443603318e-01 -3.647163182317420200e-04 7.342133346856704564e-09 1.848831003534990906e-09
5.000000000000000000e+00 9.951187415422770854e-01 -5.105714079395236608e-04 1.958903018871154620e-08 5.122922545884364426e-09
6.000000000000000000e+00 9.935583551540609903e-01 -8.185163588549062208e-04 3.889231708306605308e-08 1.068472343536933862e-08
7.000000000000000000e+00 9.914994666382805910e-01 -1.128536289101355347e-03 6.621406072148930298e-08 1.985257570268882129e-08
8.000000000000000000e+00 9.893623093543396640e-01 -1.560964892505539280e-03 1.021168171050218268e-07 3.331810837838814206e-08
1.000000000000000000e+01 9.850399010145577394e-01 -2.480710907643557221e-03 2.172886181675775525e-07 7.882352482616568055e-08
1.200000000000000000e+01 9.806960685848040704e-01 -3.716091363504770047e-03 4.041226809004409973e-07 1.641106160196272783e-07
1.500000000000000000e+01 9.740090834267967068e-01 -6.480661106488896234e-03 8.913806653068146122e-07 4.323374807238593049e-07
1.800000000000000000e+01 9.663127692580172345e-01 -9.576477673804671686e-03 1.830843333556682621e-06 9.447320398317836026e-07
2.200000000000000000e+01 9.525924313707366808e-01 -1.464900521603119607e-02 3.989294904342287931e-06 2.116455059450193046e-06
2.600000000000000000e+01 9.334895373755626169e-01 -1.975134067083414435e-02 7.415819163382133365e-06 3.902458852996636473e-06
3.100000000000000000e+01 9.060896489098915207e-01 -2.661895630629723675e-02 1.412048127607302102e-05 7.319293107721955871e-06
3.800000000000000000e+01 8.671276246002037613e-01 -3.871982931876160466e-02 2.893582662053376841e-05 1.504732380916090681e-05
4.600000000000000000e+01 8.185802330733845666e-01 -5.394911567602821145e-02 5.472957662888633336e-05 2.832395203944274028e-05
5.500000000000000000e+01 7.549957709498600344e-01 -6.878367198694622375e-02 9.298312068333081527e-05 4.737681015543751604e-05
6.600000000000000000e+01 6.832093170724944375e-01 -8.822445646757348658e-02 1.504960796439284868e-04 7.508199706826614831e-05
7.900000000000000000e+01 6.000954624612659938e-01 -1.034498667071477307e-01 2.205806742152815374e-04 1.061678935008607033e-04
9.500000000000000000e+01 5.176410255500217827e-01 -1.150610960998383059e-01 2.942277643097331117e-04 1.344724740908600038e-04
1.140000000000000000e+02 4.493156687765920698e-01 -1.155999221708389341e-01 3.505858292367873552e-04 1.508372628658146656e-04
1.370000000000000000e+02 4.054119871154325816e-01 -1.011278343524948803e-01 3.847385510016173541e-04 1.587387833007511493e-04
1.640000000000000000e+02 3.884132482082593429e-01 -7.438059427912679933e-02 4.013953589729690546e-04 1.669691308669936402e-04
1.970000000000000000e+02 3.810539927370031887e-01 -4.432264797314797861e-02 3.979152224339536220e-04 1.767475408675917015e-04
2.370000000000000000e+02 3.668163126612423719e-01 -2.669424467072708737e-02 3.889478682025758602e-04 1.871812169931428237e-04
2.840000000000000000e+02 3.620918446681319902e-01 -2.630089083364494512e-02 3.793842496137390463e-04 1.762836774191891903e-04
3.410000000000000000e+02 3.798401094721101656e-01 -3.420473551914658683e-02 3.674786552120431712e-04 1.544282850753614757e-04
4.100000000000000000e+02 3.922915816049346027e-01 -3.555720855687580229e-02 3.505765439771299009e-04 1.422836242163022296e-04
4.920000000000000000e+02 4.302783980103918049e-01 -3.186077969982453739e-02 3.230709535270127278e-04 1.130139874761425326e-04
5.900000000000000000e+02 4.001874517184714763e-01 -4.473564016919576170e-02 3.214477476648832798e-04 1.186874646284533167e-04
7.080000000000000000e+02 3.965799819507823121e-01 -4.612689420730400197e-02 3.269549112350604581e-04 1.348483614846542424e-04
8.500000000000000000e+02 4.200000594629004769e-01 -4.930813195502883189e-02 2.817813921566562603e-04 1.070670435485538926e-04
1.020000000000000000e+03 4.076300976610900961e-01 -4.743909227687394259e-02 3.012534182503478456e-04 1.113212667525018693e-04
1.224000000000000000e+03 3.758398240081539665e-01 -4.270492904316142840e-02 2.941658652604126219e-04 1.242390619094735067e-04
1.469000000000000000e+03 4.314264507484935618e-01 -3.790690757803750338e-02 2.864467517165353609e-04 9.125477369419804103e-05
1.763000000000000000e+03 3.838861031041691518e-01 -4.662472440169056209e-02 2.763816040151825110e-04 1.077810214193842685e-04
2.116000000000000000e+03 3.756511594867320003e-01 -3.533215643919816740e-02 2.933738506161891234e-04 1.116761698775229570e-04
2.539000000000000000e+03 3.724787969473479232e-01 -4.681828274563785974e-02 2.623174132386393007e-04 1.009352360368075938e-04
3.047000000000000000e+03 3.440946164356855630e-01 -3.640696799898063968e-02 2.612251734615578551e-04 1.043909914788508110e-04
3.657000000000000000e+03 3.644972306000439088e-01 -4.324507230971059990e-02 2.449237842501478680e-04 8.961764086812178749e-05
4.388000000000000000e+03 3.328497531193808090e-01 -4.001537255448309877e-02 2.492677732716572746e-04 9.142676276296168099e-05
5.266000000000000000e+03 3.548909217359887958e-01 -3.707632398891117648e-02 2.467242172539094473e-04 7.942600636446561703e-05
6.319000000000000000e+03 3.356159677425560317e-01 -2.703239338785543011e-02 2.551281315196269228e-04 7.454344823361146307e-05
7.583000000000000000e+03 3.368789162703538231e-01 -3.712110035294211713e-02 2.235227670566439565e-04 6.636176153444361579e-05
9.100000000000000000e+03 3.211692288031534059e-01 -3.261302290427886552e-02 2.278284675360154243e-04 6.909558772711899509e-05
1.092000000000000000e+04 2.969703456215955217e-01 -3.001835446751420153e-02 2.191685624765613125e-04 6.770208762373553445e-05
1.310400000000000000e+04 2.997370628932442549e-01 -4.062615023702813299e-02 2.216035386855155049e-04 5.750119659146323909e-05
1.572500000000000000e+04 2.866712748382138631e-01 -3.306002231078655762e-02 2.251195584325422030e-04 5.870840003040683807e-05
1.887000000000000000e+04 2.780635826027564317e-01 -3.374308419231872996e-02 2.254752192117381903e-04 5.992678400766044382e-05
2.264400000000000000e+04 2.550009061634706531e-01 -2.703299538317654668e-02 2.074200936641512128e-04 4.997525269443367117e-05
2.717300000000000000e+04 2.401635689621138547e-01 -3.075088850225242768e-02 2.016938826434962369e-04 5.135628796925736141e-05
3.260800000000000000e+04 2.298647918163372050e-01 -3.205529350982859460e-02 2.002787784574007772e-04 4.477099574303868224e-05
3.913000000000000000e+04 2.131518707497607745e-01 -1.923847818529195522e-02 1.785361003472753835e-04 3.806127499270375907e-05
4.695600000000000000e+04 1.893261570155977680e-01 -2.025471588602119344e-02 1.929014521417376669e-04 4.493828128728482847e-05
5.634700000000000000e+04 1.865279869107258071e-01 -2.003887454797286666e-02 1.644381686493705784e-04 3.882058179094128062e-05
6.761700000000000000e+04 1.753174814872286436e-01 -1.369509486099191285e-02 1.665264287568828463e-04 3.542827107424514319e-05
8.114000000000000000e+04 1.629176808467795168e-01 -2.041100605108917346e-02 1.595399163426549857e-04 3.377248284207342677e-05
9.736800000000000000e+04 1.656567975682700367e-01 -1.610969308089873001e-02 1.503779856262162367e-04 2.648072834066652630e-05
1.168420000000000000e+05 1.541468002998039044e-01 -1.320629198138071995e-02 1.460433862693521676e-04 2.529479393548712544e-05
1.402100000000000000e+05 1.425410941911288421e-01 -1.414178462758496936e-02 1.409307017499782707e-04 2.466605639376141289e-05
1.682520000000000000e+05 1.276356729640530929e-01 -4.218234054074366038e-03 1.358610637828834404e-04 2.328174911814886677e-05
2.019030000000000000e+05 1.062827912395187813e-01 -2.035547598353168453e-02 1.268577781829206038e-04 2.701387288288173877e-05
2.422830000000000000e+05 9.687894509705907709e-02 -1.252540210914548230e-02 1.110964704521087828e-04 2.568358775217180674e-05
2.907400000000000000e+05 1.059300220376670348e-01 -4.831737149748349149e-03 1.061796043520687159e-04 2.227907345439346831e-05
3.488880000000000000e+05 8.806796434106675675e-02 8.032764130414688994e-03 9.954946539631110737e-05 2.200257928149109251e-05
4.186660000000000000e+05 6.142537738128261288e-02 2.526336250716012741e-03 8.223825405166037259e-05 2.600374476816861327e-05
5.024000000000000000e+05 7.170632029653262185e-02 -2.494100796225169961e-03 8.565295856055663969e-05 2.123269355748960986e-05
6.028800000000000000e+05 6.734013779027400726e-02 -2.184779295910658364e-03 7.433206482416737507e-05 2.172691907637370039e-05
7.234560000000000000e+05 5.921275116706836705e-02 -2.887463503158643925e-03 6.882430478390063602e-05 1.913750854114079096e-05
8.681470000000000000e+05 3.760200420044043645e-02 -3.890993394355563538e-03 6.567898490762708432e-05 2.198917327827233818e-05
1.041776000000000000e+06 3.480364014390818772e-02 3.167133506892432469e-03 5.638258020346439156e-05 2.362526044295562179e-05
1.250132000000000000e+06 3.107502367017030143e-02 -1.660673844765993973e-02 5.779179269488810591e-05 3.163223492623627899e-05
1.500158000000000000e+06 1.755959609526959106e-02 -1.371285974987654713e-02 5.012968442849373245e-05 2.776470206378657584e-05
1.800190000000000000e+06 2.186863700636717308e-03 7.432551089313845947e-04 4.015167696757348582e-05 2.411878080150715455e-05
2.160228000000000000e+06 6.537283090171402316e-04 -1.229720857526671492e-02 5.382257179403338016e-05 2.691175205565207796e-05
2.592274000000000000e+06 4.381031692187914266e-03 -1.272628391325250023e-03 5.139679909585818962e-05 2.825245635711435971e-05
3.110728000000000000e+06 1.201106349427551005e-02 -6.511851033572150192e-03 4.469406012356276768e-05 2.726381624233095781e-05
3.732874000000000000e+06 -2.641103526897949430e-03 1.360676449408536846e-02 4.258457959339797215e-05 3.312290910968107550e-05
4.479449000000000000e+06 1.742813807734899106e-02 -2.386782100411825175e-02 4.590404190587613477e-05 2.436560110734214626e-05
5.375339000000000000e+06 6.793430564459150035e-03 -1.734194625788736122e-02 4.181631289766096126e-05 2.811343057821756106e-05
6.450407000000000000e+06 1.424990517168520619e-02 -2.016532526948441179e-02 4.319773473286517892e-05 2.892797933038855607e-05
7.740489000000000000e+06 6.949251817110061076e-03 -1.747347518922682738e-02 4.272894560913115361e-05 3.291078992989607981e-05
9.288586000000000000e+06 4.955692868985525287e-03 1.931010918791800993e-02 3.761046148348359597e-05 3.663307315243013096e-05
1.114630400000000000e+07 -3.993273578135506791e-03 2.070413992775214582e-02 3.598023414072777285e-05 2.899124180391854673e-05
1.337556500000000000e+07 7.459668737313145462e-03 9.124833379851219435e-04 3.553384461090167845e-05 2.257962150510719728e-05
1.605067800000000000e+07 1.102861662440166209e-02 6.086201024469726009e-03 3.618307038021530961e-05 2.054934743096270485e-05
1.926081300000000000e+07 4.262451621050739048e-03 1.137857585332460904e-02 3.243501851808268052e-05 2.545351293446554034e-05
2.311297600000000000e+07 -9.133700005279332332e-03 -4.023180614279006466e-03 3.781571723168669706e-05 4.652410157918176960e-05
2.773557200000000000e+07 1.352541829646091570e-02 -1.784241704887299176e-02 3.596966765111920568e-05 2.416502009888541258e-05
3.328268600000000000e+07 3.914199534665349471e-03 4.984835963396687906e-03 2.803038287166554891e-05 2.384246895983653964e-05
3.993922300000000000e+07 -6.642134703448484417e-04 -2.810155616503513549e-04 2.414990025868335113e-05 2.354353462667014199e-05
4.792706800000000000e+07 8.901717769334439867e-03 -5.190279051554766432e-03 3.496770627719879315e-05 2.385517182278656026e-05
5.751248200000000000e+07 -3.866537409603133715e-03 2.209671977854279611e-03 2.566245044523132561e-05 2.912805422722895208e-05
6.901497800000000000e+07 1.214737504893072424e-02 3.255222256022041131e-03 2.864775696799251492e-05 2.761917898526368737e-05
