# Z3/Z3_L5_f0.8_h0.99_m1.0_J1.0_hz0.1_phiz0.0_hx0.0_phix0.0_ndis100.txt
# time	Re(Z)\Im(Z)	Var(Re(Z))	Var(Im(Z))
1.000000000000000000e+00 9.995613990161760221e-01 3.062012504835731527e-06 1.891161464792350861e-17 1.295059826767640917e-29
1.000000000000000000e+00 9.995613990161760221e-01 3.062012504835731527e-06 1.891161464792350861e-17 1.295059826767640917e-29
1.000000000000000000e+00 9.995613990161760221e-01 3.062012504835731527e-06 1.891161464792350861e-17 1.295059826767640917e-29
1.000000000000000000e+00 9.995613990161760221e-01 3.062012504835731527e-06 1.891161464792350861e-17 1.295059826767640917e-29
2.000000000000000000e+00 9.987376924394746336e-01 -1.441102491597007120e-04 2.454439955665738905e-10 9.371505972361709394e-11
2.000000000000000000e+00 9.987376924394746336e-01 -1.441102491597007120e-04 2.454439955665738905e-10 9.371505972361709394e-11
2.000000000000000000e+00 9.987376924394746336e-01 -1.441102491597007120e-04 2.454439955665738905e-10 9.371505972361709394e-11
3.000000000000000000e+00 9.977195136520005114e-01 -2.788225393150577493e-04 1.840154272557100750e-09 6.110102415389091210e-10
4.000000000000000000e+00 9.965396646096574829e-01 -4.108103298945199101e-04 7.547058811119056323e-09 2.519979847694058030e-09
5.000000000000000000e+00 9.951833122279147847e-01 -5.816988007264981952e-04 1.917896819426136072e-08 6.538219979348694223e-09
6.000000000000000000e+00 9.938112057684673761e-01 -8.847460188578138048e-04 3.562707800741126404e-08 1.306384107916536617e-08
7.000000000000000000e+00 9.918457957444067885e-01 -1.234391566060762113e-03 6.179180959494271754e-08 2.361217972733746161e-08
8.000000000000000000e+00 9.899823231947919577e-01 -1.806465899359303547e-03 9.315729409318904224e-08 3.710686200246368634e-08
1.000000000000000000e+01 9.864512247545583756e-01 -2.937379452870550033e-03 1.856573589313912425e-07 7.951515271758195058e-08
1.200000000000000000e+01 9.834386424662601156e-01 -4.570601451926868848e-03 3.405917385113733904e-07 1.438084826144737397e-07
1.500000000000000000e+01 9.794421122286535164e-01 -8.108963897201842616e-03 8.446971599891242108e-07 3.204027518360590106e-07
1.800000000000000000e+01 9.748972416442341915e-01 -1.224054929884274730e-02 1.890444408513601480e-06 6.476364154601530968e-07
2.200000000000000000e+01 9.657613047367888948e-01 -1.874864506602167899e-02 4.317100020555027866e-06 1.412577057191564685e-06
2.600000000000000000e+01 9.509852596156247451e-01 -2.536242987967738532e-02 7.940012461629123973e-06 2.643406091724309876e-06
3.100000000000000000e+01 9.291508469789354629e-01 -3.415093309660768156e-02 1.492056285520687294e-05 5.074918303933385742e-06
3.800000000000000000e+01 9.002389607338449062e-01 -4.987185717185352307e-02 3.171383222762461611e-05 1.034063280977474424e-05
4.600000000000000000e+01 8.633286399631178165e-01 -6.960220847883000217e-02 6.193838943254529564e-05 1.957282622041486389e-05
5.500000000000000000e+01 8.095990058050651639e-01 -8.932765059525490936e-02 1.071073489775936112e-04 3.380863496233528671e-05
6.600000000000000000e+01 7.483434126533041741e-01 -1.149735372042717252e-01 1.808064190555913511e-04 5.545147603588296883e-05
7.900000000000000000e+01 6.686440364554360194e-01 -1.358210029702681954e-01 2.756849164463520728e-04 8.497353160509481165e-05
9.500000000000000000e+01 5.808219009494689500e-01 -1.515765501685967520e-01 3.861335905643364041e-04 1.231344744737630716e-04
1.140000000000000000e+02 4.945125172317397233e-01 -1.514658990352891477e-01 4.787656960132414272e-04 1.697774461224863083e-04
1.370000000000000000e+02 4.233165501604574388e-01 -1.295099021458938904e-01 5.334875782782563585e-04 2.254019063100571598e-04
1.640000000000000000e+02 3.821249240521700230e-01 -9.130910607640087273e-02 5.522741428161348455e-04 2.731022251922396405e-04
1.970000000000000000e+02 3.660884546337944689e-01 -5.386126716871540709e-02 5.526571298211164400e-04 2.882563743209159784e-04
2.370000000000000000e+02 3.626461348947199181e-01 -3.522768188956008212e-02 5.487187829620828773e-04 2.720845682908492398e-04
2.840000000000000000e+02 3.660434808319316669e-01 -2.681716500613069709e-02 5.193237510660570324e-04 2.294490192240387070e-04
3.410000000000000000e+02 3.736322324723980182e-01 -2.311811246087592392e-02 5.246315676840086458e-04 2.142896272306124680e-04
4.100000000000000000e+02 4.022520723243289686e-01 -3.185688327886262994e-02 4.863853223085760273e-04 1.736448367790655869e-04
4.920000000000000000e+02 4.810813129621305251e-01 -3.369814858010982545e-02 4.313243777384563105e-04 1.416630112233891771e-04
5.900000000000000000e+02 4.501189776033324708e-01 -7.091027064137925273e-02 3.927514068017446281e-04 1.399791781105616279e-04
7.080000000000000000e+02 4.543583267194317155e-01 -4.119867121502599622e-02 3.837446772626414127e-04 1.256783422101428712e-04
8.500000000000000000e+02 3.801863870016067293e-01 -4.775844655780483311e-02 4.143263719598699315e-04 1.474816413893058494e-04
1.020000000000000000e+03 4.075416843463309235e-01 -5.335247204809784316e-02 3.839651931157564055e-04 1.507720010754055244e-04
1.224000000000000000e+03 4.114597827843269329e-01 -5.180454227548251384e-02 3.535082419445184469e-04 1.211195594933875771e-04
1.469000000000000000e+03 4.157375400208616623e-01 -3.004411864567721122e-02 3.543180341179459950e-04 1.002695759825564616e-04
1.763000000000000000e+03 3.619105794536109921e-01 -5.722943832054156604e-02 3.441911628145110985e-04 1.169474466308052059e-04
2.116000000000000000e+03 3.744223072978676847e-01 -3.763350467268011812e-02 3.205323111685219389e-04 1.082245265559874915e-04
2.539000000000000000e+03 3.378899943966486852e-01 -4.868569966905614971e-02 3.324386228347091590e-04 8.932506246266001999e-05
3.047000000000000000e+03 3.308337007981523303e-01 -6.403625117448920323e-02 3.072500533368683565e-04 8.010344442661008514e-05
3.657000000000000000e+03 3.181505528571249575e-01 -3.890679205247680322e-02 2.783938349319142313e-04 6.519116608023053439e-05
4.388000000000000000e+03 2.493287517949523135e-01 -4.077724471663085604e-02 2.906347028183221045e-04 6.461389573843480004e-05
5.266000000000000000e+03 2.507331271654529847e-01 -3.216603336275791758e-02 2.636574820233898849e-04 6.206001443410884126e-05
6.319000000000000000e+03 2.396922314985257818e-01 -2.722685820884655425e-02 2.786412515838850631e-04 5.919815235487902951e-05
7.583000000000000000e+03 2.367514252287979404e-01 -1.972535555586605108e-02 2.584710191222504673e-04 5.004385179467504526e-05
9.100000000000000000e+03 2.044419509266144075e-01 -2.038181861731882399e-02 2.756217000044529851e-04 4.498487106669239022e-05
1.092000000000000000e+04 1.821924596077244551e-01 -1.383993886594764300e-02 2.571657170448436486e-04 5.244436510701989539e-05
1.310400000000000000e+04 2.240557718905461515e-01 -2.844661468696253054e-02 2.440808510530934300e-04 4.646940137701982857e-05
1.572500000000000000e+04 1.865655086633792870e-01 -1.527001895510400262e-02 2.443003127396440525e-04 5.754682336698539876e-05
1.887000000000000000e+04 2.021135236436311655e-01 -1.168429273743617006e-02 2.118870313358896251e-04 4.594695462051115643e-05
2.264400000000000000e+04 1.681544143288601356e-01 -2.224891597543113622e-02 2.352483269177545536e-04 5.279747794585990753e-05
2.717300000000000000e+04 1.645209546364359565e-01 -2.795789664511870790e-02 2.321405034210541481e-04 5.058433871327777139e-05
3.260800000000000000e+04 1.238059844071337234e-01 -3.044739672278020184e-02 2.112972746626950061e-04 4.393626646093842493e-05
3.913000000000000000e+04 1.378426172200183375e-01 -2.695140656181092484e-02 2.183781092213102478e-04 5.568163734375817099e-05
4.695600000000000000e+04 1.231271500543605901e-01 -9.226825866794416756e-03 2.012492191267003432e-04 4.194139496979203119e-05
5.634700000000000000e+04 1.034793412789219019e-01 -2.167099182571941701e-02 1.786243810073042683e-04 5.411139280848245489e-05
6.761700000000000000e+04 7.433855828266598686e-02 -2.690466975027465055e-02 1.584101471688754168e-04 6.466665723506099183e-05
8.114000000000000000e+04 9.133365776786181445e-02 -3.054764570879484747e-02 1.545663637290602143e-04 4.796897056637064585e-05
9.736800000000000000e+04 5.466726731884855028e-02 -8.735805888235843517e-03 1.500852185586673093e-04 7.805863880323245577e-05
1.168420000000000000e+05 4.164268938789273539e-02 -2.672303602390078969e-02 1.525280553036459949e-04 6.741761758122453139e-05
1.402100000000000000e+05 2.004555917707320431e-02 1.762027470666935108e-03 1.317159345012271015e-04 7.195594180859134507e-05
1.682520000000000000e+05 3.526789951946679436e-02 -1.270556213971958323e-02 1.291651263939963036e-04 6.834523130928777431e-05
2.019030000000000000e+05 1.477911027626782094e-02 -2.735133949211672640e-03 1.061708032263597955e-04 4.270586507722639067e-05
2.422830000000000000e+05 8.086655410832878019e-03 1.842823877491124931e-02 1.026937325564978578e-04 5.396170529188662094e-05
2.907400000000000000e+05 1.394023693664656754e-02 6.358922205544259923e-03 1.072619321438169292e-04 6.329622219045948398e-05
3.488880000000000000e+05 1.922052579713828119e-02 3.859145408759898782e-03 9.948858964222230311e-05 4.438229291428889644e-05
4.186660000000000000e+05 3.161882921189002743e-02 -1.175082430237000549e-04 1.104120277466901580e-04 5.701536704956063572e-05
5.024000000000000000e+05 3.767616827291364427e-04 2.725741308782702373e-03 8.857276666964412979e-05 4.574700560910816992e-05
6.028800000000000000e+05 3.286856147349264540e-02 2.951846012637386260e-02 8.903202193450230749e-05 5.445896606875681717e-05
7.234560000000000000e+05 7.036081778136367426e-03 2.888263725205223592e-02 9.431714136500352313e-05 5.834327880147896722e-05
8.681470000000000000e+05 5.706282290556390600e-03 1.723878331966557931e-02 7.343504863712409041e-05 5.907421483706451731e-05
1.041776000000000000e+06 2.364672402622756964e-02 1.640864973773123445e-05 9.651829264954268765e-05 4.442762442641895091e-05
1.250132000000000000e+06 2.776702580443295501e-02 1.783744682025284120e-02 8.561145902804890618e-05 6.503188342970388333e-05
1.500158000000000000e+06 2.141712204469409936e-02 -1.072861999151282844e-02 7.493365749089349890e-05 7.619597548127924702e-05
1.800190000000000000e+06 9.519297455213804283e-04 -4.871324345326003002e-02 7.771271278176234169e-05 4.968674163434255270e-05
2.160228000000000000e+06 3.571405110453904769e-02 -6.181676276975895876e-03 9.284074144038410392e-05 5.992777625589213646e-05
2.592274000000000000e+06 8.935003979397636298e-03 -1.670073011026251483e-02 7.509838954182233351e-05 7.563025498404325807e-05
3.110728000000000000e+06 9.481767442485376785e-03 2.203701069065212154e-02 8.382148528260127663e-05 6.831059874173757418e-05
3.732874000000000000e+06 -8.396828348681823276e-03 -2.168683156349425403e-03 8.383679807007314978e-05 7.519542839823898945e-05
4.479449000000000000e+06 3.769795559583022371e-02 -9.073231066988315463e-04 9.795043012327211865e-05 6.474259382825986464e-05
5.375339000000000000e+06 1.950159292021568652e-02 -1.673574598916826792e-02 9.124385425204818885e-05 6.814219912391029856e-05
6.450407000000000000e+06 1.273348234558756807e-02 -5.245033944737012566e-02 8.514883792483881361e-05 7.665488029262124223e-05
7.740489000000000000e+06 6.417411787205133146e-03 1.199564787185454333e-02 8.756619910888462088e-05 6.248486908875202132e-05
9.288586000000000000e+06 2.731752422840513089e-02 -1.777568823838325833e-04 8.712116750613954185e-05 7.074513682654629649e-05
1.114630400000000000e+07 3.703647281116390771e-02 -8.294240761249556046e-03 1.000870381928242210e-04 4.724862772586937759e-05
1.337556500000000000e+07 1.396449004284334300e-02 -6.169638812795654424e-03 1.036035512390425482e-04 5.076663629652573790e-05
1.605067800000000000e+07 7.059402800621275217e-03 -1.248946288049824572e-03 6.987312353443922918e-05 4.746751813384042989e-05
1.926081300000000000e+07 1.123223661746335089e-02 -4.151156513575323358e-03 7.828195383541556348e-05 5.909237306689218039e-05
2.311297600000000000e+07 1.209464368844491954e-02 -4.918795593528051471e-03 8.984075893312896803e-05 6.090908558931188544e-05
2.773557200000000000e+07 -1.987380186672961860e-02 2.500249917033895222e-02 7.888067061320798066e-05 6.314789724463333793e-05
3.328268600000000000e+07 1.587670852745720271e-02 -4.672782929853239869e-03 6.798144035163594526e-05 5.421651780576876642e-05
3.993922300000000000e+07 8.047917531427722275e-04 -1.655149472272459885e-02 6.708479320851137590e-05 7.729197677969371170e-05
4.792706800000000000e+07 2.258588039456940408e-02 1.676046899014124042e-02 7.121290202537246803e-05 5.032557541498516764e-05
5.751248200000000000e+07 -1.283666023897775399e-02 2.504819312690026792e-02 5.737108586859556271e-05 5.233506039916119014e-05
6.901497800000000000e+07 5.273565326083339173e-03 -1.487626882917489346e-02 6.788090367916672864e-05 5.975431603637505935e-05
