
# dim_loc 3
# L 2
# n_dis 100
# m 1.0
# hZ 0.1
# JZZ 1.0
# h 1.2191995761561452
# alphas [1 0]
# betas [1. 1.]
# hX 0.1
# lambdas [1. 1.]
# gap 0.6981317007977311 4.416388474073258e-31
# shifted_gap 0.034073156575343974 0.00038669585553044054
# log10_gap 0.4849017879459118 0.0311962578796119
# log10_shifted_gap -0.2788356545754167 0.007061209669612073
# ratio -1.8244464813765342 0.1912035032297053
# time	Re(Z)\Im(Z)	Var(Re(Z))	Var(Im(Z))
1.000000000000000000e+00 9.914215673601352030e-01 -5.659014228577602564e-04 1.251769932394514694e-04 0.000000000000000000e+00
2.000000000000000000e+00 9.694553712610770591e-01 -1.540802829745380881e-03 1.675546935179310056e-03 0.000000000000000000e+00
4.000000000000000000e+00 9.425552412167992333e-01 -2.387737573456285081e-03 5.951001636322394116e-03 0.000000000000000000e+00
8.000000000000000000e+00 9.529058203334190846e-01 -2.489106052152581451e-04 3.419092740998303393e-03 0.000000000000000000e+00
1.600000000000000000e+01 8.528700660013810442e-01 -1.055568070166083318e-02 3.722765883251798885e-02 0.000000000000000000e+00
3.200000000000000000e+01 6.398488720561350540e-01 -5.903120888218511830e-02 1.885346870410727904e-01 0.000000000000000000e+00
6.400000000000000000e+01 4.931272325690126412e-01 -1.072430457247360164e-01 2.728166266245718452e-01 0.000000000000000000e+00
1.280000000000000000e+02 4.359016642602548952e-01 -5.620866063592582645e-02 4.943032227305588916e-02 0.000000000000000000e+00
2.560000000000000000e+02 -1.438020890912295735e-01 -1.930986130589749938e-01 4.751224607427073643e-02 0.000000000000000000e+00
5.120000000000000000e+02 2.931383420987506150e-01 -1.709820537119896844e-01 1.234703830255618195e-01 0.000000000000000000e+00
1.024000000000000000e+03 -1.199935862530828595e-01 -4.703411236381696003e-01 2.400740335909582746e-01 0.000000000000000000e+00
2.048000000000000000e+03 -2.556330180611491865e-01 1.656533541383828356e-01 1.660140854566028168e-01 0.000000000000000000e+00
4.096000000000000000e+03 1.699343967835159896e-01 5.598534456925990249e-02 1.084313425933313146e-01 0.000000000000000000e+00
8.192000000000000000e+03 -1.366600301296376496e-01 7.403854280893178152e-02 3.362396515413588194e-01 0.000000000000000000e+00
1.638400000000000000e+04 7.852680253648977593e-02 -7.497270723215290755e-02 2.358772395931248711e-01 0.000000000000000000e+00
3.276800000000000000e+04 2.310863573277036065e-01 -7.151321051721142019e-02 1.609744984648301402e-01 0.000000000000000000e+00
6.553600000000000000e+04 -1.453649994836259673e-01 1.733329826201675805e-01 2.346892481816717779e-01 0.000000000000000000e+00
1.310720000000000000e+05 -2.035594563478696772e-01 -8.248448727569056282e-02 3.131383992530003546e-01 0.000000000000000000e+00
2.621440000000000000e+05 -1.553567370336147724e-01 -1.521746577478994833e-01 2.594552389194487163e-01 0.000000000000000000e+00
5.242880000000000000e+05 1.216565453364818333e-01 3.332849378692170350e-01 2.697780235600240051e-01 0.000000000000000000e+00
1.048576000000000000e+06 -1.644431397899504821e-01 2.159712906174041380e-01 2.011147505582184525e-01 0.000000000000000000e+00
2.097152000000000000e+06 1.910039003004158215e-02 -6.924166157833448743e-02 3.292459909727445400e-01 0.000000000000000000e+00
4.194304000000000000e+06 1.812664744619089940e-01 1.576096235454585437e-01 2.017130734508197076e-01 0.000000000000000000e+00
8.388608000000000000e+06 7.190453221498301073e-02 1.049920547396561155e-01 1.027226985552078947e-01 0.000000000000000000e+00
1.677721600000000000e+07 -8.058110966852410906e-02 4.019247202011121956e-01 3.034850466033648386e-01 0.000000000000000000e+00
3.355443200000000000e+07 -2.469050475584243787e-01 -2.511537541538622076e-01 2.311882042318387231e-01 0.000000000000000000e+00
6.710886400000000000e+07 -4.945152701075997831e-02 1.493228859600777558e-01 1.497021297808785734e-01 0.000000000000000000e+00
1.342177280000000000e+08 -2.955047927929356222e-01 9.347147778715948763e-02 2.581013541172155756e-01 0.000000000000000000e+00
2.684354560000000000e+08 1.112409904353139634e-01 -2.932474636910250426e-02 1.238249352401145364e-01 0.000000000000000000e+00
5.368709120000000000e+08 1.054438108480283132e-01 -7.474784779017756842e-02 3.416284327129304743e-01 0.000000000000000000e+00
1.073741824000000000e+09 2.302895700134498513e-01 -3.215117486652316336e-02 1.375762528329184664e-01 0.000000000000000000e+00
2.147483648000000000e+09 -1.469233936882448077e-01 1.183561550375622148e-02 1.036488961205613152e-01 0.000000000000000000e+00
4.294967296000000000e+09 1.036592461938647680e-01 2.183924235511347789e-01 1.434676069424911382e-01 0.000000000000000000e+00
8.589934592000000000e+09 -2.754506458049671425e-01 1.771083099105952019e-01 1.042175502458862896e-01 0.000000000000000000e+00
1.717986918400000000e+10 3.828805705744083299e-01 -5.985568560852883371e-03 2.699413745495978234e-01 0.000000000000000000e+00
3.435973836800000000e+10 2.061616579682477302e-01 1.613575902477196733e-01 2.259398282660937951e-01 0.000000000000000000e+00
6.871947673600000000e+10 1.777852875426456647e-01 2.109274928397502080e-01 2.888486089404028179e-01 0.000000000000000000e+00
1.374389534720000000e+11 -1.840952346760635350e-02 2.604680984821203943e-02 1.911474762733120780e-01 0.000000000000000000e+00
2.748779069440000000e+11 -1.066052227048815831e-02 -1.648915126094412098e-01 2.487529065026710118e-01 0.000000000000000000e+00
5.497558138880000000e+11 3.254582079131215777e-02 -1.539023841548171623e-01 1.613503260493936997e-01 0.000000000000000000e+00
