
# dim_loc 3
# L 4
# n_dis 100
# m 1.0
# hZ 0.1
# JZZ 1.0
# h 1.2191995761561452
# alphas [1 0]
# betas [1. 1.]
# hX 0.1
# lambdas [1. 1.]
# gap 0.07757018897752577 2.754079820473747e-34
# shifted_gap 0.007959431216206377 5.76139468478904e-05
# log10_gap 0.11356908414700645 0.00807037511858637
# log10_shifted_gap -1.438203651266141 0.008558740325789353
# ratio -2.745427493977983 0.2100175153401012
# time	Re(Z)\Im(Z)	Var(Re(Z))	Var(Im(Z))
1.000000000000000000e+00 9.924919746665743503e-01 -5.251950598501755989e-04 1.168835017304582720e-04 0.000000000000000000e+00
2.000000000000000000e+00 9.734713840751734182e-01 -1.437575227283046080e-03 1.549379731601452197e-03 0.000000000000000000e+00
4.000000000000000000e+00 9.502903434152212281e-01 -2.396174337756306044e-03 5.221430189876552844e-03 0.000000000000000000e+00
8.000000000000000000e+00 9.690230828025159227e-01 -2.332114412591942978e-05 1.146697214632621913e-03 0.000000000000000000e+00
1.600000000000000000e+01 9.358615937239473936e-01 1.774167994739657449e-04 3.191828973241651619e-03 0.000000000000000000e+00
3.200000000000000000e+01 9.009275704389569928e-01 -1.640148852227720161e-03 4.409584127948180943e-03 0.000000000000000000e+00
6.400000000000000000e+01 8.268138679261599622e-01 -8.295036722906976836e-05 2.115921681101095089e-02 0.000000000000000000e+00
1.280000000000000000e+02 7.153466810966755407e-01 -3.919474627895224578e-03 8.938902374646534588e-02 0.000000000000000000e+00
2.560000000000000000e+02 6.040148398638791605e-01 -3.468510122250281769e-02 1.567214276066528078e-01 0.000000000000000000e+00
5.120000000000000000e+02 4.220038155832374072e-01 -9.712569982216857911e-02 2.127339721672820705e-01 0.000000000000000000e+00
1.024000000000000000e+03 2.230954452759378592e-01 -1.128699349010240799e-01 2.399299564808291541e-01 0.000000000000000000e+00
2.048000000000000000e+03 1.441007858484550375e-01 5.121311995562225459e-03 2.607661973722344984e-01 0.000000000000000000e+00
4.096000000000000000e+03 1.756380549011596695e-02 -2.907114702344713170e-02 3.015600863858291514e-01 0.000000000000000000e+00
8.192000000000000000e+03 4.243147367379861840e-02 7.251085442131850224e-03 1.625224163190516213e-01 0.000000000000000000e+00
1.638400000000000000e+04 1.608011048995240111e-01 -4.387085478566322277e-02 2.039471100900986100e-01 0.000000000000000000e+00
3.276800000000000000e+04 -1.040863543666080276e-01 2.556112256065807276e-01 1.843438016975555704e-01 0.000000000000000000e+00
6.553600000000000000e+04 -6.967946281050876878e-02 3.331424303795935127e-02 2.868631878339021890e-01 0.000000000000000000e+00
1.310720000000000000e+05 -8.104106221181782421e-02 5.723316172515757749e-02 2.649967396277153053e-01 0.000000000000000000e+00
2.621440000000000000e+05 2.107379879323315053e-02 6.126721907728459315e-02 1.021538715685642029e-01 0.000000000000000000e+00
5.242880000000000000e+05 1.311456909619759248e-01 1.221722958842317019e-01 1.745874095911161827e-01 0.000000000000000000e+00
1.048576000000000000e+06 1.096062626492748243e-01 5.712172698360792195e-02 2.261825785006406631e-01 0.000000000000000000e+00
2.097152000000000000e+06 1.085577637893426865e-02 3.169090957221901844e-02 3.058444755592533149e-01 0.000000000000000000e+00
4.194304000000000000e+06 -7.742423519208364857e-02 3.282229156073918075e-02 1.896481898998707560e-01 0.000000000000000000e+00
8.388608000000000000e+06 7.392502929598178396e-02 4.299174465712951587e-02 2.487386480439218728e-01 0.000000000000000000e+00
1.677721600000000000e+07 1.736438818247291321e-02 -3.880733562003010895e-02 2.011230657509607000e-01 0.000000000000000000e+00
3.355443200000000000e+07 -1.340090549252049568e-01 -5.982768831660803879e-03 3.348496030059984196e-01 0.000000000000000000e+00
6.710886400000000000e+07 -1.709465888346926692e-03 4.390565309077443246e-02 1.904001451731693328e-01 0.000000000000000000e+00
1.342177280000000000e+08 1.151484004021517821e-01 -1.116484149551510430e-01 1.706889704765117699e-01 0.000000000000000000e+00
2.684354560000000000e+08 -3.069905913155829974e-02 -1.343223786475416029e-02 2.402078669143112022e-01 0.000000000000000000e+00
5.368709120000000000e+08 -8.200053789981005814e-02 9.681549645700140289e-03 2.258999275086336633e-01 0.000000000000000000e+00
1.073741824000000000e+09 -1.080486693551892946e-02 4.922072261434592977e-02 9.135482810649241114e-02 0.000000000000000000e+00
2.147483648000000000e+09 5.514082041946376245e-02 8.613689817646752456e-02 3.146492195981963613e-01 0.000000000000000000e+00
4.294967296000000000e+09 -4.268410163040089328e-02 -1.914247492445309839e-01 3.098782259602217426e-01 0.000000000000000000e+00
8.589934592000000000e+09 9.054325925751144366e-02 1.057564970545998295e-01 1.875311176646068390e-01 0.000000000000000000e+00
1.717986918400000000e+10 1.455567933318149820e-01 1.204375420611234482e-01 3.153060773156083352e-01 0.000000000000000000e+00
3.435973836800000000e+10 -5.539529150408406544e-02 -1.301296660187942489e-01 1.889245220160835348e-01 0.000000000000000000e+00
6.871947673600000000e+10 -7.921692010648215265e-02 -1.162345981589567312e-01 2.188308597014327062e-01 0.000000000000000000e+00
1.374389534720000000e+11 8.506057090837671614e-03 3.009960135921956395e-02 2.018271853420662842e-01 0.000000000000000000e+00
2.748779069440000000e+11 -5.615669381177199049e-02 -9.026622095618665187e-02 1.152214713977385285e-01 0.000000000000000000e+00
5.497558138880000000e+11 6.163792244558029959e-02 -1.748698538769244970e-01 2.720875166358731057e-01 0.000000000000000000e+00
