
# dim_loc 3
# L 3
# n_dis 100
# m 1.0
# hZ 0.1
# JZZ 1.0
# h 1.2191995761561452
# alphas [1 0]
# betas [1. 1.]
# hX 0.1
# lambdas [1. 1.]
# gap 0.23271056693257738 1.1355282952107143e-32
# shifted_gap 0.025529098302198593 0.0003013170630188168
# log10_gap 0.25800426233273943 0.023148119207535033
# log10_shifted_gap -1.105772555693771 0.038100867565118046
# ratio -2.302589462375538 0.08844005931931133
# time	Re(Z)\Im(Z)	Var(Re(Z))	Var(Im(Z))
1.000000000000000000e+00 9.934953888351316653e-01 -4.458840180735527611e-04 1.020710670758063679e-04 0.000000000000000000e+00
2.000000000000000000e+00 9.772443279536306981e-01 -1.125512348346878206e-03 1.348234679181821482e-03 0.000000000000000000e+00
4.000000000000000000e+00 9.574484435519007297e-01 -1.800466926679053069e-03 4.497429994501935500e-03 0.000000000000000000e+00
8.000000000000000000e+00 9.738612151645463788e-01 4.461215770080555357e-06 7.831075900310952801e-04 0.000000000000000000e+00
1.600000000000000000e+01 9.502701483180302500e-01 7.684426013350741146e-04 1.548425465799290173e-03 0.000000000000000000e+00
3.200000000000000000e+01 8.931479705153946291e-01 -2.866177986744713416e-03 1.008100709191944722e-02 0.000000000000000000e+00
6.400000000000000000e+01 8.563723124616599014e-01 -1.042081632763603057e-02 3.672385776938121710e-02 0.000000000000000000e+00
1.280000000000000000e+02 7.120308410346907202e-01 -5.180958880471111389e-02 1.872059041242605248e-01 0.000000000000000000e+00
2.560000000000000000e+02 6.441601695546612660e-01 -7.212018587413121518e-02 2.185638896861265001e-01 0.000000000000000000e+00
5.120000000000000000e+02 5.257384575472132671e-01 -5.729390032396515509e-02 2.387167400710745457e-01 0.000000000000000000e+00
1.024000000000000000e+03 3.825420826265021890e-01 -7.708738149600803669e-02 2.602254460730525354e-01 0.000000000000000000e+00
2.048000000000000000e+03 1.636037282696239936e-01 3.360299723570824015e-02 3.118097627790631376e-01 0.000000000000000000e+00
4.096000000000000000e+03 3.764304973123942522e-01 -5.679244415726075919e-03 1.834392626442374052e-01 0.000000000000000000e+00
8.192000000000000000e+03 3.280145380180900239e-02 1.471574371559283313e-02 3.558812825306060801e-01 0.000000000000000000e+00
1.638400000000000000e+04 4.168827871320480299e-02 1.325328736919704764e-01 2.839894640895786471e-01 0.000000000000000000e+00
3.276800000000000000e+04 -1.939148580379525810e-01 -9.709877397121706444e-02 2.627174678727520751e-01 0.000000000000000000e+00
6.553600000000000000e+04 4.288118691403641769e-02 -3.251899423617351376e-02 2.055055726434938390e-01 0.000000000000000000e+00
1.310720000000000000e+05 1.451661777648507734e-01 -2.011595614612881125e-02 3.730921696210566796e-01 0.000000000000000000e+00
2.621440000000000000e+05 2.796070122051557694e-01 1.658050904666692402e-02 3.404427575828548047e-01 0.000000000000000000e+00
5.242880000000000000e+05 7.348281219069781323e-02 4.252856533768955422e-02 1.791071177179553442e-01 0.000000000000000000e+00
1.048576000000000000e+06 -9.257989292137358550e-02 1.921117852151936478e-01 1.481378601964898067e-01 0.000000000000000000e+00
2.097152000000000000e+06 2.484609022699370562e-01 3.340918589479208861e-02 2.440266553017135243e-01 0.000000000000000000e+00
4.194304000000000000e+06 1.192512260648426192e-01 -9.864578313732953394e-03 3.534959460201705927e-01 0.000000000000000000e+00
8.388608000000000000e+06 2.411948815009298253e-01 6.780961547775554710e-02 2.146585854278976191e-01 0.000000000000000000e+00
1.677721600000000000e+07 -2.619139742127404857e-02 1.343022709988136165e-01 2.374313651728260366e-01 0.000000000000000000e+00
3.355443200000000000e+07 -2.435884360364672374e-01 3.964608321492953807e-02 3.654212620156388480e-01 0.000000000000000000e+00
6.710886400000000000e+07 1.156092138314533252e-01 3.438062787158836786e-02 3.269246344098421519e-01 0.000000000000000000e+00
1.342177280000000000e+08 -1.274308501116121761e-01 7.237567297171507152e-02 3.010766512170102716e-01 0.000000000000000000e+00
2.684354560000000000e+08 -8.255928639619945775e-02 1.209777423399848173e-01 2.308989948758927435e-01 0.000000000000000000e+00
5.368709120000000000e+08 -2.532820372390056640e-01 -1.521342560954085099e-01 3.463159898967584915e-01 0.000000000000000000e+00
1.073741824000000000e+09 -1.097340110186254165e-02 -2.832130997503492023e-02 3.983300366494868516e-01 0.000000000000000000e+00
2.147483648000000000e+09 -1.115079968289004464e-01 -1.955459327578758510e-01 2.824308934345785005e-01 0.000000000000000000e+00
4.294967296000000000e+09 -4.286410772124602669e-02 2.422440721764185512e-01 1.705540721684717653e-01 0.000000000000000000e+00
8.589934592000000000e+09 3.141831093750026976e-02 1.730499944537168544e-01 2.405529375226898858e-01 0.000000000000000000e+00
1.717986918400000000e+10 9.018008761096925341e-02 -3.222520723382120422e-02 2.855781315766500184e-01 0.000000000000000000e+00
3.435973836800000000e+10 -5.317199106278164972e-02 -1.577110897312178073e-01 3.094015049907126169e-01 0.000000000000000000e+00
6.871947673600000000e+10 1.599207231717141298e-01 6.638649304123739325e-02 1.669898097304122753e-01 0.000000000000000000e+00
1.374389534720000000e+11 -5.238658897195069830e-02 5.459610235193911726e-02 2.378032610279051107e-01 0.000000000000000000e+00
2.748779069440000000e+11 -3.966628085705480727e-03 -2.812675741905805160e-01 2.433055013862104043e-01 0.000000000000000000e+00
5.497558138880000000e+11 -1.180954217970044823e-01 1.432461161812889627e-01 2.912853787971559916e-01 0.000000000000000000e+00
