# L 3
# phi 0.0249
# hz 0.3
#  hx	Delta_0	Delta_2pik	r	log_Delta_0	log_Delta_2pik
2.326305139869999997e-03 2.327105669329999904e-01 2.343651861249999948e-07 3.438532221639999942e-01 -1.036303555449999969e+00 -8.332427791769999814e+00
3.323293056959999818e-03 2.327105669329999904e-01 8.317122574559999844e-07 3.444000734270000197e-01 -1.036476483950000027e+00 -7.731173834519999843e+00
4.747561509939999917e-03 2.327105669329999904e-01 2.241043470739999902e-06 3.454157725359999764e-01 -1.033987489330000065e+00 -7.150474929309999617e+00
6.782230728490000297e-03 2.327105669329999904e-01 6.512635113919999664e-06 3.472880405900000134e-01 -1.030517230570000109e+00 -6.800275052199999948e+00
9.688901040700000425e-03 2.327105669329999904e-01 1.344952679859999976e-05 3.495326892150000253e-01 -1.028200095979999951e+00 -6.444737131920000195e+00
1.384128720100000036e-02 2.327105669329999904e-01 3.857701979599999697e-05 3.540040442510000163e-01 -1.024096441840000038e+00 -5.924153079159999891e+00
1.977326743000000150e-02 2.327105669329999904e-01 1.579618010380000109e-04 3.673983650139999724e-01 -1.015242060999999918e+00 -5.267094820889999696e+00
2.824752490000000116e-02 2.327105669329999904e-01 2.990818781660000195e-04 3.723033665759999944e-01 -1.010078036199999918e+00 -4.946915492449999618e+00
4.035360699999999967e-02 2.327105669329999904e-01 8.518114741859999887e-04 3.784683954329999822e-01 -1.002874708950000082e+00 -4.457225302150000346e+00
5.764800999999999953e-02 2.327105669329999904e-01 2.011409341909999905e-03 3.922079148140000249e-01 -9.908648891579999729e-01 -4.016150240550000028e+00
8.235430000000000528e-02 2.327105669329999904e-01 3.879109333500000128e-03 3.911392381459999901e-01 -9.669892920360000366e-01 -3.553743881469999977e+00
1.176490000000000036e-01 2.327105669329999904e-01 6.945546087430000230e-03 4.105539617539999964e-01 -9.361039968059999827e-01 -3.175121449620000202e+00
1.680699999999999972e-01 2.327105669329999904e-01 1.103343447469999974e-02 3.953595073960000095e-01 -9.237289822190000166e-01 -2.866691632329999795e+00
2.401000000000000079e-01 2.327105669329999904e-01 1.597590132019999914e-02 4.004602169700000047e-01 -8.955262967279999931e-01 -2.534789439209999884e+00
3.430000000000000271e-01 2.327105669329999904e-01 2.457810658840000120e-02 3.963157832640000211e-01 -8.662657966490000527e-01 -2.241921322440000086e+00
4.899999999999999911e-01 2.327105669329999904e-01 3.567553149689999675e-02 4.063774027020000124e-01 -8.309428982150000031e-01 -2.000572230900000026e+00
