# L 2
# phi -0.0249
# hz 0.3
#  hx	Delta_0	Delta_2pik	r	log_Delta_0	log_Delta_2pik
2.326305139869999997e-03 6.981317007980000211e-01 2.467914273309999951e-05 2.156669127749999970e-01 -5.222330685539999795e-01 -5.881511455460000093e+00
3.323293056959999818e-03 6.981317007980000211e-01 3.976494390820000210e-05 2.157122289610000077e-01 -5.220891655860000480e-01 -5.660529798789999845e+00
4.747561509939999917e-03 6.981317007980000211e-01 1.105187299250000012e-04 2.160199324629999973e-01 -5.216488885119999752e-01 -5.241666654990000396e+00
6.782230728490000297e-03 6.981317007980000211e-01 2.012583482459999928e-04 2.163837868269999909e-01 -5.209129894859999554e-01 -4.960666861700000041e+00
9.688901040700000425e-03 6.981317007980000211e-01 3.935314922719999886e-04 2.166522820900000090e-01 -5.196042819609999475e-01 -4.701387262959999980e+00
1.384128720100000036e-02 6.981317007980000211e-01 7.470656298290000337e-04 2.181290969590000128e-01 -5.170827586859999547e-01 -4.357539083749999875e+00
1.977326743000000150e-02 6.981317007980000211e-01 1.716920906579999908e-03 2.198257591230000085e-01 -5.114303999799999501e-01 -3.942714886330000112e+00
2.824752490000000116e-02 6.981317007980000211e-01 2.598728881919999938e-03 2.245075278629999893e-01 -5.047736343600000009e-01 -3.762388889749999965e+00
4.035360699999999967e-02 6.981317007980000211e-01 4.753979452040000241e-03 2.307775912770000104e-01 -4.944567734409999749e-01 -3.392275290969999801e+00
5.764800999999999953e-02 6.981317007980000211e-01 6.798422960939999593e-03 2.375370417419999935e-01 -4.814977398790000196e-01 -3.251081283980000070e+00
8.235430000000000528e-02 6.981317007980000211e-01 1.109356521819999941e-02 2.430490682410000047e-01 -4.694426347369999863e-01 -2.902832705959999871e+00
1.176490000000000036e-01 6.981317007980000211e-01 1.738319780410000140e-02 2.634923614490000121e-01 -4.480537244750000259e-01 -2.692626252130000175e+00
1.680699999999999972e-01 6.981317007980000211e-01 2.662138727209999861e-02 2.871184911410000207e-01 -4.004676467930000094e-01 -2.299939829629999988e+00
2.401000000000000079e-01 6.981317007980000211e-01 3.790621953009999656e-02 3.077463517790000047e-01 -3.732141596160000185e-01 -2.099038076939999886e+00
3.430000000000000271e-01 6.981317007980000211e-01 5.430539773029999934e-02 3.433039042439999800e-01 -3.357831127600000021e-01 -1.841685946429999943e+00
4.899999999999999911e-01 6.981317007980000211e-01 8.070619950000000598e-02 4.077069403829999827e-01 -2.919144500559999744e-01 -1.736570887739999902e+00
