# L 3
# phi -0.5236
# hz 0.3
#  hx	Delta_0	Delta_2pik	r	log_Delta_0	log_Delta_2pik
2.326305139869999997e-03 2.327105669329999904e-01 2.077788147960000088e-09 4.836615014069999829e-01 -8.592957291580000101e-01 -inf
3.323293056959999818e-03 2.327105669329999904e-01 6.162061325070000290e-09 4.836921382170000228e-01 -8.592793846970000482e-01 -inf
4.747561509939999917e-03 2.327105669329999904e-01 1.435935920540000056e-08 4.836687465230000149e-01 -8.592566744249999777e-01 -9.693359852529999543e+00
6.782230728490000297e-03 2.327105669329999904e-01 4.544030253930000014e-08 4.832214372170000050e-01 -8.580543974859999867e-01 -9.106611754110000234e+00
9.688901040700000425e-03 2.327105669329999904e-01 1.246466254479999947e-07 4.833356686720000073e-01 -8.575730365129999866e-01 -8.471935040290000885e+00
1.384128720100000036e-02 2.327105669329999904e-01 4.139418680640000222e-07 4.832568386430000085e-01 -8.584141070470000523e-01 -inf
1.977326743000000150e-02 2.327105669329999904e-01 1.062286732299999928e-06 4.808476323329999857e-01 -8.577879849770000398e-01 -7.433177884940000091e+00
2.824752490000000116e-02 2.327105669329999904e-01 2.892895839720000151e-06 4.830349120099999838e-01 -8.560628010549999889e-01 -6.831980579229999684e+00
4.035360699999999967e-02 2.327105669329999904e-01 9.960293290100000039e-06 4.845636585220000070e-01 -8.524393021809999471e-01 -6.258497623310000257e+00
5.764800999999999953e-02 2.327105669329999904e-01 2.705208171810000040e-05 4.800858565030000080e-01 -8.535436237960000172e-01 -5.785728535919999693e+00
8.235430000000000528e-02 2.327105669329999904e-01 7.858641001540000526e-05 4.774085232629999842e-01 -8.391852760860000204e-01 -5.338971538730000077e+00
1.176490000000000036e-01 2.327105669329999904e-01 2.397451106590000052e-04 4.776336108929999935e-01 -8.405318588460000129e-01 -4.750792088639999911e+00
1.680699999999999972e-01 2.327105669329999904e-01 8.329287723549999752e-04 4.725323102580000212e-01 -8.297623508460000297e-01 -4.014774906899999607e+00
2.401000000000000079e-01 2.327105669329999904e-01 2.007223391390000090e-03 4.542470203080000157e-01 -8.202394876109999622e-01 -3.701985188880000166e+00
3.430000000000000271e-01 2.327105669329999904e-01 6.148530017409999798e-03 4.581439700700000173e-01 -8.075712583620000551e-01 -3.062901245119999949e+00
4.899999999999999911e-01 2.327105669329999904e-01 1.780292488149999922e-02 4.348759666349999997e-01 -8.097309706659999717e-01 -2.489723216399999828e+00
