# L 4
# phi 0.0249
# hz 0.3
#  hx	Delta_0	Delta_2pik	r	log_Delta_0	log_Delta_2pik
2.326305139869999997e-03 7.757018897749999586e-02 2.108268748989999873e-09 3.852697562429999723e-01 -1.491618465529999993e+00 -inf
3.323293056959999818e-03 7.757018897749999586e-02 6.833584466690000124e-09 3.854726080020000056e-01 -1.489586465969999995e+00 -inf
4.747561509939999917e-03 7.757018897749999586e-02 3.200251262420000154e-08 3.888683326119999895e-01 -1.486787736859999987e+00 -9.313886411009999478e+00
6.782230728490000297e-03 7.757018897749999586e-02 1.614421388580000072e-07 3.934869946499999771e-01 -1.482566392080000073e+00 -8.622032798059999337e+00
9.688901040700000425e-03 7.757018897749999586e-02 5.436971591970000070e-07 3.967950906780000064e-01 -1.477982684889999954e+00 -8.097163483330000133e+00
1.384128720100000036e-02 7.757018897749999586e-02 2.076512028049999880e-06 3.980183786590000272e-01 -1.477783778140000059e+00 -7.449300652829999869e+00
1.977326743000000150e-02 7.757018897749999586e-02 1.371892576269999916e-05 4.081958508569999977e-01 -1.469385580540000014e+00 -6.680757012980000020e+00
2.824752490000000116e-02 7.757018897749999586e-02 4.645017641469999795e-05 4.179408024610000161e-01 -1.457855761840000097e+00 -6.038570617549999575e+00
4.035360699999999967e-02 7.757018897749999586e-02 1.515294369929999919e-04 4.239590241180000163e-01 -1.447815534989999930e+00 -5.442563914609999998e+00
5.764800999999999953e-02 7.757018897749999586e-02 4.527398563750000102e-04 4.153967361920000156e-01 -1.447270357070000069e+00 -4.885377379360000383e+00
8.235430000000000528e-02 7.757018897749999586e-02 1.065083536599999983e-03 4.182296753049999927e-01 -1.431032721920000084e+00 -4.374512417350000071e+00
1.176490000000000036e-01 7.757018897749999586e-02 2.474711868549999815e-03 4.140947917080000096e-01 -1.416904915479999971e+00 -3.970566497430000119e+00
1.680699999999999972e-01 7.757018897749999586e-02 4.134913284949999837e-03 4.282035901860000160e-01 -1.377347831390000055e+00 -3.433381701410000097e+00
2.401000000000000079e-01 7.757018897749999586e-02 5.704981504109999865e-03 4.259250949350000259e-01 -1.354713106659999999e+00 -3.097666104279999999e+00
3.430000000000000271e-01 7.757018897749999586e-02 1.221471452880000010e-02 4.334381051010000041e-01 -1.324346242030000065e+00 -2.600245583430000007e+00
4.899999999999999911e-01 7.757018897749999586e-02 1.821006618850000078e-02 4.410389186659999794e-01 -1.286143970629999966e+00 -2.253901796690000126e+00
