# L 2
# phi 0.4363
# hz 0.3
#  hx	Delta_0	Delta_2pik	r	log_Delta_0	log_Delta_2pik
2.326305139869999997e-03 6.981317007980000211e-01 2.038444423360000158e-06 3.476121936850000149e-01 -3.455565661789999909e-01 -6.487369077140000329e+00
3.323293056959999818e-03 6.981317007980000211e-01 3.605425662670000043e-06 3.476123602380000177e-01 -3.453028282180000130e-01 -6.248893937700000123e+00
4.747561509939999917e-03 6.981317007980000211e-01 8.751429385750000189e-06 3.476186290359999931e-01 -3.451597899980000106e-01 -5.840712336210000188e+00
6.782230728490000297e-03 6.981317007980000211e-01 1.760997647099999899e-05 3.476318246319999861e-01 -3.453792440330000213e-01 -5.533090292929999876e+00
9.688901040700000425e-03 6.981317007980000211e-01 2.782329366829999913e-05 3.476327143419999932e-01 -3.445309703839999904e-01 -5.361743467810000219e+00
1.384128720100000036e-02 6.981317007980000211e-01 6.627519466920000178e-05 3.476611439430000172e-01 -3.435883027350000174e-01 -5.002031986599999591e+00
1.977326743000000150e-02 6.981317007980000211e-01 1.124112552600000048e-04 3.477308337850000264e-01 -3.416893594040000259e-01 -4.799381317759999988e+00
2.824752490000000116e-02 6.981317007980000211e-01 2.184429911869999966e-04 3.477440386080000168e-01 -3.429001493700000180e-01 -4.500126133190000211e+00
4.035360699999999967e-02 6.981317007980000211e-01 6.029222681219999561e-04 3.481844312169999900e-01 -3.392138592730000179e-01 -3.919709866739999882e+00
5.764800999999999953e-02 6.981317007980000211e-01 1.173779545510000031e-03 3.481723102689999738e-01 -3.425628137050000244e-01 -3.830839326490000030e+00
8.235430000000000528e-02 6.981317007980000211e-01 2.087824223319999922e-03 3.496316481630000195e-01 -3.363528682069999998e-01 -3.468974716159999971e+00
1.176490000000000036e-01 6.981317007980000211e-01 4.645416998509999812e-03 3.512076512619999868e-01 -3.372013952499999800e-01 -3.196203419849999783e+00
1.680699999999999972e-01 6.981317007980000211e-01 9.468362318419999701e-03 3.554731090439999797e-01 -3.258233195579999797e-01 -2.807193733710000139e+00
2.401000000000000079e-01 6.981317007980000211e-01 1.996969083369999967e-02 3.628143140610000095e-01 -3.194225997560000141e-01 -2.458441788750000079e+00
3.430000000000000271e-01 6.981317007980000211e-01 3.654977355599999672e-02 3.613348948860000132e-01 -3.156370793450000156e-01 -2.106688172810000204e+00
4.899999999999999911e-01 6.981317007980000211e-01 7.482239290849999891e-02 3.645817336320000268e-01 -3.146159019240000188e-01 -1.740346494840000036e+00
