# L 5
# phi 0.0125
# hz 0.3
#  hx	Delta_0	Delta_2pik	r	log_Delta_0	log_Delta_2pik
2.326305139869999997e-03 2.585672965919999858e-02 3.484829460750000033e-10 3.869171404039999929e-01 -2.017983387560000175e+00 -inf
3.323293056959999818e-03 2.585672965919999858e-02 2.037441970160000134e-09 3.918763582450000005e-01 -2.013200440849999939e+00 -inf
4.747561509939999917e-03 2.585672965919999858e-02 1.346349201119999987e-08 3.950337623819999977e-01 -2.014528678160000030e+00 -inf
6.782230728490000297e-03 2.585672965919999858e-02 9.486472004980000465e-08 3.974506505870000206e-01 -2.005794308940000104e+00 -inf
9.688901040700000425e-03 2.585672965919999858e-02 3.305269158849999964e-07 4.003702818359999860e-01 -1.997792997759999967e+00 -inf
1.384128720100000036e-02 2.585672965919999858e-02 1.896020442229999907e-06 4.004313065649999781e-01 -1.996532896349999975e+00 -inf
1.977326743000000150e-02 2.585672965919999858e-02 1.224804361129999980e-05 4.153444403759999903e-01 -1.981966421519999910e+00 -7.455108745359999567e+00
2.824752490000000116e-02 2.585672965919999858e-02 5.922717585209999930e-05 4.214822637060000043e-01 -1.966483200869999948e+00 -6.504709858890000085e+00
4.035360699999999967e-02 2.585672965919999858e-02 2.071087858289999992e-04 4.057898425109999763e-01 -1.962482846629999944e+00 -5.848683007600000039e+00
5.764800999999999953e-02 2.585672965919999858e-02 5.281226078210000301e-04 4.078402578399999978e-01 -1.939242731620000049e+00 -5.260858718329999739e+00
8.235430000000000528e-02 2.585672965919999858e-02 9.221815662900000260e-04 4.104761976629999753e-01 -1.914628420719999946e+00 -4.537879600350000153e+00
1.176490000000000036e-01 2.585672965919999858e-02 1.308023204329999923e-03 4.155284495029999969e-01 -1.891474389090000097e+00 -4.161189267010000137e+00
1.680699999999999972e-01 2.585672965919999858e-02 1.935294072159999927e-03 4.175174838210000128e-01 -1.854469169379999949e+00 -3.795246885750000132e+00
2.401000000000000079e-01 2.585672965919999858e-02 3.887010370620000172e-03 4.215697798199999902e-01 -1.823207710509999968e+00 -3.247117548609999904e+00
3.430000000000000271e-01 2.585672965919999858e-02 6.303478236600000388e-03 4.384420453780000226e-01 -1.789232567260000017e+00 -2.806273163739999799e+00
4.899999999999999911e-01 2.585672965919999858e-02 8.986764051899999439e-03 4.445721535669999724e-01 -1.765148594750000077e+00 -2.593330824680000202e+00
