# L 5
# phi 0.0249
# hz 0.3
#  hx	Delta_0	Delta_2pik	r	log_Delta_0	log_Delta_2pik
2.326305139869999997e-03 2.585672965919999858e-02 2.753279596080000052e-11 3.797884048210000141e-01 -1.943787153529999978e+00 -inf
3.323293056959999818e-03 2.585672965919999858e-02 2.503097129840000217e-10 3.842350000570000090e-01 -1.935914960260000095e+00 -inf
4.747561509939999917e-03 2.585672965919999858e-02 8.832384390210000240e-10 3.883653726190000044e-01 -1.931269890410000079e+00 -inf
6.782230728490000297e-03 2.585672965919999858e-02 7.120245280489999626e-09 3.888968028559999790e-01 -1.929618131250000035e+00 -inf
9.688901040700000425e-03 2.585672965919999858e-02 4.064397428969999989e-08 3.936530425170000069e-01 -1.927052315819999917e+00 -inf
1.384128720100000036e-02 2.585672965919999858e-02 1.712184469659999902e-07 3.949877537900000068e-01 -1.922449376369999907e+00 -9.000591694089999706e+00
1.977326743000000150e-02 2.585672965919999858e-02 1.458396430330000069e-06 4.038225707820000121e-01 -1.909995339329999986e+00 -8.076059447380000478e+00
2.824752490000000116e-02 2.585672965919999858e-02 7.573525810849999915e-06 4.048341477949999878e-01 -1.903819237110000007e+00 -7.267831356860000369e+00
4.035360699999999967e-02 2.585672965919999858e-02 4.125780355349999975e-05 4.028025054130000004e-01 -1.903762717130000004e+00 -6.462514273180000046e+00
5.764800999999999953e-02 2.585672965919999858e-02 1.834529687700000027e-04 4.051335417479999812e-01 -1.898190716680000056e+00 -5.569344591140000134e+00
8.235430000000000528e-02 2.585672965919999858e-02 4.712769064410000236e-04 4.125874889899999731e-01 -1.878672105529999969e+00 -5.006344964970000255e+00
1.176490000000000036e-01 2.585672965919999858e-02 8.405619825440000231e-04 4.108750935730000053e-01 -1.862323114160000070e+00 -4.603983571899999738e+00
1.680699999999999972e-01 2.585672965919999858e-02 1.972153913269999916e-03 4.190420481870000269e-01 -1.839244840989999963e+00 -3.890680623140000183e+00
2.401000000000000079e-01 2.585672965919999858e-02 3.456276766310000144e-03 4.303499232029999733e-01 -1.811120265330000034e+00 -3.396377019140000009e+00
3.430000000000000271e-01 2.585672965919999858e-02 5.627544356259999749e-03 4.291785837339999743e-01 -1.778050323380000020e+00 -2.922664834789999944e+00
4.899999999999999911e-01 2.585672965919999858e-02 8.393905406290000024e-03 4.437779879050000043e-01 -1.759693261990000090e+00 -2.611644426759999860e+00
