# L 5
# phi 0.2618
# hz 0.3
#  hx	Delta_0	Delta_2pik	r	log_Delta_0	log_Delta_2pik
2.326305139869999997e-03 2.585672965919999858e-02 9.455719243720000492e-15 3.762746971390000250e-01 -1.831966694629999948e+00 -inf
3.323293056959999818e-03 2.585672965919999858e-02 4.895334252280000178e-14 3.757377689890000205e-01 -1.832863644769999967e+00 -inf
4.747561509939999917e-03 2.585672965919999858e-02 2.340213071339999974e-13 3.757450612639999799e-01 -1.834009212770000063e+00 -inf
6.782230728490000297e-03 2.585672965919999858e-02 1.616599675339999921e-12 3.757560845039999986e-01 -1.833890599759999906e+00 -inf
9.688901040700000425e-03 2.585672965919999858e-02 1.262675363439999987e-11 3.768363386760000266e-01 -1.831461864600000045e+00 -inf
1.384128720100000036e-02 2.585672965919999858e-02 6.787958372800000351e-11 3.802298321090000210e-01 -1.828488832089999905e+00 -inf
1.977326743000000150e-02 2.585672965919999858e-02 3.059787926089999776e-10 3.792043430290000239e-01 -1.830373231150000057e+00 -inf
2.824752490000000116e-02 2.585672965919999858e-02 2.767958128889999891e-09 3.824504831459999976e-01 -1.822377228409999939e+00 -9.769239915280000019e+00
4.035360699999999967e-02 2.585672965919999858e-02 1.990839815800000022e-08 3.852665062360000059e-01 -1.818869564969999963e+00 -8.985384373080000486e+00
5.764800999999999953e-02 2.585672965919999858e-02 9.866914507879999607e-08 3.810825378339999792e-01 -1.822758443549999940e+00 -8.162209056369999161e+00
8.235430000000000528e-02 2.585672965919999858e-02 4.475677639470000025e-07 3.890569825990000119e-01 -1.819695589720000006e+00 -7.280981492159999569e+00
1.176490000000000036e-01 2.585672965919999858e-02 3.911919675169999603e-06 3.895552306889999983e-01 -1.813074213399999968e+00 -6.639850847159999958e+00
1.680699999999999972e-01 2.585672965919999858e-02 1.233163506860000041e-05 3.957135607410000033e-01 -1.803486737879999913e+00 -5.958375896439999764e+00
2.401000000000000079e-01 2.585672965919999858e-02 9.581434871090000046e-05 4.053324436280000276e-01 -1.795399966119999968e+00 -5.078608028339999692e+00
3.430000000000000271e-01 2.585672965919999858e-02 4.169023962850000142e-04 4.158604941349999806e-01 -1.777906821309999996e+00 -4.482737910420000027e+00
4.899999999999999911e-01 2.585672965919999858e-02 1.202071719220000048e-03 4.338086620969999752e-01 -1.758301134100000107e+00 -3.760233810599999948e+00
