# L 4
# phi 0.0873
# hz 0.3
#  hx	Delta_0	Delta_2pik	r	log_Delta_0	log_Delta_2pik
2.326305139869999997e-03 7.757018897749999586e-02 8.709837564490000441e-11 3.816457931369999779e-01 -1.377726986040000101e+00 -inf
3.323293056959999818e-03 7.757018897749999586e-02 2.756230810660000063e-10 3.824675406920000076e-01 -1.376294013269999894e+00 -inf
4.747561509939999917e-03 7.757018897749999586e-02 9.620174472669999782e-10 3.832530260670000133e-01 -1.375150891120000107e+00 -inf
6.782230728490000297e-03 7.757018897749999586e-02 6.152473073279999616e-09 3.831439200580000204e-01 -1.375338082130000084e+00 -9.611732736389999587e+00
9.688901040700000425e-03 7.757018897749999586e-02 2.363587595699999941e-08 3.873699036330000012e-01 -1.372373679090000076e+00 -8.948455223370000766e+00
1.384128720100000036e-02 7.757018897749999586e-02 9.539371458210000223e-08 3.891560536520000113e-01 -1.371231245329999959e+00 -8.257021251739999457e+00
1.977326743000000150e-02 7.757018897749999586e-02 3.219275620979999867e-07 3.923604156380000041e-01 -1.370855996690000023e+00 -7.751282476870000160e+00
2.824752490000000116e-02 7.757018897749999586e-02 1.530413711860000035e-06 3.991685056920000196e-01 -1.361411246679999909e+00 -6.997366401309999873e+00
4.035360699999999967e-02 7.757018897749999586e-02 5.015682341930000141e-06 4.008693643330000222e-01 -1.359153798639999966e+00 -6.491320685569999860e+00
5.764800999999999953e-02 7.757018897749999586e-02 2.446409684640000104e-05 4.100454756510000243e-01 -1.355309655189999907e+00 -5.866648422899999993e+00
8.235430000000000528e-02 7.757018897749999586e-02 1.060265619380000021e-04 4.100198354919999955e-01 -1.345531355759999936e+00 -5.123421121639999853e+00
1.176490000000000036e-01 7.757018897749999586e-02 3.194368059269999771e-04 4.029311225439999866e-01 -1.342444832510000019e+00 -4.591449967369999996e+00
1.680699999999999972e-01 7.757018897749999586e-02 1.603657144330000077e-03 4.026738863600000107e-01 -1.332535191000000063e+00 -3.864344009299999883e+00
2.401000000000000079e-01 7.757018897749999586e-02 3.434367976120000169e-03 4.139181339749999911e-01 -1.317544720029999894e+00 -3.377671073390000167e+00
3.430000000000000271e-01 7.757018897749999586e-02 7.081703449169999762e-03 4.317899395909999827e-01 -1.293803093109999969e+00 -2.974365298519999978e+00
4.899999999999999911e-01 7.757018897749999586e-02 1.288954534420000062e-02 4.436612706170000031e-01 -1.271620428509999901e+00 -2.561916059990000161e+00
