# L 4
# phi 0.5236
# hz 0.3
#  hx	Delta_0	Delta_2pik	r	log_Delta_0	log_Delta_2pik
2.326305139869999997e-03 7.757018897749999586e-02 3.615747427120000038e-12 4.449146971199999800e-01 -1.374867739709999981e+00 -inf
3.323293056959999818e-03 7.757018897749999586e-02 3.711127251869999727e-11 4.442821185640000170e-01 -1.373883541929999952e+00 -inf
4.747561509939999917e-03 7.757018897749999586e-02 5.499104809370000155e-11 4.455756152470000120e-01 -1.370883814159999936e+00 -inf
6.782230728490000297e-03 7.757018897749999586e-02 5.271480151709999797e-10 4.432902939689999933e-01 -1.372197787710000005e+00 -inf
9.688901040700000425e-03 7.757018897749999586e-02 2.187214722370000123e-09 4.430108205889999873e-01 -1.374336043150000020e+00 -inf
1.384128720100000036e-02 7.757018897749999586e-02 7.734243880240000124e-09 4.434530802980000130e-01 -1.373492613380000060e+00 -inf
1.977326743000000150e-02 7.757018897749999586e-02 2.148176932820000087e-08 4.469075491980000203e-01 -1.359573566089999908e+00 -inf
2.824752490000000116e-02 7.757018897749999586e-02 7.099871929500000178e-08 4.479584634129999965e-01 -1.351806586369999952e+00 -8.985056855250000751e+00
4.035360699999999967e-02 7.757018897749999586e-02 2.344880163559999871e-07 4.392861343589999912e-01 -1.352973056229999971e+00 -8.234856686080000543e+00
5.764800999999999953e-02 7.757018897749999586e-02 1.209804096150000088e-06 4.379851525560000125e-01 -1.338426777400000045e+00 -7.425599587239999799e+00
8.235430000000000528e-02 7.757018897749999586e-02 1.955098860429999900e-06 4.365731825129999799e-01 -1.327121177089999993e+00 -7.018944083780000120e+00
1.176490000000000036e-01 7.757018897749999586e-02 1.441341807499999954e-05 4.320229981250000018e-01 -1.318816182810000015e+00 -6.169351610439999689e+00
1.680699999999999972e-01 7.757018897749999586e-02 6.847000173570000337e-05 4.259671116020000148e-01 -1.312263389710000006e+00 -5.358382282920000073e+00
2.401000000000000079e-01 7.757018897749999586e-02 2.073920498090000056e-04 4.246411620069999726e-01 -1.312171218080000035e+00 -4.590887130679999650e+00
3.430000000000000271e-01 7.757018897749999586e-02 1.207782972089999985e-03 4.307835482140000005e-01 -1.291937747860000041e+00 -3.902930895879999973e+00
4.899999999999999911e-01 7.757018897749999586e-02 3.397464856960000137e-03 4.300070242879999727e-01 -1.290424903429999937e+00 -3.391694860559999913e+00
