# L 3
# phi 0.1745
# hz 0.3
#  hx	Delta_0	Delta_2pik	r	log_Delta_0	log_Delta_2pik
2.326305139869999997e-03 2.327105669329999904e-01 6.382216305899999691e-09 3.543016186969999981e-01 -8.747769214509999447e-01 -9.085473644960000428e+00
3.323293056959999818e-03 2.327105669329999904e-01 2.127998856320000077e-08 3.545795856269999824e-01 -8.750601170430000186e-01 -8.595776458599999614e+00
4.747561509939999917e-03 2.327105669329999904e-01 4.867365883990000319e-08 3.548785628209999987e-01 -8.723518564259999941e-01 -8.263347472070000421e+00
6.782230728490000297e-03 2.327105669329999904e-01 2.211706589170000053e-07 3.565866549230000127e-01 -8.680459057410000456e-01 -7.751230745510000020e+00
9.688901040700000425e-03 2.327105669329999904e-01 4.966329863909999903e-07 3.562030154809999738e-01 -8.693508284700000033e-01 -7.172277245060000084e+00
1.384128720100000036e-02 2.327105669329999904e-01 1.527741586830000044e-06 3.582286730500000016e-01 -8.647718434529999554e-01 -6.810150585389999733e+00
1.977326743000000150e-02 2.327105669329999904e-01 4.739676700960000343e-06 3.627901722160000175e-01 -8.602727467620000512e-01 -6.189948484930000383e+00
2.824752490000000116e-02 2.327105669329999904e-01 1.247453221560000026e-05 3.623299574450000171e-01 -8.575853840880000023e-01 -5.806337672669999783e+00
4.035360699999999967e-02 2.327105669329999904e-01 4.222256621240000140e-05 3.676278023969999920e-01 -8.569082203579999613e-01 -5.285322897710000412e+00
5.764800999999999953e-02 2.327105669329999904e-01 9.545251545460000341e-05 3.737717054079999768e-01 -8.481976645809999882e-01 -4.988697274539999782e+00
8.235430000000000528e-02 2.327105669329999904e-01 3.242723600349999838e-04 3.772467717340000082e-01 -8.404147010470000012e-01 -4.487029358640000076e+00
1.176490000000000036e-01 2.327105669329999904e-01 8.155332272350000354e-04 3.834027715819999793e-01 -8.336837678649999805e-01 -3.923770690900000080e+00
1.680699999999999972e-01 2.327105669329999904e-01 2.103406205550000137e-03 3.848810833010000154e-01 -8.215185757959999613e-01 -3.491645420099999786e+00
2.401000000000000079e-01 2.327105669329999904e-01 4.586262846780000089e-03 4.047455824260000057e-01 -8.055133374670000457e-01 -3.141553912460000042e+00
3.430000000000000271e-01 2.327105669329999904e-01 1.123409852320000034e-02 3.987545617070000215e-01 -7.969373145379999857e-01 -2.715542311930000174e+00
4.899999999999999911e-01 2.327105669329999904e-01 1.746231940340000136e-02 4.338926476730000092e-01 -7.793167476779999658e-01 -2.426908908300000167e+00
