# L 2
# phi 0.0623
# hz 0.3
#  hx	Delta_0	Delta_2pik	r	log_Delta_0	log_Delta_2pik
2.326305139869999997e-03 6.981317007980000211e-01 9.437515568709999530e-06 2.754692861399999915e-01 -4.090751498879999781e-01 -6.144440479570000058e+00
3.323293056959999818e-03 6.981317007980000211e-01 1.747587689260000031e-05 2.754829831930000195e-01 -4.090602592079999877e-01 -5.880896907540000385e+00
4.747561509939999917e-03 6.981317007980000211e-01 3.524033049909999917e-05 2.755254220900000273e-01 -4.090381393690000200e-01 -5.619411700669999732e+00
6.782230728490000297e-03 6.981317007980000211e-01 8.375229983410000607e-05 2.756136082519999864e-01 -4.090100909159999909e-01 -5.149146820770000410e+00
9.688901040700000425e-03 6.981317007980000211e-01 1.602822820329999896e-04 2.758958992069999727e-01 -4.084483073749999860e-01 -4.851947796940000224e+00
1.384128720100000036e-02 6.981317007980000211e-01 3.411523345249999886e-04 2.762154225399999774e-01 -4.080891298420000202e-01 -4.473256576219999836e+00
1.977326743000000150e-02 6.981317007980000211e-01 6.654652509520000243e-04 2.772026290440000040e-01 -4.069054248680000208e-01 -4.254264062199999863e+00
2.824752490000000116e-02 6.981317007980000211e-01 1.424552179509999900e-03 2.781808263789999902e-01 -4.057378396160000178e-01 -3.888666442419999925e+00
4.035360699999999967e-02 6.981317007980000211e-01 2.515036988309999819e-03 2.817315448780000064e-01 -3.995398811120000060e-01 -3.655382727130000120e+00
5.764800999999999953e-02 6.981317007980000211e-01 4.194339408520000000e-03 2.850583298609999927e-01 -3.968762731550000145e-01 -3.364743823379999998e+00
8.235430000000000528e-02 6.981317007980000211e-01 8.611105729440000564e-03 2.950714055020000059e-01 -3.873942881440000097e-01 -3.036773293210000002e+00
1.176490000000000036e-01 6.981317007980000211e-01 1.293605602480000019e-02 3.077478099529999955e-01 -3.760147471890000204e-01 -2.710667739869999870e+00
1.680699999999999972e-01 6.981317007980000211e-01 2.076075355170000150e-02 3.265438324000000114e-01 -3.605034397999999918e-01 -2.446009548520000187e+00
2.401000000000000079e-01 6.981317007980000211e-01 2.982567692009999855e-02 3.552936881409999859e-01 -3.353375177749999825e-01 -2.257239070879999865e+00
3.430000000000000271e-01 6.981317007980000211e-01 4.191733950970000233e-02 3.743613224660000127e-01 -3.274716450169999904e-01 -2.091694333189999977e+00
4.899999999999999911e-01 6.981317007980000211e-01 7.356945025769999480e-02 4.100889630399999763e-01 -2.857789557040000261e-01 -1.801438811239999938e+00
