# L 2
# phi -0.5236
# hz 0.3
#  hx	Delta_0	Delta_2pik	r	log_Delta_0	log_Delta_2pik
2.326305139869999997e-03 6.981317007980000211e-01 1.819226113090000057e-06 5.136140967950000302e-01 -3.469748207230000103e-01 -7.298335346290000025e+00
3.323293056959999818e-03 6.981317007980000211e-01 3.832585708369999858e-06 5.136084544829999654e-01 -3.469542020160000240e-01 -6.938973219270000214e+00
4.747561509939999917e-03 6.981317007980000211e-01 6.834354011859999633e-06 5.136053199750000298e-01 -3.469356923920000058e-01 -6.738592332689999687e+00
6.782230728490000297e-03 6.981317007980000211e-01 1.600097444930000101e-05 5.135758235249999748e-01 -3.469383442039999932e-01 -6.161161901989999912e+00
9.688901040700000425e-03 6.981317007980000211e-01 2.884722132650000120e-05 5.135618063710000181e-01 -3.468845043300000097e-01 -5.926392262960000323e+00
1.384128720100000036e-02 6.981317007980000211e-01 5.956905249300000317e-05 5.134234995590000183e-01 -3.468061430739999840e-01 -5.564591856409999870e+00
1.977326743000000150e-02 6.981317007980000211e-01 1.379167020150000040e-04 5.131774571349999592e-01 -3.467943039129999794e-01 -5.120072814080000256e+00
2.824752490000000116e-02 6.981317007980000211e-01 3.013713595249999794e-04 5.129813269259999586e-01 -3.479852986029999817e-01 -4.683166661819999632e+00
4.035360699999999967e-02 6.981317007980000211e-01 6.075367455929999837e-04 5.120812124689999578e-01 -3.454856248470000168e-01 -4.402373841140000188e+00
5.764800999999999953e-02 6.981317007980000211e-01 1.039437733050000085e-03 5.106039429780000471e-01 -3.461732969610000210e-01 -4.131789127500000269e+00
8.235430000000000528e-02 6.981317007980000211e-01 2.235713371000000102e-03 5.090892731520000325e-01 -3.415799673250000112e-01 -3.729450799679999928e+00
1.176490000000000036e-01 6.981317007980000211e-01 4.812393817570000294e-03 5.041427554559999580e-01 -3.415235319720000273e-01 -3.291342454440000065e+00
1.680699999999999972e-01 6.981317007980000211e-01 9.875428229349999393e-03 4.937115474339999754e-01 -3.402203215840000072e-01 -2.806267542270000082e+00
2.401000000000000079e-01 6.981317007980000211e-01 1.730865108169999875e-02 4.887834395369999863e-01 -3.314339794080000123e-01 -2.530731534120000070e+00
3.430000000000000271e-01 6.981317007980000211e-01 4.570534427029999958e-02 4.687843328490000072e-01 -3.245457935500000168e-01 -2.102201685239999840e+00
4.899999999999999911e-01 6.981317007980000211e-01 8.012046167569999988e-02 4.438092999989999843e-01 -3.123392940079999791e-01 -1.770868952470000091e+00
