# L 5
# phi 0.1745
# hz 0.3
#  hx	Delta_0	Delta_2pik	r	log_Delta_0	log_Delta_2pik
2.326305139869999997e-03 2.585672965919999858e-02 2.017451592160000106e-14 3.922198206090000139e-01 -1.817192024379999937e+00 -inf
3.323293056959999818e-03 2.585672965919999858e-02 1.072841678319999964e-13 3.928493160329999956e-01 -1.817324873790000073e+00 -inf
4.747561509939999917e-03 2.585672965919999858e-02 5.651400335360000274e-13 3.931193345580000220e-01 -1.816337133900000067e+00 -inf
6.782230728490000297e-03 2.585672965919999858e-02 3.434128829500000016e-12 3.933875931859999731e-01 -1.815971394820000029e+00 -inf
9.688901040700000425e-03 2.585672965919999858e-02 2.347947407600000022e-11 3.945779899490000076e-01 -1.815553446830000084e+00 -inf
1.384128720100000036e-02 2.585672965919999858e-02 1.613800202390000098e-10 3.965830498730000264e-01 -1.808952014730000002e+00 -inf
1.977326743000000150e-02 2.585672965919999858e-02 9.815695649970000007e-10 3.951448732350000270e-01 -1.816575674170000099e+00 -inf
2.824752490000000116e-02 2.585672965919999858e-02 4.430767485669999606e-09 3.993771222840000190e-01 -1.807486884270000038e+00 -inf
4.035360699999999967e-02 2.585672965919999858e-02 4.418603153800000023e-08 4.005015635929999873e-01 -1.804910644720000068e+00 -8.737933032720000881e+00
5.764800999999999953e-02 2.585672965919999858e-02 2.399784410970000077e-07 3.913123297550000212e-01 -1.815309640529999990e+00 -8.017694211029999352e+00
8.235430000000000528e-02 2.585672965919999858e-02 5.257643870310000047e-06 4.012973895790000189e-01 -1.799939547659999972e+00 -7.106506462679999636e+00
1.176490000000000036e-01 2.585672965919999858e-02 9.189435764249999429e-06 3.951889356830000088e-01 -1.805083021670000010e+00 -6.130258568840000422e+00
1.680699999999999972e-01 2.585672965919999858e-02 5.834116357369999780e-05 4.074499097770000189e-01 -1.791365187940000103e+00 -5.368314583300000109e+00
2.401000000000000079e-01 2.585672965919999858e-02 2.357382633310000026e-04 4.070281494660000221e-01 -1.790147120200000108e+00 -4.883685884930000221e+00
3.430000000000000271e-01 2.585672965919999858e-02 8.343902123860000210e-04 4.174821568429999963e-01 -1.773888962350000043e+00 -4.192102416480000038e+00
4.899999999999999911e-01 2.585672965919999858e-02 2.458326646050000217e-03 4.378188196660000031e-01 -1.754968168900000069e+00 -3.405008312830000161e+00
