# L 3
# phi -0.3491
# hz 0.3
#  hx	Delta_0	Delta_2pik	r	log_Delta_0	log_Delta_2pik
2.326305139869999997e-03 2.327105669329999904e-01 3.143802997019999917e-09 4.054094233850000228e-01 -8.395477298669999922e-01 -9.358992637289999195e+00
3.323293056959999818e-03 2.327105669329999904e-01 8.112378050469999743e-09 4.056049679250000040e-01 -8.376649778889999620e-01 -9.013546685850000628e+00
4.747561509939999917e-03 2.327105669329999904e-01 4.931763786160000024e-08 4.057810177889999981e-01 -8.358637544160000266e-01 -8.479322415149999514e+00
6.782230728490000297e-03 2.327105669329999904e-01 7.194669024599999642e-08 4.060964592699999876e-01 -8.368433917299999969e-01 -8.134824610169999914e+00
9.688901040700000425e-03 2.327105669329999904e-01 3.291882871779999818e-07 4.066964135119999768e-01 -8.336073666909999957e-01 -7.435053436159999585e+00
1.384128720100000036e-02 2.327105669329999904e-01 6.107039793899999791e-07 4.080164276839999826e-01 -8.330091493360000099e-01 -7.124155888409999804e+00
1.977326743000000150e-02 2.327105669329999904e-01 1.719762805740000064e-06 4.083394317039999999e-01 -8.265483660719999959e-01 -6.587807565330000337e+00
2.824752490000000116e-02 2.327105669329999904e-01 6.077729906950000090e-06 4.113531340800000158e-01 -8.208860645600000172e-01 -6.147821956899999662e+00
4.035360699999999967e-02 2.327105669329999904e-01 1.322545879319999948e-05 4.107034736190000035e-01 -8.247723377390000499e-01 -5.763174554219999912e+00
5.764800999999999953e-02 2.327105669329999904e-01 5.170051779589999812e-05 4.198408235300000180e-01 -8.130509050130000359e-01 -5.176386121770000237e+00
8.235430000000000528e-02 2.327105669329999904e-01 9.902751822550000065e-05 4.206991335260000242e-01 -8.070767204300000053e-01 -4.777766682190000225e+00
1.176490000000000036e-01 2.327105669329999904e-01 2.396337029729999886e-04 4.248370764680000078e-01 -8.068672061210000468e-01 -4.344466272510000060e+00
1.680699999999999972e-01 2.327105669329999904e-01 7.452163333360000124e-04 4.219296707419999959e-01 -7.925789403720000514e-01 -3.941412712340000013e+00
2.401000000000000079e-01 2.327105669329999904e-01 1.889189963550000090e-03 4.215969921250000141e-01 -7.949972720019999883e-01 -3.450121769269999916e+00
3.430000000000000271e-01 2.327105669329999904e-01 4.524355443669999914e-03 4.447022766259999815e-01 -7.838521259259999541e-01 -3.043839625129999948e+00
4.899999999999999911e-01 2.327105669329999904e-01 1.239470517030000045e-02 4.407485070259999915e-01 -7.715017783190000200e-01 -2.578757453740000205e+00
