# L 3
# phi 0.0374
# hz 0.3
#  hx	Delta_0	Delta_2pik	r	log_Delta_0	log_Delta_2pik
2.326305139869999997e-03 2.327105669329999904e-01 9.578730397549999584e-08 3.400200076480000000e-01 -1.005105676419999927e+00 -8.380818621130000423e+00
3.323293056959999818e-03 2.327105669329999904e-01 2.953464588700000043e-07 3.400316529419999956e-01 -1.003110713439999913e+00 -7.868661363310000212e+00
4.747561509939999917e-03 2.327105669329999904e-01 8.030192713359999734e-07 3.402803268380000246e-01 -1.002672962829999959e+00 -7.384015842750000225e+00
6.782230728490000297e-03 2.327105669329999904e-01 2.115615006540000157e-06 3.423759054589999851e-01 -9.992927352939999786e-01 -7.138594808919999757e+00
9.688901040700000425e-03 2.327105669329999904e-01 8.219220783449999505e-06 3.429137417959999823e-01 -9.969329102839999956e-01 -6.440511903139999994e+00
1.384128720100000036e-02 2.327105669329999904e-01 2.263762201860000165e-05 3.465768471740000023e-01 -9.924681683049999537e-01 -6.109216950769999599e+00
1.977326743000000150e-02 2.327105669329999904e-01 6.297347116260000556e-05 3.503599338660000062e-01 -9.903069471040000238e-01 -5.542856851209999824e+00
2.824752490000000116e-02 2.327105669329999904e-01 2.039158316029999920e-04 3.631459388170000246e-01 -9.746766222039999761e-01 -4.974208646300000147e+00
4.035360699999999967e-02 2.327105669329999904e-01 4.580591489539999860e-04 3.652375240999999884e-01 -9.726985554420000124e-01 -4.701497650160000319e+00
5.764800999999999953e-02 2.327105669329999904e-01 9.797185166899998951e-04 3.734632035950000151e-01 -9.528418179790000275e-01 -4.303326350889999929e+00
8.235430000000000528e-02 2.327105669329999904e-01 2.456020708690000078e-03 3.928330261210000174e-01 -9.425109830440000502e-01 -3.802518955880000107e+00
1.176490000000000036e-01 2.327105669329999904e-01 5.064991159819999707e-03 4.046415622739999995e-01 -9.102908035429999600e-01 -3.356400419199999874e+00
1.680699999999999972e-01 2.327105669329999904e-01 7.747874204180000245e-03 4.147815784500000214e-01 -8.930050476940000204e-01 -3.099843995810000141e+00
2.401000000000000079e-01 2.327105669329999904e-01 1.584102696490000128e-02 4.094968284930000091e-01 -8.732531986170000149e-01 -2.587124787890000110e+00
3.430000000000000271e-01 2.327105669329999904e-01 2.492968981279999885e-02 4.291861493290000107e-01 -8.290547996320000168e-01 -2.298289024529999836e+00
4.899999999999999911e-01 2.327105669329999904e-01 3.298095952749999921e-02 4.182408557839999985e-01 -8.105568246319999615e-01 -2.071784474120000219e+00
