# L 3
# phi -0.0499
# hz 0.3
#  hx	Delta_0	Delta_2pik	r	log_Delta_0	log_Delta_2pik
2.326305139869999997e-03 2.327105669329999904e-01 8.008953451170000324e-08 3.551153394270000208e-01 -9.678780010609999707e-01 -8.462043554119999200e+00
3.323293056959999818e-03 2.327105669329999904e-01 1.713812348580000053e-07 3.552430972880000204e-01 -9.684617625970000088e-01 -8.093268187170000516e+00
4.747561509939999917e-03 2.327105669329999904e-01 5.210116658640000059e-07 3.541272779140000049e-01 -9.665340983729999724e-01 -7.513380998029999702e+00
6.782230728490000297e-03 2.327105669329999904e-01 1.509936729140000014e-06 3.563072674100000170e-01 -9.654288583989999450e-01 -7.076898192079999816e+00
9.688901040700000425e-03 2.327105669329999904e-01 4.573674252639999590e-06 3.595726228719999806e-01 -9.620946262209999489e-01 -6.597483702379999926e+00
1.384128720100000036e-02 2.327105669329999904e-01 1.358256155650000024e-05 3.606684392760000080e-01 -9.604399340079999847e-01 -6.260744157699999590e+00
1.977326743000000150e-02 2.327105669329999904e-01 3.477568887499999680e-05 3.630318371069999883e-01 -9.608529583999999568e-01 -5.785920237610000072e+00
2.824752490000000116e-02 2.327105669329999904e-01 9.990593890650000561e-05 3.660253037999999792e-01 -9.560913018659999985e-01 -5.279619463170000415e+00
4.035360699999999967e-02 2.327105669329999904e-01 3.145051646360000081e-04 3.850293129030000205e-01 -9.413521722100000044e-01 -4.629651591760000073e+00
5.764800999999999953e-02 2.327105669329999904e-01 6.985837800080000465e-04 3.768662277770000180e-01 -9.372597457210000149e-01 -4.311175733999999871e+00
8.235430000000000528e-02 2.327105669329999904e-01 1.935485207089999906e-03 3.958550411960000126e-01 -9.298466506400000497e-01 -3.796932401339999874e+00
1.176490000000000036e-01 2.327105669329999904e-01 4.030819541660000428e-03 4.086507129509999725e-01 -9.058987885420000108e-01 -3.432653318199999859e+00
1.680699999999999972e-01 2.327105669329999904e-01 8.479831309090000296e-03 4.100352245489999881e-01 -8.872423169900000017e-01 -2.950553280809999901e+00
2.401000000000000079e-01 2.327105669329999904e-01 1.568227448580000044e-02 4.044112115840000077e-01 -8.655589537419999813e-01 -2.584404256810000078e+00
3.430000000000000271e-01 2.327105669329999904e-01 2.163050942430000054e-02 4.212488505309999742e-01 -8.357935326909999851e-01 -2.412804896699999979e+00
4.899999999999999911e-01 2.327105669329999904e-01 3.492391327129999723e-02 4.317536765469999760e-01 -8.021537235500000307e-01 -2.075706190050000011e+00
