# L 2
# phi 0.0873
# hz 0.3
#  hx	Delta_0	Delta_2pik	r	log_Delta_0	log_Delta_2pik
2.326305139869999997e-03 6.981317007980000211e-01 7.594797300700000369e-06 3.185709156509999862e-01 -3.633496645700000083e-01 -6.123615034640000232e+00
3.323293056959999818e-03 6.981317007980000211e-01 1.370726653510000016e-05 3.185810077310000099e-01 -3.633394559820000147e-01 -5.964691115239999952e+00
4.747561509939999917e-03 6.981317007980000211e-01 2.475377676190000125e-05 3.185908217230000172e-01 -3.633407635400000002e-01 -5.574551884329999929e+00
6.782230728490000297e-03 6.981317007980000211e-01 5.760629688429999822e-05 3.186327005080000219e-01 -3.632873312279999989e-01 -5.292679122970000094e+00
9.688901040700000425e-03 6.981317007980000211e-01 1.157766619020000041e-04 3.186415467559999826e-01 -3.632881346690000068e-01 -4.954829960719999704e+00
1.384128720100000036e-02 6.981317007980000211e-01 2.612212410100000007e-04 3.188815011660000032e-01 -3.631726875149999811e-01 -4.548856545919999661e+00
1.977326743000000150e-02 6.981317007980000211e-01 5.110637913310000450e-04 3.192613647170000069e-01 -3.630251215449999957e-01 -4.311045997179999922e+00
2.824752490000000116e-02 6.981317007980000211e-01 8.060110052909999837e-04 3.195266540989999959e-01 -3.628187727250000161e-01 -4.090972188020000289e+00
4.035360699999999967e-02 6.981317007980000211e-01 1.561499396970000104e-03 3.203938704759999867e-01 -3.618107368799999835e-01 -3.847026663139999858e+00
5.764800999999999953e-02 6.981317007980000211e-01 3.156902985539999928e-03 3.239642238739999791e-01 -3.601942444430000223e-01 -3.420998105229999808e+00
8.235430000000000528e-02 6.981317007980000211e-01 5.751171955140000312e-03 3.283882404399999788e-01 -3.532027319159999901e-01 -3.158255023100000169e+00
1.176490000000000036e-01 6.981317007980000211e-01 1.184513068620000019e-02 3.342872288009999804e-01 -3.437118030840000116e-01 -2.702504479199999921e+00
1.680699999999999972e-01 6.981317007980000211e-01 2.143020015709999962e-02 3.435880636309999736e-01 -3.358295484980000079e-01 -2.451604189110000220e+00
2.401000000000000079e-01 6.981317007980000211e-01 2.984486356889999928e-02 3.680053385340000260e-01 -3.158974053290000139e-01 -2.248185164130000135e+00
3.430000000000000271e-01 6.981317007980000211e-01 4.830400062359999774e-02 3.917530282919999829e-01 -2.978567623450000257e-01 -2.001002651349999883e+00
4.899999999999999911e-01 6.981317007980000211e-01 7.113324099359999431e-02 4.243695670889999771e-01 -2.794976982440000035e-01 -1.811543455240000045e+00
