# L 4
# phi -0.4363
# hz 0.3
#  hx	Delta_0	Delta_2pik	r	log_Delta_0	log_Delta_2pik
2.326305139869999997e-03 7.757018897749999586e-02 9.960180718600000697e-12 3.855368256980000186e-01 -1.330533362489999982e+00 -inf
3.323293056959999818e-03 7.757018897749999586e-02 5.245163184440000077e-11 3.855454667250000078e-01 -1.330569801840000066e+00 -inf
4.747561509939999917e-03 7.757018897749999586e-02 3.525447989509999816e-10 3.865598266020000007e-01 -1.329617866139999993e+00 -inf
6.782230728490000297e-03 7.757018897749999586e-02 6.751167691830000426e-10 3.866988603270000158e-01 -1.328841618640000055e+00 -inf
9.688901040700000425e-03 7.757018897749999586e-02 4.129473223400000261e-09 3.883790013669999874e-01 -1.326787831250000105e+00 -9.762257444959999475e+00
1.384128720100000036e-02 7.757018897749999586e-02 1.212205519739999963e-08 3.884920107329999928e-01 -1.328445312729999994e+00 -9.117884209950000596e+00
1.977326743000000150e-02 7.757018897749999586e-02 7.196423683700000496e-08 3.903954254470000107e-01 -1.325834104459999940e+00 -inf
2.824752490000000116e-02 7.757018897749999586e-02 1.787686053400000051e-07 3.922557471709999799e-01 -1.328022658250000099e+00 -8.121835548199999977e+00
4.035360699999999967e-02 7.757018897749999586e-02 2.973016547420000172e-06 4.011521017710000248e-01 -1.319440307180000049e+00 -7.454588107950000264e+00
5.764800999999999953e-02 7.757018897749999586e-02 4.526948973080000040e-06 3.932848366469999801e-01 -1.319538505029999920e+00 -6.617689530439999857e+00
8.235430000000000528e-02 7.757018897749999586e-02 1.603572283180000141e-05 4.069661140499999941e-01 -1.311047468079999945e+00 -6.041011968080000294e+00
1.176490000000000036e-01 7.757018897749999586e-02 3.189669502209999970e-05 4.039196829949999734e-01 -1.310131893209999898e+00 -5.594344614529999760e+00
1.680699999999999972e-01 7.757018897749999586e-02 1.830973530500000002e-04 4.067789802460000104e-01 -1.306641859490000002e+00 -4.799851602540000428e+00
2.401000000000000079e-01 7.757018897749999586e-02 3.908451372909999824e-04 4.200667760919999938e-01 -1.292248294890000038e+00 -4.175028669779999646e+00
3.430000000000000271e-01 7.757018897749999586e-02 1.210459971379999975e-03 4.196553107700000118e-01 -1.289098672059999950e+00 -3.735376536490000010e+00
4.899999999999999911e-01 7.757018897749999586e-02 2.992858007670000202e-03 4.437097749480000131e-01 -1.273043172579999993e+00 -3.260836991850000199e+00
