# L 3
# phi 0.0499
# hz 0.3
#  hx	Delta_0	Delta_2pik	r	log_Delta_0	log_Delta_2pik
2.326305139869999997e-03 2.327105669329999904e-01 4.885771760750000273e-08 3.538076999359999752e-01 -9.721384132039999626e-01 -8.597336753560000489e+00
3.323293056959999818e-03 2.327105669329999904e-01 1.957384924909999990e-07 3.545889326330000091e-01 -9.714369069630000020e-01 -8.130498377020000333e+00
4.747561509939999917e-03 2.327105669329999904e-01 5.860463948470000507e-07 3.543980607850000242e-01 -9.725454823610000243e-01 -7.562422533620000387e+00
6.782230728490000297e-03 2.327105669329999904e-01 1.627270320490000072e-06 3.550781889529999735e-01 -9.706399171580000207e-01 -7.157381956840000115e+00
9.688901040700000425e-03 2.327105669329999904e-01 6.184455873990000412e-06 3.580045703079999808e-01 -9.665361635289999587e-01 -6.453189591280000137e+00
1.384128720100000036e-02 2.327105669329999904e-01 1.123844396779999952e-05 3.596760996819999834e-01 -9.639294335950000514e-01 -6.153999187370000179e+00
1.977326743000000150e-02 2.327105669329999904e-01 3.731752843879999697e-05 3.621694370219999959e-01 -9.595763577300000513e-01 -5.705028128380000396e+00
2.824752490000000116e-02 2.327105669329999904e-01 1.144261602799999980e-04 3.762894100020000021e-01 -9.519962029640000045e-01 -5.266746296790000059e+00
4.035360699999999967e-02 2.327105669329999904e-01 1.963053394429999923e-04 3.812481306070000242e-01 -9.474389997469999658e-01 -4.919321366960000219e+00
5.764800999999999953e-02 2.327105669329999904e-01 7.632873707129999826e-04 3.893710885889999918e-01 -9.375515961429999878e-01 -4.301621285070000411e+00
8.235430000000000528e-02 2.327105669329999904e-01 1.804787823410000094e-03 4.054198425469999756e-01 -9.197574294520000082e-01 -3.888894030039999894e+00
1.176490000000000036e-01 2.327105669329999904e-01 3.736886240629999894e-03 4.068081288639999737e-01 -9.131229728030000325e-01 -3.466751108500000012e+00
1.680699999999999972e-01 2.327105669329999904e-01 7.280643083730000201e-03 3.958136150659999908e-01 -9.006279560890000369e-01 -3.023458796309999919e+00
2.401000000000000079e-01 2.327105669329999904e-01 1.413598510009999969e-02 4.109966205669999817e-01 -8.614508671139999851e-01 -2.623831261719999919e+00
3.430000000000000271e-01 2.327105669329999904e-01 2.358949977280000096e-02 4.217442354950000083e-01 -8.336173991069999456e-01 -2.266589291929999916e+00
4.899999999999999911e-01 2.327105669329999904e-01 3.432832029599999779e-02 4.314345402390000195e-01 -8.017447284440000210e-01 -2.150610543460000024e+00
