# L 4
# phi 0.0623
# hz 0.3
#  hx	Delta_0	Delta_2pik	r	log_Delta_0	log_Delta_2pik
2.326305139869999997e-03 7.757018897749999586e-02 1.673830595659999979e-10 3.744251018070000048e-01 -1.419535790110000084e+00 -inf
3.323293056959999818e-03 7.757018897749999586e-02 7.264420799879999741e-10 3.762399721670000030e-01 -1.415753590960000086e+00 -inf
4.747561509939999917e-03 7.757018897749999586e-02 2.144810700070000134e-09 3.758484940010000108e-01 -1.415576347650000066e+00 -inf
6.782230728490000297e-03 7.757018897749999586e-02 1.308649037729999976e-08 3.796834257569999815e-01 -1.411234450650000083e+00 -9.240784177980000180e+00
9.688901040700000425e-03 7.757018897749999586e-02 5.902534637209999737e-08 3.812166164990000161e-01 -1.409164369660000027e+00 -inf
1.384128720100000036e-02 7.757018897749999586e-02 1.845094727359999969e-07 3.872597468840000001e-01 -1.404258463749999963e+00 -8.140843922620000228e+00
1.977326743000000150e-02 7.757018897749999586e-02 1.035006092290000060e-06 3.855888684980000036e-01 -1.400904383160000100e+00 -7.530016816719999895e+00
2.824752490000000116e-02 7.757018897749999586e-02 4.438351973860000061e-06 3.920183503690000126e-01 -1.393949681200000068e+00 -6.747819531420000239e+00
4.035360699999999967e-02 7.757018897749999586e-02 9.776947670340000574e-06 3.955133460610000262e-01 -1.385976230989999891e+00 -6.299219644159999909e+00
5.764800999999999953e-02 7.757018897749999586e-02 5.411330117589999671e-05 3.959819040679999902e-01 -1.378351468540000013e+00 -5.605010353549999991e+00
8.235430000000000528e-02 7.757018897749999586e-02 2.110112284540000102e-04 4.052530439850000055e-01 -1.369669933650000004e+00 -4.842772039819999819e+00
1.176490000000000036e-01 7.757018897749999586e-02 8.751459876099999900e-04 4.129849254449999840e-01 -1.354512274900000035e+00 -4.435950164570000354e+00
1.680699999999999972e-01 7.757018897749999586e-02 1.792556511909999904e-03 4.087773763020000062e-01 -1.351879003060000084e+00 -3.780417337619999874e+00
2.401000000000000079e-01 7.757018897749999586e-02 4.141186427050000222e-03 4.254722877689999794e-01 -1.327015522700000005e+00 -3.263978502320000086e+00
3.430000000000000271e-01 7.757018897749999586e-02 8.425603580249999350e-03 4.321142530579999974e-01 -1.305849463029999935e+00 -2.851968212790000123e+00
4.899999999999999911e-01 7.757018897749999586e-02 1.483826355840000069e-02 4.384551536310000164e-01 -1.283825316349999968e+00 -2.417870522849999926e+00
