# L 5
# phi -0.0873
# hz 0.3
#  hx	Delta_0	Delta_2pik	r	log_Delta_0	log_Delta_2pik
2.326305139869999997e-03 2.585672965919999858e-02 1.826893825980000101e-13 3.690765382949999784e-01 -1.875007819279999932e+00 -inf
3.323293056959999818e-03 2.585672965919999858e-02 9.072244007699999968e-13 3.713323898609999785e-01 -1.871983083749999999e+00 -inf
4.747561509939999917e-03 2.585672965919999858e-02 9.273457392940000206e-12 3.705717551830000067e-01 -1.868949678579999940e+00 -inf
6.782230728490000297e-03 2.585672965919999858e-02 6.344617754810000164e-11 3.719578456320000170e-01 -1.868096831979999983e+00 -inf
9.688901040700000425e-03 2.585672965919999858e-02 3.138482713409999836e-10 3.768286723220000134e-01 -1.859844478609999907e+00 -inf
1.384128720100000036e-02 2.585672965919999858e-02 1.473875197709999900e-09 3.763734704350000237e-01 -1.860713888300000063e+00 -inf
1.977326743000000150e-02 2.585672965919999858e-02 7.754379086039999930e-09 3.790334277690000087e-01 -1.853875722189999964e+00 -9.571160178279999542e+00
2.824752490000000116e-02 2.585672965919999858e-02 8.806220199620000130e-08 3.838821329100000068e-01 -1.845076861379999933e+00 -inf
4.035360699999999967e-02 2.585672965919999858e-02 3.722504201780000064e-07 3.889280759289999723e-01 -1.843159542470000023e+00 -7.887060738819999806e+00
5.764800999999999953e-02 2.585672965919999858e-02 2.556510393469999852e-06 4.007381742410000003e-01 -1.828415630699999905e+00 -7.064924345189999677e+00
8.235430000000000528e-02 2.585672965919999858e-02 1.417673757599999924e-05 4.019415474229999785e-01 -1.823598812309999984e+00 -6.385875474069999669e+00
1.176490000000000036e-01 2.585672965919999858e-02 6.798261737680000630e-05 3.994523126869999885e-01 -1.817575318420000086e+00 -5.577307764590000438e+00
1.680699999999999972e-01 2.585672965919999858e-02 3.923449003270000016e-04 4.122373466379999907e-01 -1.801304970679999951e+00 -4.667281473310000095e+00
2.401000000000000079e-01 2.585672965919999858e-02 1.208078909609999968e-03 4.179059001579999988e-01 -1.785847088359999946e+00 -4.010471579739999903e+00
3.430000000000000271e-01 2.585672965919999858e-02 2.865209761339999796e-03 4.217097613770000031e-01 -1.776724505250000030e+00 -3.481645297910000103e+00
4.899999999999999911e-01 2.585672965919999858e-02 5.478173463490000096e-03 4.400722144850000017e-01 -1.753506452429999918e+00 -2.980567238139999908e+00
