# L 2
# phi 0.2618
# hz 0.3
#  hx	Delta_0	Delta_2pik	r	log_Delta_0	log_Delta_2pik
2.326305139869999997e-03 6.981317007980000211e-01 2.402401251089999849e-06 4.654015182249999771e-01 -2.620934719979999827e-01 -6.512910043449999797e+00
3.323293056959999818e-03 6.981317007980000211e-01 4.688083773690000196e-06 4.654001923080000047e-01 -2.620880277300000061e-01 -6.188392081339999962e+00
4.747561509939999917e-03 6.981317007980000211e-01 1.323337555239999992e-05 4.653908616179999735e-01 -2.620881145369999832e-01 -5.742267172120000041e+00
6.782230728490000297e-03 6.981317007980000211e-01 2.235967580630000053e-05 4.653894545019999773e-01 -2.620872763209999845e-01 -5.572843032649999806e+00
9.688901040700000425e-03 6.981317007980000211e-01 4.412536599009999721e-05 4.653860919880000169e-01 -2.619709848160000076e-01 -5.174482839789999566e+00
1.384128720100000036e-02 6.981317007980000211e-01 1.061222678810000002e-04 4.653222063929999819e-01 -2.619029805149999945e-01 -4.857254526960000263e+00
1.977326743000000150e-02 6.981317007980000211e-01 2.260880354530000135e-04 4.652470007649999739e-01 -2.619136539460000246e-01 -4.438100275790000104e+00
2.824752490000000116e-02 6.981317007980000211e-01 4.146518118619999752e-04 4.651786311009999952e-01 -2.618325604760000092e-01 -4.201227429010000236e+00
4.035360699999999967e-02 6.981317007980000211e-01 7.732800152670000083e-04 4.648707870309999879e-01 -2.615056479349999741e-01 -3.926112101969999824e+00
5.764800999999999953e-02 6.981317007980000211e-01 1.563909951960000023e-03 4.647175341570000118e-01 -2.603835354399999802e-01 -3.599664263499999795e+00
8.235430000000000528e-02 6.981317007980000211e-01 3.178513397199999885e-03 4.635154335850000251e-01 -2.596290915680000144e-01 -3.278368831509999914e+00
1.176490000000000036e-01 6.981317007980000211e-01 5.930159712300000184e-03 4.620322215150000078e-01 -2.588059712590000117e-01 -3.033864508140000193e+00
1.680699999999999972e-01 6.981317007980000211e-01 1.260252216190000003e-02 4.589069857749999981e-01 -2.542800291549999758e-01 -2.644602926550000177e+00
2.401000000000000079e-01 6.981317007980000211e-01 1.907929768400000101e-02 4.610269870370000134e-01 -2.504422611309999880e-01 -2.497991988009999886e+00
3.430000000000000271e-01 6.981317007980000211e-01 3.912672109129999853e-02 4.494236606909999820e-01 -2.572113714370000137e-01 -2.153881415709999914e+00
4.899999999999999911e-01 6.981317007980000211e-01 6.962665344070000095e-02 4.641007913929999784e-01 -2.494803672700000030e-01 -1.812713845860000061e+00
