# L 4
# phi 0.2618
# hz 0.3
#  hx	Delta_0	Delta_2pik	r	log_Delta_0	log_Delta_2pik
2.326305139869999997e-03 7.757018897749999586e-02 1.132740979200000064e-11 3.855021859319999744e-01 -1.344779144389999903e+00 -inf
3.323293056959999818e-03 7.757018897749999586e-02 3.174443023949999712e-11 3.856214363430000014e-01 -1.344932218849999916e+00 -inf
4.747561509939999917e-03 7.757018897749999586e-02 1.320467604119999896e-10 3.853974623509999753e-01 -1.344030872510000085e+00 -inf
6.782230728490000297e-03 7.757018897749999586e-02 4.053410757660000077e-10 3.857010182380000152e-01 -1.343711281860000106e+00 -1.032282806469999947e+01
9.688901040700000425e-03 7.757018897749999586e-02 2.530819231659999946e-09 3.861616944290000020e-01 -1.342181745169999996e+00 -9.753493121240000008e+00
1.384128720100000036e-02 7.757018897749999586e-02 7.560625615949999755e-09 3.880089609169999898e-01 -1.341652164659999924e+00 -8.961134474179999643e+00
1.977326743000000150e-02 7.757018897749999586e-02 2.364350560669999857e-08 3.871996262399999833e-01 -1.342981527130000075e+00 -8.531849123009999758e+00
2.824752490000000116e-02 7.757018897749999586e-02 9.697399257319999630e-08 3.908525722739999986e-01 -1.338458493899999935e+00 -8.012525764690000329e+00
4.035360699999999967e-02 7.757018897749999586e-02 4.493954558010000065e-07 3.899858524070000110e-01 -1.337354195220000097e+00 -7.226818407429999702e+00
5.764800999999999953e-02 7.757018897749999586e-02 1.864332459769999951e-06 3.939928393859999933e-01 -1.332585163200000089e+00 -6.708041543700000275e+00
8.235430000000000528e-02 7.757018897749999586e-02 9.407406805570000592e-06 3.934770699310000119e-01 -1.328485615059999958e+00 -5.950137414390000323e+00
1.176490000000000036e-01 7.757018897749999586e-02 3.952328429760000253e-05 4.021049119919999915e-01 -1.314611539910000015e+00 -5.534934144190000183e+00
1.680699999999999972e-01 7.757018897749999586e-02 1.768805192079999993e-04 3.842711136859999765e-01 -1.324506409330000078e+00 -4.733993277259999743e+00
2.401000000000000079e-01 7.757018897749999586e-02 4.536411929369999971e-04 4.109931122189999786e-01 -1.299633718830000007e+00 -4.230687441639999768e+00
3.430000000000000271e-01 7.757018897749999586e-02 1.633636794020000083e-03 4.296609581420000046e-01 -1.282554390320000071e+00 -3.626632110600000125e+00
4.899999999999999911e-01 7.757018897749999586e-02 4.707749729680000238e-03 4.335406545009999890e-01 -1.277966918610000002e+00 -3.019536747570000124e+00
