# L 4
# phi 0.4363
# hz 0.3
#  hx	Delta_0	Delta_2pik	r	log_Delta_0	log_Delta_2pik
2.326305139869999997e-03 7.757018897749999586e-02 1.224299504030000011e-11 3.738826838479999970e-01 -1.370912983950000053e+00 -inf
3.323293056959999818e-03 7.757018897749999586e-02 1.390447460869999925e-10 3.754648104280000065e-01 -1.368955434939999938e+00 -inf
4.747561509939999917e-03 7.757018897749999586e-02 2.854150332260000158e-10 3.754203850939999976e-01 -1.366993623860000007e+00 -inf
6.782230728490000297e-03 7.757018897749999586e-02 6.800362807299999538e-10 3.753494153879999851e-01 -1.365820126750000085e+00 -inf
9.688901040700000425e-03 7.757018897749999586e-02 1.232344915790000066e-08 3.754947637630000057e-01 -1.363290699290000019e+00 -9.839375376799999628e+00
1.384128720100000036e-02 7.757018897749999586e-02 1.515275394840000133e-08 3.783250401120000217e-01 -1.361311527780000086e+00 -9.245072604289999774e+00
1.977326743000000150e-02 7.757018897749999586e-02 7.252272011429999940e-08 3.808358577050000027e-01 -1.357528946049999963e+00 -8.448990488750000694e+00
2.824752490000000116e-02 7.757018897749999586e-02 2.443165704539999769e-07 3.827279056380000211e-01 -1.353643331900000080e+00 -7.932196492060000104e+00
4.035360699999999967e-02 7.757018897749999586e-02 1.050651538299999928e-06 3.839176479099999928e-01 -1.352407980930000031e+00 -7.364617296079999598e+00
5.764800999999999953e-02 7.757018897749999586e-02 3.905705691950000110e-06 3.816885140849999858e-01 -1.351126024240000056e+00 -6.711069319689999979e+00
8.235430000000000528e-02 7.757018897749999586e-02 1.976164909219999848e-05 3.984973705650000086e-01 -1.329113273589999977e+00 -6.017642485889999726e+00
1.176490000000000036e-01 7.757018897749999586e-02 4.448617551910000076e-05 4.029326284479999853e-01 -1.326074500999999906e+00 -5.536143611500000006e+00
1.680699999999999972e-01 7.757018897749999586e-02 1.579538144710000128e-04 3.965914887340000194e-01 -1.324797650250000070e+00 -4.841708580459999745e+00
2.401000000000000079e-01 7.757018897749999586e-02 4.225974714569999922e-04 4.108936852089999925e-01 -1.298688584019999981e+00 -4.475962376070000026e+00
3.430000000000000271e-01 7.757018897749999586e-02 1.140370374639999938e-03 4.047648946640000078e-01 -1.306519350310000105e+00 -3.753634791800000148e+00
4.899999999999999911e-01 7.757018897749999586e-02 4.326028166539999664e-03 4.435679629500000054e-01 -1.274998187550000051e+00 -3.111536504850000107e+00
