# L 3
# phi -0.1745
# hz 0.3
#  hx	Delta_0	Delta_2pik	r	log_Delta_0	log_Delta_2pik
2.326305139869999997e-03 2.327105669329999904e-01 5.463394723289999657e-09 4.032597533880000196e-01 -8.279033594319999967e-01 -9.132108887579999390e+00
3.323293056959999818e-03 2.327105669329999904e-01 2.259209393060000148e-08 4.034876549590000194e-01 -8.274716967690000091e-01 -8.724828323680000608e+00
4.747561509939999917e-03 2.327105669329999904e-01 5.292336130059999829e-08 4.030210928130000259e-01 -8.267860664749999700e-01 -8.221721427140000316e+00
6.782230728490000297e-03 2.327105669329999904e-01 1.436830454830000056e-07 4.036041047719999830e-01 -8.247134757120000437e-01 -7.755100791640000324e+00
9.688901040700000425e-03 2.327105669329999904e-01 4.220704727160000060e-07 4.027582594810000249e-01 -8.240112742149999780e-01 -7.346006278750000007e+00
1.384128720100000036e-02 2.327105669329999904e-01 1.319609198910000051e-06 4.031631343829999992e-01 -8.245512789040000401e-01 -6.877842467559999839e+00
1.977326743000000150e-02 2.327105669329999904e-01 3.713830807289999907e-06 4.036182974029999815e-01 -8.209787023529999672e-01 -6.360919577709999828e+00
2.824752490000000116e-02 2.327105669329999904e-01 9.955258724459999862e-06 4.060984168410000095e-01 -8.193408122119999470e-01 -5.941191522709999617e+00
4.035360699999999967e-02 2.327105669329999904e-01 4.520455373759999938e-05 4.071391491399999896e-01 -8.185843725460000275e-01 -5.240107573080000414e+00
5.764800999999999953e-02 2.327105669329999904e-01 1.046756680739999938e-04 4.126194092400000124e-01 -8.174607209559999754e-01 -4.886055807640000026e+00
8.235430000000000528e-02 2.327105669329999904e-01 2.339947080269999947e-04 4.089737365030000071e-01 -8.106874364809999456e-01 -4.536117069550000380e+00
1.176490000000000036e-01 2.327105669329999904e-01 7.333591316469999927e-04 4.099206964259999864e-01 -8.071150122939999561e-01 -3.896275711909999995e+00
1.680699999999999972e-01 2.327105669329999904e-01 1.709736909310000021e-03 4.208053903100000270e-01 -8.006504113979999726e-01 -3.630723440150000147e+00
2.401000000000000079e-01 2.327105669329999904e-01 4.817738710090000050e-03 4.123896390189999983e-01 -7.991125620379999628e-01 -3.031601316300000182e+00
3.430000000000000271e-01 2.327105669329999904e-01 1.123615644509999914e-02 4.144332885229999874e-01 -7.868901289959999712e-01 -2.595157115760000188e+00
4.899999999999999911e-01 2.327105669329999904e-01 2.099770345920000045e-02 4.300908902960000058e-01 -7.699022565819999553e-01 -2.311062988120000217e+00
