# L 5
# phi -0.4363
# hz 0.3
#  hx	Delta_0	Delta_2pik	r	log_Delta_0	log_Delta_2pik
2.326305139869999997e-03 2.585672965919999858e-02 4.266637340640000260e-14 3.907887611840000219e-01 -1.819713666880000025e+00 -inf
3.323293056959999818e-03 2.585672965919999858e-02 8.921024869900000389e-14 3.910424315889999836e-01 -1.820025544439999976e+00 -inf
4.747561509939999917e-03 2.585672965919999858e-02 3.780185857979999886e-13 3.911993349940000031e-01 -1.820021395589999980e+00 -inf
6.782230728490000297e-03 2.585672965919999858e-02 3.008017703229999964e-12 3.919424424560000175e-01 -1.819276932459999996e+00 -inf
9.688901040700000425e-03 2.585672965919999858e-02 3.333745756820000164e-11 3.922621907830000088e-01 -1.818021478939999991e+00 -inf
1.384128720100000036e-02 2.585672965919999858e-02 2.804550147669999765e-10 3.891287077969999841e-01 -1.821818077749999931e+00 -inf
1.977326743000000150e-02 2.585672965919999858e-02 1.822566441109999978e-09 3.923843648500000003e-01 -1.821692432499999903e+00 -inf
2.824752490000000116e-02 2.585672965919999858e-02 4.803376466490000315e-09 3.929699948900000073e-01 -1.815368368779999964e+00 -inf
4.035360699999999967e-02 2.585672965919999858e-02 5.483926060699999866e-08 3.917311339319999863e-01 -1.816831395059999910e+00 -8.896298329240000413e+00
5.764800999999999953e-02 2.585672965919999858e-02 1.922324822469999940e-07 3.879668129400000165e-01 -1.819623802730000017e+00 -8.245888280770000023e+00
8.235430000000000528e-02 2.585672965919999858e-02 1.264995928669999895e-06 3.872640755399999746e-01 -1.823721549739999892e+00 -7.456936631429999629e+00
1.176490000000000036e-01 2.585672965919999858e-02 1.088443289690000070e-05 3.929326633699999904e-01 -1.809234737809999993e+00 -6.586675383440000253e+00
1.680699999999999972e-01 2.585672965919999858e-02 3.590962381600000004e-05 4.061384223100000246e-01 -1.796455477879999929e+00 -5.885654111080000028e+00
2.401000000000000079e-01 2.585672965919999858e-02 1.458537441619999939e-04 4.039976859830000100e-01 -1.791651888859999930e+00 -5.042494731329999702e+00
3.430000000000000271e-01 2.585672965919999858e-02 3.786512911229999783e-04 4.121350616450000226e-01 -1.775622641450000039e+00 -4.397409513470000419e+00
4.899999999999999911e-01 2.585672965919999858e-02 1.182692576080000054e-03 4.299137074339999809e-01 -1.758721061069999925e+00 -3.649567587179999961e+00
