# L 4
# phi -0.0873
# hz 0.3
#  hx	Delta_0	Delta_2pik	r	log_Delta_0	log_Delta_2pik
2.326305139869999997e-03 7.757018897749999586e-02 5.807219254169999887e-11 3.644248523490000169e-01 -1.388908907100000034e+00 -inf
3.323293056959999818e-03 7.757018897749999586e-02 1.709920957640000112e-10 3.652210322800000242e-01 -1.386724153080000077e+00 -inf
4.747561509939999917e-03 7.757018897749999586e-02 9.656844156700000007e-10 3.664273962540000040e-01 -1.386136837450000048e+00 -1.038792508649999924e+01
6.782230728490000297e-03 7.757018897749999586e-02 4.977108981300000355e-09 3.691499724039999930e-01 -1.383783316709999989e+00 -9.589170007450000810e+00
9.688901040700000425e-03 7.757018897749999586e-02 1.881607955190000004e-08 3.695515723339999892e-01 -1.382886925180000004e+00 -inf
1.384128720100000036e-02 7.757018897749999586e-02 9.051987019889999627e-08 3.743923641460000229e-01 -1.378255714550000066e+00 -8.261311440269999196e+00
1.977326743000000150e-02 7.757018897749999586e-02 3.826189045580000161e-07 3.748977554110000110e-01 -1.377077962850000059e+00 -7.598326312980000274e+00
2.824752490000000116e-02 7.757018897749999586e-02 1.382614134200000074e-06 3.821568830550000073e-01 -1.375283405690000071e+00 -6.916195206420000297e+00
4.035360699999999967e-02 7.757018897749999586e-02 6.152278112780000200e-06 3.818926389730000204e-01 -1.374389982869999915e+00 -6.486993460599999928e+00
5.764800999999999953e-02 7.757018897749999586e-02 2.579822498289999872e-05 3.819845647869999916e-01 -1.369206900480000044e+00 -5.737397228169999863e+00
8.235430000000000528e-02 7.757018897749999586e-02 9.283028056789999866e-05 3.867463013469999988e-01 -1.365826325340000036e+00 -5.196798346709999628e+00
1.176490000000000036e-01 7.757018897749999586e-02 2.747897900849999753e-04 3.986471283040000091e-01 -1.352717657539999951e+00 -4.668344570440000396e+00
1.680699999999999972e-01 7.757018897749999586e-02 1.277631421060000010e-03 4.052126536280000191e-01 -1.342951973829999979e+00 -3.831975168500000084e+00
2.401000000000000079e-01 7.757018897749999586e-02 3.570738903170000110e-03 4.163404049509999982e-01 -1.322908744350000054e+00 -3.321544670679999811e+00
3.430000000000000271e-01 7.757018897749999586e-02 6.643391437960000090e-03 4.298118117770000080e-01 -1.293167600579999910e+00 -2.971497708569999840e+00
4.899999999999999911e-01 7.757018897749999586e-02 1.181154940679999925e-02 4.413713936359999757e-01 -1.276401293890000010e+00 -2.588349960079999956e+00
