# L 2
# phi 0.5236
# hz 0.3
#  hx	Delta_0	Delta_2pik	r	log_Delta_0	log_Delta_2pik
2.326305139869999997e-03 6.981317007980000211e-01 2.132031542659999969e-06 5.244517514700000049e-01 -3.774408446349999946e-01 -7.456891650540000249e+00
3.323293056959999818e-03 6.981317007980000211e-01 4.247320245690000278e-06 5.245403426189999552e-01 -3.771011924479999999e-01 -6.933191769099999568e+00
4.747561509939999917e-03 6.981317007980000211e-01 9.284286223190000382e-06 5.243477650410000024e-01 -3.780411518599999798e-01 -6.493806868200000082e+00
6.782230728490000297e-03 6.981317007980000211e-01 1.795291107140000085e-05 5.242191008350000070e-01 -3.747004936000000175e-01 -6.192170310429999880e+00
9.688901040700000425e-03 6.981317007980000211e-01 3.269297899709999917e-05 5.239923061490000533e-01 -3.749468314259999935e-01 -5.847066051169999668e+00
1.384128720100000036e-02 6.981317007980000211e-01 7.985156535689999936e-05 5.230639037690000270e-01 -3.726952830449999921e-01 -5.529204902690000090e+00
1.977326743000000150e-02 6.981317007980000211e-01 1.437252843399999878e-04 5.233779027960000496e-01 -3.734690268029999816e-01 -5.018958988299999646e+00
2.824752490000000116e-02 6.981317007980000211e-01 2.859856928049999943e-04 5.224794740470000143e-01 -3.724228838490000193e-01 -4.792489971410000216e+00
4.035360699999999967e-02 6.981317007980000211e-01 5.873268020920000172e-04 5.217535198430000021e-01 -3.677878403879999980e-01 -4.383743096989999977e+00
5.764800999999999953e-02 6.981317007980000211e-01 1.256274557299999917e-03 5.216197001410000089e-01 -3.617072161339999758e-01 -4.113983676490000185e+00
8.235430000000000528e-02 6.981317007980000211e-01 2.021602447609999794e-03 5.185054930450000432e-01 -3.589635645379999906e-01 -3.751014939460000086e+00
1.176490000000000036e-01 6.981317007980000211e-01 4.843068016239999649e-03 5.140732225759999663e-01 -3.517339849980000155e-01 -3.248255535569999797e+00
1.680699999999999972e-01 6.981317007980000211e-01 9.053829339029999604e-03 5.098815791559999644e-01 -3.467391007069999809e-01 -2.912948017060000172e+00
2.401000000000000079e-01 6.981317007980000211e-01 2.261169725460000085e-02 4.963360631800000089e-01 -3.395648179069999939e-01 -2.374934337600000056e+00
3.430000000000000271e-01 6.981317007980000211e-01 3.961066351360000015e-02 4.788043130970000005e-01 -3.380814883639999824e-01 -2.139726202149999867e+00
4.899999999999999911e-01 6.981317007980000211e-01 8.037667643069999757e-02 4.800233951510000097e-01 -3.113812227050000159e-01 -1.838230799790000036e+00
