# L 2
# phi 0.0000
# hz 0.3
#  hx	Delta_0	Delta_2pik	r	log_Delta_0	log_Delta_2pik
2.326305139869999997e-03 6.981317007980000211e-01 3.443428847930000199e-04 1.198005803629999949e-01 -9.632480213999999874e-01 -5.193933725710000004e+00
3.323293056959999818e-03 6.981317007980000211e-01 5.996006925770000278e-04 1.262676753480000136e-01 -8.910395091189999839e-01 -4.861229746220000258e+00
4.747561509939999917e-03 6.981317007980000211e-01 7.881620804700000416e-04 1.287815581979999957e-01 -8.333357213009999764e-01 -4.726664928739999993e+00
6.782230728490000297e-03 6.981317007980000211e-01 1.039978518550000028e-03 1.318275193979999982e-01 -7.975927040269999990e-01 -4.534793766770000012e+00
9.688901040700000425e-03 6.981317007980000211e-01 1.677098516590000074e-03 1.405411696530000087e-01 -7.356678870820000382e-01 -4.212282600109999997e+00
1.384128720100000036e-02 6.981317007980000211e-01 2.296258891799999972e-03 1.485776431999999980e-01 -6.862297364220000251e-01 -4.076248694370000258e+00
1.977326743000000150e-02 6.981317007980000211e-01 3.306796805129999864e-03 1.656772118690000017e-01 -6.338450027009999710e-01 -3.823417837620000093e+00
2.824752490000000116e-02 6.981317007980000211e-01 4.663921319390000250e-03 1.784877919889999998e-01 -5.919862072639999750e-01 -3.582501121570000002e+00
4.035360699999999967e-02 6.981317007980000211e-01 7.606508045479999647e-03 1.989144351690000090e-01 -5.391558826060000031e-01 -3.269317581810000206e+00
5.764800999999999953e-02 6.981317007980000211e-01 9.851383954899999365e-03 2.141852798839999905e-01 -5.148835155909999850e-01 -3.138744805199999988e+00
8.235430000000000528e-02 6.981317007980000211e-01 1.402090213469999944e-02 2.433802989140000095e-01 -4.659691806690000049e-01 -2.865545758700000167e+00
1.176490000000000036e-01 6.981317007980000211e-01 1.805842592710000041e-02 2.726917113099999734e-01 -4.245343252159999858e-01 -2.719675631499999913e+00
1.680699999999999972e-01 6.981317007980000211e-01 2.874331604020000097e-02 3.020930991069999960e-01 -3.917540994679999944e-01 -2.383726667159999923e+00
2.401000000000000079e-01 6.981317007980000211e-01 3.944002550410000141e-02 3.325593548460000215e-01 -3.670611944700000184e-01 -2.110615766880000077e+00
3.430000000000000271e-01 6.981317007980000211e-01 5.218685599140000103e-02 3.470934307940000130e-01 -3.367384083070000256e-01 -2.012463871510000057e+00
4.899999999999999911e-01 6.981317007980000211e-01 8.440048594620000455e-02 4.056666168320000043e-01 -3.021208188039999909e-01 -1.707986420139999906e+00
# L 2
# phi -0.0000
# hz 0.3
#  hx	Delta_0	Delta_2pik	r	log_Delta_0	log_Delta_2pik
2.326305139869999997e-03 6.981317007980000211e-01 4.334059321519999992e-04 9.992756665789999382e-02 -9.823279202089999496e-01 -4.983351423000000224e+00
3.323293056959999818e-03 6.981317007980000211e-01 5.515495532609999757e-04 1.012934895920000050e-01 -9.281048231749999822e-01 -4.832165497600000137e+00
4.747561509939999917e-03 6.981317007980000211e-01 7.863866944749999975e-04 1.083977300550000022e-01 -8.703079433439999679e-01 -4.633340845340000236e+00
6.782230728490000297e-03 6.981317007980000211e-01 1.156945003349999900e-03 1.162295013739999966e-01 -8.195221397659999685e-01 -4.389086703100000264e+00
9.688901040700000425e-03 6.981317007980000211e-01 1.743887351000000070e-03 1.217454637529999939e-01 -7.856589174339999593e-01 -4.201434013070000084e+00
1.384128720100000036e-02 6.981317007980000211e-01 2.580267825399999888e-03 1.421254779920000100e-01 -7.150714488179999995e-01 -3.907436967110000214e+00
1.977326743000000150e-02 6.981317007980000211e-01 3.460379200399999952e-03 1.530457591989999866e-01 -6.674628725169999832e-01 -3.723281387480000149e+00
2.824752490000000116e-02 6.981317007980000211e-01 4.708280394779999940e-03 1.724003178450000118e-01 -6.303584318079999971e-01 -3.555895931849999858e+00
4.035360699999999967e-02 6.981317007980000211e-01 6.796563243609999617e-03 1.827133756060000114e-01 -5.963762903060000342e-01 -3.296300145380000046e+00
5.764800999999999953e-02 6.981317007980000211e-01 9.289212312419999409e-03 2.020194028429999900e-01 -5.544599697690000273e-01 -3.092159597939999838e+00
8.235430000000000528e-02 6.981317007980000211e-01 1.170309849850000028e-02 2.243668471430000089e-01 -5.125354259859999928e-01 -3.034220088150000105e+00
1.176490000000000036e-01 6.981317007980000211e-01 1.901525027660000075e-02 2.456078395430000005e-01 -4.763784743910000063e-01 -2.662042175949999923e+00
1.680699999999999972e-01 6.981317007980000211e-01 2.744257598650000005e-02 2.801127904399999813e-01 -4.256275929830000138e-01 -2.392066546800000193e+00
2.401000000000000079e-01 6.981317007980000211e-01 3.990368394979999789e-02 2.866446086180000075e-01 -3.881049942049999979e-01 -2.085055127189999968e+00
3.430000000000000271e-01 6.981317007980000211e-01 5.444500522009999843e-02 3.214926567520000056e-01 -3.576107374379999815e-01 -1.944228582520000082e+00
4.899999999999999911e-01 6.981317007980000211e-01 8.857774642570000190e-02 3.723048037039999869e-01 -3.135851528729999838e-01 -1.607515660930000090e+00
# L 2
# phi -0.0000
# hz 0.3
#  hx	Delta_0	Delta_2pik	r	log_Delta_0	log_Delta_2pik
2.326305139869999997e-03 6.981317007980000211e-01 3.647544641620000254e-04 1.146436437159999988e-01 -9.496350745339999788e-01 -5.066768783899999740e+00
3.323293056959999818e-03 6.981317007980000211e-01 5.649772419829999712e-04 1.165638983369999965e-01 -8.977910876460000189e-01 -4.873925170309999721e+00
4.747561509939999917e-03 6.981317007980000211e-01 8.049231924049999503e-04 1.213301442089999987e-01 -8.534232568399999774e-01 -4.679691127429999931e+00
6.782230728490000297e-03 6.981317007980000211e-01 1.165699718059999990e-03 1.286150143030000137e-01 -7.951854625769999574e-01 -4.394167584089999856e+00
9.688901040700000425e-03 6.981317007980000211e-01 1.617646434540000048e-03 1.350594637939999954e-01 -7.466527770109999684e-01 -4.156961883380000167e+00
1.384128720100000036e-02 6.981317007980000211e-01 2.217147231729999814e-03 1.420159811910000069e-01 -6.998302628150000482e-01 -4.049013959099999838e+00
1.977326743000000150e-02 6.981317007980000211e-01 3.480461963049999788e-03 1.599783725099999943e-01 -6.365661291859999737e-01 -3.789083273890000214e+00
2.824752490000000116e-02 6.981317007980000211e-01 4.803348652699999770e-03 1.764131361219999916e-01 -5.948243009360000277e-01 -3.527121333669999803e+00
4.035360699999999967e-02 6.981317007980000211e-01 6.441871933299999839e-03 1.945353453700000013e-01 -5.508171970999999889e-01 -3.416141592619999834e+00
5.764800999999999953e-02 6.981317007980000211e-01 9.746174648300000298e-03 2.140736210749999979e-01 -5.125978001559999830e-01 -3.069880287939999786e+00
8.235430000000000528e-02 6.981317007980000211e-01 1.275065756679999961e-02 2.346087388439999921e-01 -4.749545400349999835e-01 -2.929120102040000173e+00
1.176490000000000036e-01 6.981317007980000211e-01 2.051919897069999846e-02 2.718100278999999730e-01 -4.227973721050000133e-01 -2.556818984840000031e+00
1.680699999999999972e-01 6.981317007980000211e-01 2.404576572659999911e-02 2.934366243930000007e-01 -4.009050611400000186e-01 -2.449932861260000205e+00
2.401000000000000079e-01 6.981317007980000211e-01 3.974616210209999667e-02 3.358166762500000013e-01 -3.521145791899999988e-01 -2.124061382909999907e+00
3.430000000000000271e-01 6.981317007980000211e-01 5.447443670890000228e-02 3.685001844560000239e-01 -3.232692317179999830e-01 -1.899998320629999959e+00
4.899999999999999911e-01 6.981317007980000211e-01 7.428058273729999661e-02 3.936216473990000186e-01 -2.958059533729999746e-01 -1.781462853190000084e+00
