# L 4
# phi -0.0623
# hz 0.3
#  hx	Delta_0	Delta_2pik	r	log_Delta_0	log_Delta_2pik
2.326305139869999997e-03 7.757018897749999586e-02 1.891362963089999998e-10 3.688640469789999932e-01 -1.444899149939999905e+00 -inf
3.323293056959999818e-03 7.757018897749999586e-02 6.919660185859999794e-10 3.693846824420000119e-01 -1.444770372910000100e+00 -inf
4.747561509939999917e-03 7.757018897749999586e-02 2.223743302529999973e-09 3.712219454910000160e-01 -1.442343227949999918e+00 -inf
6.782230728490000297e-03 7.757018897749999586e-02 1.215862067300000068e-08 3.724308078510000231e-01 -1.443798852910000097e+00 -9.306432757499999653e+00
9.688901040700000425e-03 7.757018897749999586e-02 5.082494429110000043e-08 3.735532977539999799e-01 -1.440335654190000092e+00 -8.766636901540000082e+00
1.384128720100000036e-02 7.757018897749999586e-02 2.194643405389999943e-07 3.785764816800000210e-01 -1.437105654040000013e+00 -7.975900276399999989e+00
1.977326743000000150e-02 7.757018897749999586e-02 7.589983158600000514e-07 3.791051235369999883e-01 -1.437127533830000026e+00 -7.473685295130000128e+00
2.824752490000000116e-02 7.757018897749999586e-02 2.953998256889999999e-06 3.862490531339999866e-01 -1.422417147570000040e+00 -6.939735201459999558e+00
4.035360699999999967e-02 7.757018897749999586e-02 1.406585674520000013e-05 3.901492287880000132e-01 -1.418669287249999966e+00 -6.262254629310000098e+00
5.764800999999999953e-02 7.757018897749999586e-02 6.348293577439999811e-05 4.028809782880000134e-01 -1.400888776019999948e+00 -5.586177091499999747e+00
8.235430000000000528e-02 7.757018897749999586e-02 2.179521897909999899e-04 3.949385900760000179e-01 -1.393570289439999943e+00 -4.922400523850000376e+00
1.176490000000000036e-01 7.757018897749999586e-02 8.658814657460000208e-04 4.067682641020000101e-01 -1.374744063619999901e+00 -4.279773084970000419e+00
1.680699999999999972e-01 7.757018897749999586e-02 1.909103906400000080e-03 4.102758287000000115e-01 -1.359512342920000005e+00 -3.776847072949999884e+00
2.401000000000000079e-01 7.757018897749999586e-02 4.212299647969999783e-03 4.106407794499999930e-01 -1.344131426709999966e+00 -3.313770864139999883e+00
3.430000000000000271e-01 7.757018897749999586e-02 7.901839157189999643e-03 4.231347347089999822e-01 -1.320412228059999915e+00 -2.951897115379999992e+00
4.899999999999999911e-01 7.757018897749999586e-02 1.527090792139999993e-02 4.388323168959999965e-01 -1.277194559000000007e+00 -2.408962876129999930e+00
