# L 3
# phi -0.0873
# hz 0.3
#  hx	Delta_0	Delta_2pik	r	log_Delta_0	log_Delta_2pik
2.326305139869999997e-03 2.327105669329999904e-01 1.827312592780000151e-08 3.759234063810000248e-01 -9.226791454539999826e-01 -8.896570447280000238e+00
3.323293056959999818e-03 2.327105669329999904e-01 7.377009644830000483e-08 3.759309672510000033e-01 -9.224045631120000310e-01 -8.335167463819999512e+00
4.747561509939999917e-03 2.327105669329999904e-01 1.912171781569999868e-07 3.774388792630000156e-01 -9.214606712089999929e-01 -7.867099902609999695e+00
6.782230728490000297e-03 2.327105669329999904e-01 5.418899785390000093e-07 3.771512774340000096e-01 -9.197926213529999950e-01 -7.461239004640000338e+00
9.688901040700000425e-03 2.327105669329999904e-01 1.498683974679999996e-06 3.806193989080000062e-01 -9.165636943330000008e-01 -6.987202372339999634e+00
1.384128720100000036e-02 2.327105669329999904e-01 3.606197131739999912e-06 3.807649550819999784e-01 -9.152295406370000164e-01 -6.481587394169999961e+00
1.977326743000000150e-02 2.327105669329999904e-01 1.348065442159999928e-05 3.811076512009999862e-01 -9.099018172849999697e-01 -6.011470048319999648e+00
2.824752490000000116e-02 2.327105669329999904e-01 4.885619764460000111e-05 3.882023641830000260e-01 -9.082439349290000186e-01 -5.505896639040000373e+00
4.035360699999999967e-02 2.327105669329999904e-01 1.215112311950000028e-04 3.920450273989999901e-01 -8.986093997109999565e-01 -5.193463255530000211e+00
5.764800999999999953e-02 2.327105669329999904e-01 3.013267687700000056e-04 3.985750217369999904e-01 -8.929303165590000146e-01 -4.649239846330000425e+00
8.235430000000000528e-02 2.327105669329999904e-01 7.825880321400000483e-04 4.064450904740000148e-01 -8.803598751190000460e-01 -4.053456466060000096e+00
1.176490000000000036e-01 2.327105669329999904e-01 2.052246536409999943e-03 4.114195793400000078e-01 -8.728214765399999742e-01 -3.662294005770000194e+00
1.680699999999999972e-01 2.327105669329999904e-01 4.771094017660000228e-03 4.204141609359999809e-01 -8.547295090400000017e-01 -3.196221775460000192e+00
2.401000000000000079e-01 2.327105669329999904e-01 9.974104895169999888e-03 4.176767924800000031e-01 -8.393702889299999859e-01 -2.790798961890000207e+00
3.430000000000000271e-01 2.327105669329999904e-01 1.983136240359999886e-02 4.346733045100000248e-01 -8.108850712189999976e-01 -2.384315259330000103e+00
4.899999999999999911e-01 2.327105669329999904e-01 2.860988655250000165e-02 4.308487356160000115e-01 -7.972418787149999631e-01 -2.169150771239999997e+00
