# L 4
# phi -0.2618
# hz 0.3
#  hx	Delta_0	Delta_2pik	r	log_Delta_0	log_Delta_2pik
2.326305139869999997e-03 7.757018897749999586e-02 1.400255730299999962e-11 3.761312302959999854e-01 -1.358557456800000063e+00 -inf
3.323293056959999818e-03 7.757018897749999586e-02 1.139776517339999942e-10 3.755666653440000169e-01 -1.357938005210000076e+00 -inf
4.747561509939999917e-03 7.757018897749999586e-02 1.103160166229999972e-10 3.769004242199999744e-01 -1.356821440400000078e+00 -inf
6.782230728490000297e-03 7.757018897749999586e-02 2.420721461249999961e-09 3.763729204849999843e-01 -1.356718075469999896e+00 -1.027255604139999967e+01
9.688901040700000425e-03 7.757018897749999586e-02 4.403270477729999991e-09 3.770360271170000166e-01 -1.356265261729999949e+00 -9.742338494140000194e+00
1.384128720100000036e-02 7.757018897749999586e-02 1.988806494150000039e-08 3.778939046600000018e-01 -1.353365750760000097e+00 -9.113615094280000051e+00
1.977326743000000150e-02 7.757018897749999586e-02 3.196180800950000086e-08 3.791162782279999810e-01 -1.355603258779999987e+00 -8.547509318599999517e+00
2.824752490000000116e-02 7.757018897749999586e-02 3.322323530490000256e-07 3.841339498399999886e-01 -1.343263304279999959e+00 -7.887975105999999847e+00
4.035360699999999967e-02 7.757018897749999586e-02 4.755230250599999764e-07 3.856390592830000186e-01 -1.337944451979999894e+00 -7.278412591160000389e+00
5.764800999999999953e-02 7.757018897749999586e-02 3.387804163430000036e-06 3.825873633840000121e-01 -1.332482070840000032e+00 -6.697996554879999564e+00
8.235430000000000528e-02 7.757018897749999586e-02 1.141983182699999985e-05 3.880214976229999779e-01 -1.321893764969999996e+00 -6.090377581880000335e+00
1.176490000000000036e-01 7.757018897749999586e-02 3.432951665520000278e-05 3.887913377039999840e-01 -1.320874439260000033e+00 -5.454028179949999888e+00
1.680699999999999972e-01 7.757018897749999586e-02 1.258488929440000105e-04 3.983256148329999968e-01 -1.314099976949999915e+00 -4.789999329799999650e+00
2.401000000000000079e-01 7.757018897749999586e-02 3.618058678150000190e-04 4.222304065959999742e-01 -1.291499773480000002e+00 -4.265745228230000130e+00
3.430000000000000271e-01 7.757018897749999586e-02 1.322851210260000054e-03 4.087643791930000159e-01 -1.289532883759999971e+00 -3.747242980229999798e+00
4.899999999999999911e-01 7.757018897749999586e-02 4.454078338139999711e-03 4.303806747360000018e-01 -1.271038902999999998e+00 -3.039126775210000186e+00
