# L 3
# phi 0.0873
# hz 0.3
#  hx	Delta_0	Delta_2pik	r	log_Delta_0	log_Delta_2pik
2.326305139869999997e-03 2.327105669329999904e-01 1.845744085540000065e-08 3.947424532339999792e-01 -8.988706379159999704e-01 -8.833524913410000678e+00
3.323293056959999818e-03 2.327105669329999904e-01 6.487402622299999600e-08 3.928327974540000156e-01 -8.990853571660000210e-01 -8.233667321000000427e+00
4.747561509939999917e-03 2.327105669329999904e-01 1.549176200789999928e-07 3.931931049360000152e-01 -8.983121859489999750e-01 -7.915841148790000226e+00
6.782230728490000297e-03 2.327105669329999904e-01 5.244747035889999747e-07 3.956821260210000024e-01 -8.970505868389999637e-01 -7.369305366499999899e+00
9.688901040700000425e-03 2.327105669329999904e-01 1.332625495870000039e-06 3.945304620010000041e-01 -8.977280060350000257e-01 -6.938344092130000362e+00
1.384128720100000036e-02 2.327105669329999904e-01 4.476895096789999961e-06 3.970253965550000208e-01 -8.942976877760000498e-01 -6.404042909080000179e+00
1.977326743000000150e-02 2.327105669329999904e-01 1.491561542349999985e-05 3.974457767089999982e-01 -8.885948257019999907e-01 -5.950298793400000008e+00
2.824752490000000116e-02 2.327105669329999904e-01 3.449603744890000220e-05 4.000635033539999830e-01 -8.860401863090000552e-01 -5.512356744599999914e+00
4.035360699999999967e-02 2.327105669329999904e-01 8.525656634630000136e-05 4.024846108019999869e-01 -8.794260373700000244e-01 -5.007915790110000209e+00
5.764800999999999953e-02 2.327105669329999904e-01 3.122133884089999911e-04 4.031493068779999911e-01 -8.707395886009999808e-01 -4.545433988420000126e+00
8.235430000000000528e-02 2.327105669329999904e-01 7.501955998349999714e-04 4.067333449500000198e-01 -8.609682985390000320e-01 -4.163882615800000409e+00
1.176490000000000036e-01 2.327105669329999904e-01 1.904818929380000005e-03 4.198381097569999776e-01 -8.578246988290000319e-01 -3.643737597159999897e+00
1.680699999999999972e-01 2.327105669329999904e-01 5.248755990259999782e-03 4.143267444800000088e-01 -8.487258381259999984e-01 -3.223694997439999987e+00
2.401000000000000079e-01 2.327105669329999904e-01 1.082881699839999962e-02 4.062937820790000210e-01 -8.412984046799999449e-01 -2.696436265630000051e+00
3.430000000000000271e-01 2.327105669329999904e-01 1.960602737840000040e-02 4.054606769740000116e-01 -8.150323476240000087e-01 -2.406361953779999840e+00
4.899999999999999911e-01 2.327105669329999904e-01 3.292235448940000059e-02 4.224447749760000259e-01 -7.901566769469999807e-01 -2.067137118199999790e+00
