# L 4
# phi 0.3491
# hz 0.3
#  hx	Delta_0	Delta_2pik	r	log_Delta_0	log_Delta_2pik
2.326305139869999997e-03 7.757018897749999586e-02 6.014059812570000377e-12 3.754838979230000207e-01 -1.343282787009999923e+00 -inf
3.323293056959999818e-03 7.757018897749999586e-02 1.599257587810000085e-11 3.753595909590000113e-01 -1.343436709409999930e+00 -inf
4.747561509939999917e-03 7.757018897749999586e-02 8.474091815089999644e-11 3.760743252129999936e-01 -1.342390086680000039e+00 -1.113063773170000026e+01
6.782230728490000297e-03 7.757018897749999586e-02 6.824189590369999769e-10 3.784464962060000159e-01 -1.338433082469999924e+00 -1.057480273180000019e+01
9.688901040700000425e-03 7.757018897749999586e-02 1.446875873980000071e-09 3.774776362250000239e-01 -1.341958974309999997e+00 -9.893856438260000274e+00
1.384128720100000036e-02 7.757018897749999586e-02 8.618315665290000523e-09 3.806216897920000064e-01 -1.339074607149999929e+00 -9.285777186389999827e+00
1.977326743000000150e-02 7.757018897749999586e-02 1.463927176440000085e-07 3.829105800100000012e-01 -1.335804904900000034e+00 -8.716134234689999261e+00
2.824752490000000116e-02 7.757018897749999586e-02 1.769166873949999958e-07 3.839099502650000217e-01 -1.335117723069999984e+00 -8.014342331779999995e+00
4.035360699999999967e-02 7.757018897749999586e-02 4.376696730660000190e-07 3.901166860379999823e-01 -1.332088109989999936e+00 -inf
5.764800999999999953e-02 7.757018897749999586e-02 1.710895021960000082e-06 3.883131364719999978e-01 -1.329501576079999969e+00 -6.751024642480000004e+00
8.235430000000000528e-02 7.757018897749999586e-02 1.124379189660000009e-05 3.895466036240000096e-01 -1.322854249079999933e+00 -6.221362176170000424e+00
1.176490000000000036e-01 7.757018897749999586e-02 2.258190075760000155e-05 3.825875413829999960e-01 -1.328138395579999909e+00 -5.636476266419999881e+00
1.680699999999999972e-01 7.757018897749999586e-02 9.644020659780000275e-05 4.021996808730000095e-01 -1.309287081379999940e+00 -4.973393241620000182e+00
2.401000000000000079e-01 7.757018897749999586e-02 3.653447397350000113e-04 4.095675813440000090e-01 -1.301342206369999976e+00 -4.322287505490000292e+00
3.430000000000000271e-01 7.757018897749999586e-02 1.128718635719999988e-03 4.085254997830000123e-01 -1.293073754849999979e+00 -3.656475695640000190e+00
4.899999999999999911e-01 7.757018897749999586e-02 3.264594521029999964e-03 4.269600683929999918e-01 -1.280442521189999905e+00 -3.314617982680000186e+00
