# L 2
# phi -0.0125
# hz 0.3
#  hx	Delta_0	Delta_2pik	r	log_Delta_0	log_Delta_2pik
2.326305139869999997e-03 6.981317007980000211e-01 3.845715346679999931e-05 1.598999177429999974e-01 -5.985935400370000492e-01 -5.855572141129999686e+00
3.323293056959999818e-03 6.981317007980000211e-01 9.443545222549999392e-05 1.604009915690000065e-01 -5.979453571120000310e-01 -5.504087105570000027e+00
4.747561509939999917e-03 6.981317007980000211e-01 1.427787667500000066e-04 1.604869601420000069e-01 -5.970924594980000499e-01 -5.257127604409999932e+00
6.782230728490000297e-03 6.981317007980000211e-01 3.466932285540000216e-04 1.621232396360000050e-01 -5.938000700029999468e-01 -4.894570169159999651e+00
9.688901040700000425e-03 6.981317007980000211e-01 6.299949307879999924e-04 1.635070241219999942e-01 -5.898192362769999475e-01 -4.583048843980000342e+00
1.384128720100000036e-02 6.981317007980000211e-01 1.103252392000000047e-03 1.669750602800000039e-01 -5.820900181839999687e-01 -4.327633053079999570e+00
1.977326743000000150e-02 6.981317007980000211e-01 2.049214706550000088e-03 1.716433542880000107e-01 -5.676435511209999563e-01 -4.000929946620000344e+00
2.824752490000000116e-02 6.981317007980000211e-01 3.632475938050000117e-03 1.810491020059999956e-01 -5.434426220610000247e-01 -3.745740079599999994e+00
4.035360699999999967e-02 6.981317007980000211e-01 6.228534951889999963e-03 1.999109693879999872e-01 -5.164738502479999660e-01 -3.331092338519999974e+00
5.764800999999999953e-02 6.981317007980000211e-01 8.207560839899999405e-03 2.153961370069999992e-01 -4.969293376550000252e-01 -3.165986869460000186e+00
8.235430000000000528e-02 6.981317007980000211e-01 1.094495968399999963e-02 2.372646758939999934e-01 -4.660825800519999840e-01 -2.964769031529999932e+00
1.176490000000000036e-01 6.981317007980000211e-01 1.829573070809999841e-02 2.692385251950000224e-01 -4.287230807090000040e-01 -2.611954248169999993e+00
1.680699999999999972e-01 6.981317007980000211e-01 2.683285054580000079e-02 2.990994431849999802e-01 -3.997219990349999974e-01 -2.355655237180000139e+00
2.401000000000000079e-01 6.981317007980000211e-01 3.756136921409999885e-02 3.054762124259999823e-01 -3.752749802990000272e-01 -2.123905481149999996e+00
3.430000000000000271e-01 6.981317007980000211e-01 4.544140457760000029e-02 3.485581480959999978e-01 -3.297777777879999928e-01 -2.036831035480000107e+00
4.899999999999999911e-01 6.981317007980000211e-01 7.187988767750000396e-02 3.793670011249999918e-01 -3.131931757149999940e-01 -1.812931465919999985e+00
