# L 3
# phi -0.0374
# hz 0.3
#  hx	Delta_0	Delta_2pik	r	log_Delta_0	log_Delta_2pik
2.326305139869999997e-03 2.327105669329999904e-01 8.006300169010000054e-08 3.524292474099999795e-01 -9.811356529329999798e-01 -8.400665411789999482e+00
3.323293056959999818e-03 2.327105669329999904e-01 3.456555879089999907e-07 3.531841190580000123e-01 -9.778328214170000088e-01 -7.859980239659999590e+00
4.747561509939999917e-03 2.327105669329999904e-01 6.787018689149999918e-07 3.535275369729999895e-01 -9.771830164360000293e-01 -7.615006548590000257e+00
6.782230728490000297e-03 2.327105669329999904e-01 2.700910262269999806e-06 3.551118800379999829e-01 -9.752044368610000014e-01 -7.033725775059999741e+00
9.688901040700000425e-03 2.327105669329999904e-01 6.313199498639999934e-06 3.584864182270000033e-01 -9.720871621900000203e-01 -6.629454067530000216e+00
1.384128720100000036e-02 2.327105669329999904e-01 1.480035226419999999e-05 3.610181285019999908e-01 -9.682363986990000226e-01 -6.148602860129999570e+00
1.977326743000000150e-02 2.327105669329999904e-01 7.534534195999999392e-05 3.717362925739999824e-01 -9.615163722220000375e-01 -5.518199823839999851e+00
2.824752490000000116e-02 2.327105669329999904e-01 1.770489237879999968e-04 3.780008771760000053e-01 -9.568528595349999888e-01 -5.030418452940000229e+00
4.035360699999999967e-02 2.327105669329999904e-01 4.782736499719999752e-04 3.784867050330000260e-01 -9.545941181349999471e-01 -4.614746306149999810e+00
5.764800999999999953e-02 2.327105669329999904e-01 1.096770476569999993e-03 3.902339606660000237e-01 -9.406672597409999614e-01 -4.176954119010000355e+00
8.235430000000000528e-02 2.327105669329999904e-01 3.043318852059999965e-03 3.841874860530000158e-01 -9.323090424829999501e-01 -3.676615654019999901e+00
1.176490000000000036e-01 2.327105669329999904e-01 5.915911803999999649e-03 4.045529660239999825e-01 -9.086526090190000238e-01 -3.298293491969999991e+00
1.680699999999999972e-01 2.327105669329999904e-01 9.251980395329999565e-03 4.015531465539999845e-01 -8.901220891709999972e-01 -3.062342952229999860e+00
2.401000000000000079e-01 2.327105669329999904e-01 1.542457314969999937e-02 4.039035963270000140e-01 -8.744005099770000289e-01 -2.559972218520000009e+00
3.430000000000000271e-01 2.327105669329999904e-01 2.502092856880000146e-02 4.273519381240000192e-01 -8.239409665529999760e-01 -2.243242058229999891e+00
4.899999999999999911e-01 2.327105669329999904e-01 3.337815359179999858e-02 4.285299645039999938e-01 -8.017812283670000539e-01 -2.092877289850000100e+00
