# L 5
# phi -0.0623
# hz 0.3
#  hx	Delta_0	Delta_2pik	r	log_Delta_0	log_Delta_2pik
2.326305139869999997e-03 2.585672965919999858e-02 7.323505496600000098e-13 3.783111420260000246e-01 -1.875358407770000069e+00 -inf
3.323293056959999818e-03 2.585672965919999858e-02 3.444851171580000028e-12 3.819183990580000132e-01 -1.872414258719999891e+00 -inf
4.747561509939999917e-03 2.585672965919999858e-02 3.247049572059999992e-11 3.830499986920000155e-01 -1.870910544750000071e+00 -inf
6.782230728490000297e-03 2.585672965919999858e-02 1.534409427870000072e-10 3.858311942000000050e-01 -1.868691557220000021e+00 -inf
9.688901040700000425e-03 2.585672965919999858e-02 7.248715675989999777e-10 3.824042879380000204e-01 -1.870241878439999894e+00 -inf
1.384128720100000036e-02 2.585672965919999858e-02 5.253818549139999665e-09 3.833727681970000023e-01 -1.870048557010000057e+00 -inf
1.977326743000000150e-02 2.585672965919999858e-02 2.190299406820000163e-08 3.887057292439999867e-01 -1.864282290210000026e+00 -inf
2.824752490000000116e-02 2.585672965919999858e-02 1.270196124430000088e-07 3.872103013000000038e-01 -1.862406203019999928e+00 -8.392931114550000515e+00
4.035360699999999967e-02 2.585672965919999858e-02 1.258290740199999895e-06 3.838507510840000192e-01 -1.863340914569999951e+00 -7.334243855959999614e+00
5.764800999999999953e-02 2.585672965919999858e-02 4.831094070579999971e-06 3.885645157470000166e-01 -1.851400947099999916e+00 -6.797025655789999732e+00
8.235430000000000528e-02 2.585672965919999858e-02 3.782626229009999907e-05 3.932876654090000090e-01 -1.842727074739999971e+00 -5.825649790519999982e+00
1.176490000000000036e-01 2.585672965919999858e-02 1.303436716009999873e-04 4.044227612199999822e-01 -1.832624716069999993e+00 -5.110682459839999581e+00
1.680699999999999972e-01 2.585672965919999858e-02 6.605767861810000335e-04 4.048946190050000116e-01 -1.821392023120000037e+00 -4.572828106010000226e+00
2.401000000000000079e-01 2.585672965919999858e-02 1.637733473069999997e-03 4.191392207810000214e-01 -1.798190120099999900e+00 -3.899038023990000212e+00
3.430000000000000271e-01 2.585672965919999858e-02 4.655718889400000358e-03 4.329766364200000051e-01 -1.776384556820000071e+00 -3.141198584290000095e+00
4.899999999999999911e-01 2.585672965919999858e-02 7.564996767719999599e-03 4.543527706209999906e-01 -1.743125670069999966e+00 -2.739469330229999944e+00
