# L 2
# phi -0.1745
# hz 0.3
#  hx	Delta_0	Delta_2pik	r	log_Delta_0	log_Delta_2pik
2.326305139869999997e-03 6.981317007980000211e-01 3.789482554630000153e-06 4.079075591179999738e-01 -2.930975020209999893e-01 -6.294963589770000034e+00
3.323293056959999818e-03 6.981317007980000211e-01 6.317302193950000254e-06 4.079111029020000001e-01 -2.930977169710000108e-01 -6.149082008029999713e+00
4.747561509939999917e-03 6.981317007980000211e-01 1.527594568940000090e-05 4.079123527910000213e-01 -2.930504008859999843e-01 -5.690105179439999716e+00
6.782230728490000297e-03 6.981317007980000211e-01 3.036436938840000082e-05 4.079275423650000065e-01 -2.930042375570000024e-01 -5.412631199989999864e+00
9.688901040700000425e-03 6.981317007980000211e-01 6.225163141269999525e-05 4.079678362260000246e-01 -2.928551656380000145e-01 -5.094005996960000004e+00
1.384128720100000036e-02 6.981317007980000211e-01 1.137083754749999988e-04 4.079964808909999907e-01 -2.927374635439999873e-01 -4.841721430739999832e+00
1.977326743000000150e-02 6.981317007980000211e-01 3.038716342380000011e-04 4.081856260219999810e-01 -2.921919442350000007e-01 -4.347032606159999979e+00
2.824752490000000116e-02 6.981317007980000211e-01 4.467420294269999802e-04 4.083630871200000234e-01 -2.921707343450000161e-01 -4.193367165359999760e+00
4.035360699999999967e-02 6.981317007980000211e-01 1.087433575250000041e-03 4.087448413490000210e-01 -2.901645767450000135e-01 -3.786967530020000083e+00
5.764800999999999953e-02 6.981317007980000211e-01 1.925385515290000066e-03 4.090902559430000252e-01 -2.903080007659999962e-01 -3.512752798669999788e+00
8.235430000000000528e-02 6.981317007980000211e-01 4.063652490409999998e-03 4.102152858440000216e-01 -2.871383667960000219e-01 -3.237866633129999894e+00
1.176490000000000036e-01 6.981317007980000211e-01 7.320017081400000299e-03 4.126031270850000210e-01 -2.857141032020000249e-01 -2.928599662929999958e+00
1.680699999999999972e-01 6.981317007980000211e-01 1.217034676359999949e-02 4.166532280049999870e-01 -2.804448237239999808e-01 -2.704155514320000009e+00
2.401000000000000079e-01 6.981317007980000211e-01 2.362011298599999906e-02 4.259605561820000164e-01 -2.696705392220000164e-01 -2.306967145339999803e+00
3.430000000000000271e-01 6.981317007980000211e-01 3.956729449469999910e-02 4.392421933199999740e-01 -2.565107857949999737e-01 -2.110431619689999927e+00
4.899999999999999911e-01 6.981317007980000211e-01 8.567036388380000478e-02 4.758169565629999931e-01 -2.521929473380000175e-01 -1.643712245899999980e+00
