# L 5
# phi 0.3491
# hz 0.3
#  hx	Delta_0	Delta_2pik	r	log_Delta_0	log_Delta_2pik
2.326305139869999997e-03 2.585672965919999858e-02 8.851081733109999643e-15 3.673558233690000230e-01 -1.840315214609999916e+00 -inf
3.323293056959999818e-03 2.585672965919999858e-02 4.411770445990000298e-14 3.671317009619999849e-01 -1.839609442380000015e+00 -inf
4.747561509939999917e-03 2.585672965919999858e-02 3.596967442690000063e-13 3.695112640309999863e-01 -1.837443707500000079e+00 -inf
6.782230728490000297e-03 2.585672965919999858e-02 2.141644520619999833e-12 3.704849098049999845e-01 -1.835906999150000107e+00 -inf
9.688901040700000425e-03 2.585672965919999858e-02 1.336840719509999973e-11 3.714192618209999908e-01 -1.836626979919999902e+00 -inf
1.384128720100000036e-02 2.585672965919999858e-02 1.737600623419999954e-10 3.737050018479999847e-01 -1.839173132980000069e+00 -inf
1.977326743000000150e-02 2.585672965919999858e-02 3.844363089049999880e-10 3.706340529100000114e-01 -1.839759750310000053e+00 -inf
2.824752490000000116e-02 2.585672965919999858e-02 8.898605943359999637e-09 3.738167868219999801e-01 -1.834631926819999981e+00 -inf
4.035360699999999967e-02 2.585672965919999858e-02 3.789841888500000187e-08 3.768576454399999998e-01 -1.832915832549999902e+00 -9.021591813660000625e+00
5.764800999999999953e-02 2.585672965919999858e-02 4.247965658609999770e-08 3.801938486559999775e-01 -1.822679818519999939e+00 -8.478581499680000633e+00
8.235430000000000528e-02 2.585672965919999858e-02 5.381506872479999596e-07 3.816786727070000107e-01 -1.826324939340000064e+00 -7.688486878239999989e+00
