# L 3
# phi 0.2618
# hz 0.3
#  hx	Delta_0	Delta_2pik	r	log_Delta_0	log_Delta_2pik
2.326305139869999997e-03 2.327105669329999904e-01 4.167267778919999759e-09 3.675114690779999749e-01 -8.470129727709999612e-01 -9.341684472029999853e+00
3.323293056959999818e-03 2.327105669329999904e-01 8.417908076930000703e-09 3.676343286830000001e-01 -8.465200152299999781e-01 -8.866722291540000356e+00
4.747561509939999917e-03 2.327105669329999904e-01 2.762306375389999932e-08 3.676275692570000198e-01 -8.466776330649999904e-01 -8.418662175410000614e+00
6.782230728490000297e-03 2.327105669329999904e-01 1.031904700139999960e-07 3.677279061090000245e-01 -8.450859348610000321e-01 -7.908018015629999731e+00
9.688901040700000425e-03 2.327105669329999904e-01 2.317178088500000002e-07 3.681485502999999881e-01 -8.455422180839999857e-01 -7.418124175970000067e+00
1.384128720100000036e-02 2.327105669329999904e-01 7.715248507430000233e-07 3.689190005010000162e-01 -8.439548649029999794e-01 -7.006483799279999758e+00
1.977326743000000150e-02 2.327105669329999904e-01 2.369003602959999866e-06 3.690012600989999725e-01 -8.424537673230000356e-01 -6.508492594139999809e+00
2.824752490000000116e-02 2.327105669329999904e-01 6.944685488869999883e-06 3.717878145349999830e-01 -8.388638722469999864e-01 -5.976992195460000268e+00
4.035360699999999967e-02 2.327105669329999904e-01 1.701695312479999941e-05 3.730864038100000224e-01 -8.370612641739999527e-01 -5.545134299619999929e+00
5.764800999999999953e-02 2.327105669329999904e-01 4.504604412179999954e-05 3.777190947040000024e-01 -8.308948514980000200e-01 -5.192183961639999623e+00
8.235430000000000528e-02 2.327105669329999904e-01 1.144147252989999970e-04 3.836509141430000103e-01 -8.293385891279999589e-01 -4.648679736860000133e+00
1.176490000000000036e-01 2.327105669329999904e-01 4.862898256850000192e-04 3.886754600039999952e-01 -8.265269916730000332e-01 -4.091359396639999702e+00
1.680699999999999972e-01 2.327105669329999904e-01 1.222597393859999916e-03 3.805475188369999984e-01 -8.229630912319999547e-01 -3.667070904080000027e+00
2.401000000000000079e-01 2.327105669329999904e-01 3.272052113729999930e-03 3.989186491210000018e-01 -8.176820350390000547e-01 -3.273723614550000161e+00
3.430000000000000271e-01 2.327105669329999904e-01 5.811664633950000373e-03 4.013689944759999961e-01 -8.022789665149999694e-01 -2.983599933979999896e+00
4.899999999999999911e-01 2.327105669329999904e-01 1.508056019630000036e-02 4.139213685729999925e-01 -7.920185947940000526e-01 -2.537260416610000124e+00
