# L 4
# phi 0.0125
# hz 0.3
#  hx	Delta_0	Delta_2pik	r	log_Delta_0	log_Delta_2pik
2.326305139869999997e-03 7.757018897749999586e-02 2.335510223909999956e-08 3.327150176659999792e-01 -1.616508299209999944e+00 -inf
3.323293056959999818e-03 7.757018897749999586e-02 6.591443439349999819e-08 3.359901378280000239e-01 -1.615888532680000100e+00 -inf
4.747561509939999917e-03 7.757018897749999586e-02 2.972858043059999792e-07 3.415513649929999840e-01 -1.606972266859999943e+00 -inf
6.782230728490000297e-03 7.757018897749999586e-02 1.263511171549999909e-06 3.543416699529999825e-01 -1.594742261269999961e+00 -8.073798444690000409e+00
9.688901040700000425e-03 7.757018897749999586e-02 4.548059121030000177e-06 3.627280082589999788e-01 -1.588304728240000019e+00 -7.462290973490000034e+00
1.384128720100000036e-02 7.757018897749999586e-02 1.442975711049999927e-05 3.717234749459999987e-01 -1.577992071379999972e+00 -6.963301292739999759e+00
1.977326743000000150e-02 7.757018897749999586e-02 7.510420936000000345e-05 3.807826204950000015e-01 -1.565890747300000108e+00 -6.251172087969999680e+00
2.824752490000000116e-02 7.757018897749999586e-02 2.089873250140000035e-04 3.935879734689999854e-01 -1.544558129029999893e+00 -5.509790942499999566e+00
4.035360699999999967e-02 7.757018897749999586e-02 5.464447032030000494e-04 3.960663094960000241e-01 -1.524592166309999941e+00 -5.009899546039999763e+00
5.764800999999999953e-02 7.757018897749999586e-02 9.194210152830000361e-04 4.086419906679999992e-01 -1.493792086430000055e+00 -4.581514654520000285e+00
8.235430000000000528e-02 7.757018897749999586e-02 1.885593675960000075e-03 4.184814761749999779e-01 -1.454311964209999974e+00 -4.128189741039999916e+00
1.176490000000000036e-01 7.757018897749999586e-02 3.219726068669999820e-03 4.396345216879999906e-01 -1.406190698519999893e+00 -3.619754901019999860e+00
1.680699999999999972e-01 7.757018897749999586e-02 4.996003559929999664e-03 4.349085940829999775e-01 -1.384381688329999971e+00 -3.281038532510000216e+00
2.401000000000000079e-01 7.757018897749999586e-02 8.622827828329999653e-03 4.302182088190000253e-01 -1.348387131840000031e+00 -2.855419905669999814e+00
3.430000000000000271e-01 7.757018897749999586e-02 1.375212503210000020e-02 4.313988471979999795e-01 -1.312847963909999915e+00 -2.509596003149999977e+00
4.899999999999999911e-01 7.757018897749999586e-02 1.866469566530000110e-02 4.431299364479999725e-01 -1.287570091739999922e+00 -2.313937515710000170e+00
