# L 3
# phi -0.0249
# hz 0.3
#  hx	Delta_0	Delta_2pik	r	log_Delta_0	log_Delta_2pik
2.326305139869999997e-03 2.327105669329999904e-01 2.513375570620000107e-07 3.130112898629999751e-01 -1.080951793159999896e+00 -8.080745463590000455e+00
3.323293056959999818e-03 2.327105669329999904e-01 6.136997763629999708e-07 3.131256371139999883e-01 -1.081122243830000107e+00 -7.614197615820000209e+00
4.747561509939999917e-03 2.327105669329999904e-01 1.595586878360000080e-06 3.160462174879999919e-01 -1.079587940189999928e+00 -7.252468851119999727e+00
6.782230728490000297e-03 2.327105669329999904e-01 4.924218727150000289e-06 3.167995432699999836e-01 -1.076572669119999937e+00 -6.799146145439999955e+00
9.688901040700000425e-03 2.327105669329999904e-01 1.509486467159999955e-05 3.202067029910000140e-01 -1.072053240620000070e+00 -6.278699937219999860e+00
1.384128720100000036e-02 2.327105669329999904e-01 4.597817682969999756e-05 3.308233893549999971e-01 -1.065871196060000026e+00 -5.858541761159999695e+00
1.977326743000000150e-02 2.327105669329999904e-01 1.355038098720000089e-04 3.380957818890000244e-01 -1.059725089230000084e+00 -5.373527144489999685e+00
2.824752490000000116e-02 2.327105669329999904e-01 3.326447085530000137e-04 3.475151214730000104e-01 -1.045975194059999946e+00 -4.865909735319999818e+00
4.035360699999999967e-02 2.327105669329999904e-01 7.442821046129999849e-04 3.557085679950000023e-01 -1.034486160349999961e+00 -4.413249378929999800e+00
5.764800999999999953e-02 2.327105669329999904e-01 1.710893481239999896e-03 3.641319606349999738e-01 -1.016260850859999953e+00 -4.111772769989999965e+00
8.235430000000000528e-02 2.327105669329999904e-01 4.517700656029999783e-03 3.571263056019999826e-01 -9.978282605349999557e-01 -3.581891751280000147e+00
1.176490000000000036e-01 2.327105669329999904e-01 6.280085834990000240e-03 3.920316889409999894e-01 -9.519236786200000466e-01 -3.229866846509999778e+00
1.680699999999999972e-01 2.327105669329999904e-01 1.101361570259999992e-02 3.909821156839999867e-01 -9.325726233259999942e-01 -2.847874474290000180e+00
2.401000000000000079e-01 2.327105669329999904e-01 1.770747921229999869e-02 3.985856292880000096e-01 -8.857078972990000132e-01 -2.513904998470000152e+00
3.430000000000000271e-01 2.327105669329999904e-01 2.366663377720000169e-02 4.175833916780000155e-01 -8.333318211960000221e-01 -2.336019488939999889e+00
4.899999999999999911e-01 2.327105669329999904e-01 3.536018753209999727e-02 4.179763851639999861e-01 -8.248369859690000139e-01 -2.090934463660000020e+00
