# L 5
# phi 0.0000
# hz 0.3
#  hx	Delta_0	Delta_2pik	r	log_Delta_0	log_Delta_2pik
2.326305139869999997e-03 2.585672965919999858e-02 2.304307941070000003e-05 2.206815133260000006e-01 -3.141398497840000026e+00 -inf
3.323293056959999818e-03 2.585672965919999858e-02 3.392630845920000248e-05 2.279555199630000084e-01 -3.012011278690000182e+00 -inf
4.747561509939999917e-03 2.585672965919999858e-02 5.774261598549999754e-05 2.437944722020000121e-01 -2.853001086719999968e+00 -inf
6.782230728490000297e-03 2.585672965919999858e-02 7.157337788510000239e-05 2.459463937170000003e-01 -2.756492851510000008e+00 -inf
9.688901040700000425e-03 2.585672965919999858e-02 1.014489229080000043e-04 2.476696865349999888e-01 -2.634477674729999830e+00 -6.439581369669999944e+00
1.384128720100000036e-02 2.585672965919999858e-02 1.403383237210000087e-04 2.601514985130000124e-01 -2.501399179019999863e+00 -inf
1.977326743000000150e-02 2.585672965919999858e-02 2.507554680290000168e-04 2.738969788160000030e-01 -2.394166624819999978e+00 -5.690657286309999563e+00
2.824752490000000116e-02 2.585672965919999858e-02 3.408584688280000036e-04 2.931952986060000210e-01 -2.292368037130000147e+00 -5.364847445749999721e+00
4.035360699999999967e-02 2.585672965919999858e-02 5.728929921949999643e-04 3.148058627249999963e-01 -2.171473543889999913e+00 -4.865397606890000226e+00
5.764800999999999953e-02 2.585672965919999858e-02 7.284998174219999532e-04 3.278143824220000058e-01 -2.121059809420000164e+00 -4.733817751850000199e+00
8.235430000000000528e-02 2.585672965919999858e-02 1.276805833170000003e-03 3.491301547199999744e-01 -2.032218782180000183e+00 -4.232444794750000128e+00
1.176490000000000036e-01 2.585672965919999858e-02 2.303289461200000096e-03 3.810406616020000081e-01 -1.933209791029999902e+00 -3.662839989820000142e+00
1.680699999999999972e-01 2.585672965919999858e-02 2.722649532689999912e-03 3.857433541499999952e-01 -1.908562443389999919e+00 -3.535405354389999921e+00
2.401000000000000079e-01 2.585672965919999858e-02 4.552810818949999845e-03 4.001504697719999726e-01 -1.858812656850000078e+00 -3.107690990750000104e+00
3.430000000000000271e-01 2.585672965919999858e-02 7.101914046680000113e-03 4.171946683700000214e-01 -1.809346020240000019e+00 -2.740267873490000117e+00
4.899999999999999911e-01 2.585672965919999858e-02 8.933176595340000525e-03 4.307360613840000019e-01 -1.784102672459999983e+00 -2.539249610560000203e+00
# L 5
# phi -0.0000
# hz 0.3
#  hx	Delta_0	Delta_2pik	r	log_Delta_0	log_Delta_2pik
2.326305139869999997e-03 2.585672965919999858e-02 2.474649361259999945e-05 2.251220777579999999e-01 -3.090520197910000100e+00 -inf
3.323293056959999818e-03 2.585672965919999858e-02 3.973463968969999664e-05 2.402986840549999892e-01 -2.950873304559999966e+00 -inf
4.747561509939999917e-03 2.585672965919999858e-02 5.018437602079999974e-05 2.275641507770000127e-01 -2.836481418730000037e+00 -inf
6.782230728490000297e-03 2.585672965919999858e-02 8.060739422110000090e-05 2.472803747260000073e-01 -2.715336299730000125e+00 -inf
9.688901040700000425e-03 2.585672965919999858e-02 1.178641994449999934e-04 2.553469204869999731e-01 -2.583405602110000032e+00 -6.431380347330000191e+00
1.384128720100000036e-02 2.585672965919999858e-02 1.577112031610000079e-04 2.672520797590000052e-01 -2.462134604080000067e+00 -6.027669779200000022e+00
1.977326743000000150e-02 2.585672965919999858e-02 2.615850898910000223e-04 2.784459139000000083e-01 -2.370527463280000191e+00 -inf
2.824752490000000116e-02 2.585672965919999858e-02 3.337849601920000217e-04 2.891670178640000088e-01 -2.275491079920000104e+00 -5.403358293170000159e+00
4.035360699999999967e-02 2.585672965919999858e-02 4.677913760660000171e-04 2.983517779229999944e-01 -2.176095653740000024e+00 -4.996501594419999748e+00
5.764800999999999953e-02 2.585672965919999858e-02 8.967579001170000123e-04 3.358190081929999793e-01 -2.075727462120000144e+00 -4.494813280359999830e+00
8.235430000000000528e-02 2.585672965919999858e-02 1.326524179770000034e-03 3.537430209610000209e-01 -1.996517316410000076e+00 -4.151006017470000309e+00
1.176490000000000036e-01 2.585672965919999858e-02 2.062016355249999839e-03 3.714347844249999975e-01 -1.946736508200000104e+00 -3.802846188450000220e+00
1.680699999999999972e-01 2.585672965919999858e-02 3.043369684679999958e-03 3.954736333539999871e-01 -1.877506333829999985e+00 -3.383024029870000060e+00
2.401000000000000079e-01 2.585672965919999858e-02 4.926267142030000407e-03 4.067768286680000234e-01 -1.847901820049999921e+00 -3.047752789610000068e+00
3.430000000000000271e-01 2.585672965919999858e-02 6.924402963689999836e-03 4.219650786929999842e-01 -1.805618618320000035e+00 -2.800521820130000172e+00
4.899999999999999911e-01 2.585672965919999858e-02 9.729614706769999441e-03 4.381898985120000201e-01 -1.767922834159999956e+00 -2.498211627709999938e+00
# L 5
# phi -0.0000
# hz 0.3
#  hx	Delta_0	Delta_2pik	r	log_Delta_0	log_Delta_2pik
2.326305139869999997e-03 2.585672965919999858e-02 2.576397044319999864e-05 2.220297777159999930e-01 -3.087852160450000216e+00 -inf
3.323293056959999818e-03 2.585672965919999858e-02 3.464273965299999926e-05 2.150829922820000073e-01 -2.992799907709999818e+00 -inf
4.747561509939999917e-03 2.585672965919999858e-02 5.086957843730000170e-05 2.258993561750000101e-01 -2.860573911519999957e+00 -inf
6.782230728490000297e-03 2.585672965919999858e-02 6.275735132250000452e-05 2.304150917489999895e-01 -2.735325250239999839e+00 -inf
9.688901040700000425e-03 2.585672965919999858e-02 1.175818045059999972e-04 2.536755248409999774e-01 -2.566835178259999850e+00 -inf
1.384128720100000036e-02 2.585672965919999858e-02 1.721117440940000043e-04 2.649988440259999911e-01 -2.464178653279999853e+00 -6.024060331750000330e+00
1.977326743000000150e-02 2.585672965919999858e-02 2.094404574490000127e-04 2.747666514009999839e-01 -2.370808870619999897e+00 -inf
2.824752490000000116e-02 2.585672965919999858e-02 3.745031207069999938e-04 3.001104407679999753e-01 -2.251012349599999851e+00 -5.343148458990000016e+00
4.035360699999999967e-02 2.585672965919999858e-02 5.441670592150000055e-04 3.111924690919999903e-01 -2.173526586089999935e+00 -inf
5.764800999999999953e-02 2.585672965919999858e-02 8.302181990339999734e-04 3.245311932880000083e-01 -2.091088926089999855e+00 -4.648313611799999912e+00
8.235430000000000528e-02 2.585672965919999858e-02 1.225088339220000008e-03 3.451611314829999833e-01 -2.002613762090000193e+00 -4.214338622789999711e+00
1.176490000000000036e-01 2.585672965919999858e-02 1.843465806970000015e-03 3.681988657959999744e-01 -1.946117008919999947e+00 -3.847590327199999827e+00
1.680699999999999972e-01 2.585672965919999858e-02 2.969240214440000206e-03 3.887028290019999832e-01 -1.891916699720000095e+00 -3.482668161459999912e+00
2.401000000000000079e-01 2.585672965919999858e-02 4.234255351619999747e-03 4.056942030680000255e-01 -1.847530666449999970e+00 -3.203640158059999798e+00
3.430000000000000271e-01 2.585672965919999858e-02 7.356843566280000385e-03 4.256293300160000070e-01 -1.797384366329999983e+00 -2.697562744579999894e+00
4.899999999999999911e-01 2.585672965919999858e-02 1.040699371330000046e-02 4.393262768219999836e-01 -1.771906077839999982e+00 -2.461439281600000140e+00
