# L 4
# phi -0.0125
# hz 0.3
#  hx	Delta_0	Delta_2pik	r	log_Delta_0	log_Delta_2pik
2.326305139869999997e-03 7.757018897749999586e-02 1.377611542879999947e-08 3.462066174810000119e-01 -1.607411649789999952e+00 -inf
3.323293056959999818e-03 7.757018897749999586e-02 5.679171417290000288e-08 3.482547891819999797e-01 -1.605273132920000068e+00 -9.453562491879999641e+00
4.747561509939999917e-03 7.757018897749999586e-02 3.275317257410000189e-07 3.526936212139999971e-01 -1.595608015260000068e+00 -8.665014827489999405e+00
6.782230728490000297e-03 7.757018897749999586e-02 9.695632040439999041e-07 3.607511763960000173e-01 -1.591892809850000035e+00 -8.077897930229999801e+00
9.688901040700000425e-03 7.757018897749999586e-02 5.130056889140000164e-06 3.727761297180000044e-01 -1.582200554699999984e+00 -7.394624782470000213e+00
1.384128720100000036e-02 7.757018897749999586e-02 1.737419463049999998e-05 3.836440557149999875e-01 -1.574651826600000026e+00 -6.869625803229999939e+00
1.977326743000000150e-02 7.757018897749999586e-02 8.743759456250000599e-05 3.918873597209999726e-01 -1.555267515789999999e+00 -6.123916162369999583e+00
2.824752490000000116e-02 7.757018897749999586e-02 1.826119167199999902e-04 3.871458160230000223e-01 -1.548909379879999992e+00 -5.809967772970000333e+00
4.035360699999999967e-02 7.757018897749999586e-02 4.084444574589999829e-04 4.082240541400000144e-01 -1.525588313329999890e+00 -5.122341678699999790e+00
5.764800999999999953e-02 7.757018897749999586e-02 1.003395018859999958e-03 4.046673828490000013e-01 -1.501025925059999988e+00 -4.577893164669999848e+00
8.235430000000000528e-02 7.757018897749999586e-02 1.842297295370000062e-03 4.169769814420000165e-01 -1.460378247520000006e+00 -4.072138319899999637e+00
1.176490000000000036e-01 7.757018897749999586e-02 3.155263520520000097e-03 4.259550519140000158e-01 -1.421495934309999987e+00 -3.636438386840000092e+00
1.680699999999999972e-01 7.757018897749999586e-02 4.668060350010000067e-03 4.175072172489999733e-01 -1.401730317099999956e+00 -3.323676793679999797e+00
2.401000000000000079e-01 7.757018897749999586e-02 8.935903208810000789e-03 4.357311311120000141e-01 -1.353943914700000084e+00 -2.809674664560000146e+00
3.430000000000000271e-01 7.757018897749999586e-02 1.248616229969999950e-02 4.316042472300000155e-01 -1.331214701770000008e+00 -2.522020556719999806e+00
4.899999999999999911e-01 7.757018897749999586e-02 1.815983135499999943e-02 4.432992206809999725e-01 -1.287093377459999965e+00 -2.285908210890000181e+00
