# L 5
# phi -0.1745
# hz 0.3
#  hx	Delta_0	Delta_2pik	r	log_Delta_0	log_Delta_2pik
2.326305139869999997e-03 2.585672965919999858e-02 1.444099526750000063e-14 3.882201140189999733e-01 -1.828071978669999931e+00 -inf
3.323293056959999818e-03 2.585672965919999858e-02 1.017172263200000018e-13 3.885453145130000063e-01 -1.827525614610000071e+00 -inf
4.747561509939999917e-03 2.585672965919999858e-02 7.484364294300000471e-13 3.891360156729999908e-01 -1.825863313689999989e+00 -inf
6.782230728490000297e-03 2.585672965919999858e-02 2.848785331999999928e-12 3.897906860729999923e-01 -1.825120015940000062e+00 -inf
9.688901040700000425e-03 2.585672965919999858e-02 1.453707184810000029e-11 3.913356657440000275e-01 -1.821546899699999944e+00 -inf
1.384128720100000036e-02 2.585672965919999858e-02 1.169639189160000121e-10 3.915890996229999810e-01 -1.819615865420000089e+00 -inf
1.977326743000000150e-02 2.585672965919999858e-02 7.797801835060000066e-10 3.895047625470000052e-01 -1.822488243260000029e+00 -inf
2.824752490000000116e-02 2.585672965919999858e-02 4.811009433210000160e-09 3.913274027790000220e-01 -1.818782251010000017e+00 -inf
4.035360699999999967e-02 2.585672965919999858e-02 3.818315386280000002e-08 3.944894463559999731e-01 -1.817409308900000076e+00 -8.600286418879999673e+00
5.764800999999999953e-02 2.585672965919999858e-02 2.232253232809999997e-07 3.954537125120000107e-01 -1.819800481749999976e+00 -7.835962942930000175e+00
8.235430000000000528e-02 2.585672965919999858e-02 1.029287744210000057e-06 3.873565761389999862e-01 -1.817592929729999973e+00 -7.231647356019999862e+00
1.176490000000000036e-01 2.585672965919999858e-02 8.949775362340000340e-06 3.985468377140000129e-01 -1.806724244590000028e+00 -6.268035054170000286e+00
1.680699999999999972e-01 2.585672965919999858e-02 2.803671214139999893e-05 4.055357998060000191e-01 -1.794707700340000045e+00 -5.554366240240000252e+00
2.401000000000000079e-01 2.585672965919999858e-02 1.899165754520000049e-04 4.081413974159999736e-01 -1.785942024169999920e+00 -4.744158753199999801e+00
3.430000000000000271e-01 2.585672965919999858e-02 7.498134509550000116e-04 4.122289194820000224e-01 -1.778843300759999968e+00 -4.005815876369999806e+00
4.899999999999999911e-01 2.585672965919999858e-02 2.352247847799999927e-03 4.334564278570000040e-01 -1.756399658599999913e+00 -3.441953904530000052e+00
