# L 5
# phi 0.0873
# hz 0.3
#  hx	Delta_0	Delta_2pik	r	log_Delta_0	log_Delta_2pik
2.326305139869999997e-03 2.585672965919999858e-02 4.075695245400000121e-13 3.868870437629999826e-01 -1.858022418260000030e+00 -inf
3.323293056959999818e-03 2.585672965919999858e-02 1.544634397530000087e-12 3.871984657829999898e-01 -1.857702021419999960e+00 -inf
4.747561509939999917e-03 2.585672965919999858e-02 7.998210470700000113e-12 3.871704911819999761e-01 -1.856503504650000025e+00 -inf
6.782230728490000297e-03 2.585672965919999858e-02 4.310875175799999839e-11 3.854968934640000122e-01 -1.856541702759999968e+00 -inf
9.688901040700000425e-03 2.585672965919999858e-02 2.163750010069999996e-10 3.885954895509999840e-01 -1.852806348829999950e+00 -inf
1.384128720100000036e-02 2.585672965919999858e-02 2.671912225210000080e-09 3.884678558670000004e-01 -1.852678805800000106e+00 -inf
1.977326743000000150e-02 2.585672965919999858e-02 1.447469916570000032e-08 3.837060848159999926e-01 -1.855804513859999894e+00 -9.402340191920000478e+00
2.824752490000000116e-02 2.585672965919999858e-02 8.153786434990000137e-08 3.906726476879999743e-01 -1.850323639450000002e+00 -8.659589705040000140e+00
4.035360699999999967e-02 2.585672965919999858e-02 3.040419886290000226e-07 3.988207530039999948e-01 -1.839806195690000035e+00 -7.876301504189999747e+00
5.764800999999999953e-02 2.585672965919999858e-02 1.892050675869999999e-06 3.907913309109999900e-01 -1.853165032349999963e+00 -7.264100955390000003e+00
8.235430000000000528e-02 2.585672965919999858e-02 1.288090955040000021e-05 3.922535163279999848e-01 -1.842074930599999938e+00 -6.344705109470000437e+00
1.176490000000000036e-01 2.585672965919999858e-02 7.992292199580000437e-05 4.025772143920000046e-01 -1.829922604080000070e+00 -5.347961984900000409e+00
1.680699999999999972e-01 2.585672965919999858e-02 3.527298257309999913e-04 4.058138348359999759e-01 -1.815198071570000016e+00 -4.631297919409999686e+00
2.401000000000000079e-01 2.585672965919999858e-02 1.116013138969999905e-03 4.153307699870000258e-01 -1.800969434580000028e+00 -3.979683873869999999e+00
3.430000000000000271e-01 2.585672965919999858e-02 3.414957436409999866e-03 4.296342828599999941e-01 -1.779524287629999924e+00 -3.349466265469999815e+00
4.899999999999999911e-01 2.585672965919999858e-02 5.523204460800000028e-03 4.424311087230000106e-01 -1.751213463090000033e+00 -2.977513480919999900e+00
