# L 2
# phi 0.0249
# hz 0.3
#  hx	Delta_0	Delta_2pik	r	log_Delta_0	log_Delta_2pik
2.326305139869999997e-03 6.981317007980000211e-01 2.330612551670000005e-05 2.008970294480000029e-01 -4.984926716110000267e-01 -5.995180765479999785e+00
3.323293056959999818e-03 6.981317007980000211e-01 4.701602140769999943e-05 2.010274355570000060e-01 -4.982679914600000037e-01 -5.727130522470000429e+00
4.747561509939999917e-03 6.981317007980000211e-01 8.555489258350000570e-05 2.011019979479999886e-01 -4.979383178969999935e-01 -5.382202876060000030e+00
6.782230728490000297e-03 6.981317007980000211e-01 2.108346637370000077e-04 2.016900994199999908e-01 -4.968806263609999996e-01 -4.961775554089999929e+00
9.688901040700000425e-03 6.981317007980000211e-01 4.119890648749999868e-04 2.021571321860000103e-01 -4.955987457100000104e-01 -4.773268680810000220e+00
1.384128720100000036e-02 6.981317007980000211e-01 8.599752817419999747e-04 2.042450923889999881e-01 -4.913528913069999948e-01 -4.362677525449999649e+00
1.977326743000000150e-02 6.981317007980000211e-01 1.381394559970000038e-03 2.063735801290000060e-01 -4.881619580839999806e-01 -4.184456739399999847e+00
2.824752490000000116e-02 6.981317007980000211e-01 2.337660189289999992e-03 2.110972728309999935e-01 -4.806466629000000212e-01 -3.845602659959999947e+00
4.035360699999999967e-02 6.981317007980000211e-01 4.544291524200000029e-03 2.212168225330000126e-01 -4.659348511829999873e-01 -3.422255479890000007e+00
5.764800999999999953e-02 6.981317007980000211e-01 6.692851025210000415e-03 2.339162183650000115e-01 -4.490886455349999973e-01 -3.256233197849999872e+00
8.235430000000000528e-02 6.981317007980000211e-01 1.165492540289999983e-02 2.568169149010000041e-01 -4.229345081779999904e-01 -2.900545795629999812e+00
1.176490000000000036e-01 6.981317007980000211e-01 1.718693580449999828e-02 2.799593302450000265e-01 -4.048742733780000269e-01 -2.678445639820000057e+00
1.680699999999999972e-01 6.981317007980000211e-01 2.283295501110000139e-02 3.106207182549999835e-01 -3.802120687269999744e-01 -2.490066030139999942e+00
2.401000000000000079e-01 6.981317007980000211e-01 3.656343683689999846e-02 3.302851221399999981e-01 -3.438037941159999833e-01 -2.138171812680000006e+00
3.430000000000000271e-01 6.981317007980000211e-01 4.743391854279999792e-02 3.504356718509999968e-01 -3.320982808010000120e-01 -2.004301897459999982e+00
4.899999999999999911e-01 6.981317007980000211e-01 8.091836194859999831e-02 3.889914880099999972e-01 -2.966193684149999732e-01 -1.707373699059999916e+00
