# L 4
# phi 0.0499
# hz 0.3
#  hx	Delta_0	Delta_2pik	r	log_Delta_0	log_Delta_2pik
2.326305139869999997e-03 7.757018897749999586e-02 3.917487998740000200e-10 3.603002404189999952e-01 -1.464143321229999906e+00 -inf
3.323293056959999818e-03 7.757018897749999586e-02 1.929312392209999873e-09 3.613969488559999887e-01 -1.461991553420000090e+00 -inf
4.747561509939999917e-03 7.757018897749999586e-02 6.178140944510000022e-09 3.626749418920000023e-01 -1.454767853569999936e+00 -inf
6.782230728490000297e-03 7.757018897749999586e-02 2.656734895320000130e-08 3.661176297459999840e-01 -1.447786520369999996e+00 -9.075178387170000249e+00
9.688901040700000425e-03 7.757018897749999586e-02 9.971407620919999859e-08 3.689394599090000115e-01 -1.449205182200000053e+00 -8.528205306789999440e+00
1.384128720100000036e-02 7.757018897749999586e-02 3.244345687879999929e-07 3.756232867479999959e-01 -1.440133886929999996e+00 -8.004231463749999165e+00
1.977326743000000150e-02 7.757018897749999586e-02 1.464479439179999979e-06 3.753782615640000042e-01 -1.438868221509999934e+00 -7.343566605410000392e+00
2.824752490000000116e-02 7.757018897749999586e-02 5.677600181140000345e-06 3.805125035520000032e-01 -1.436530478519999932e+00 -6.805045766950000186e+00
4.035360699999999967e-02 7.757018897749999586e-02 1.947892381590000095e-05 3.813074350639999999e-01 -1.428670383190000059e+00 -6.051491595039999893e+00
5.764800999999999953e-02 7.757018897749999586e-02 8.697732771889999520e-05 3.859524898600000253e-01 -1.419660053419999901e+00 -5.452847462720000316e+00
8.235430000000000528e-02 7.757018897749999586e-02 3.171460303879999800e-04 3.984074809379999915e-01 -1.401188817560000022e+00 -4.931558987599999888e+00
1.176490000000000036e-01 7.757018897749999586e-02 1.118468224759999958e-03 4.053652342910000206e-01 -1.386959082760000017e+00 -4.303342088309999980e+00
1.680699999999999972e-01 7.757018897749999586e-02 2.411520087130000160e-03 4.087320556519999926e-01 -1.370392933069999986e+00 -3.711719522580000152e+00
2.401000000000000079e-01 7.757018897749999586e-02 5.988458097459999595e-03 4.091419463509999854e-01 -1.343571517650000047e+00 -3.096197874590000065e+00
3.430000000000000271e-01 7.757018897749999586e-02 9.300044366249999445e-03 4.235265391190000117e-01 -1.322321682869999959e+00 -2.763541609549999833e+00
4.899999999999999911e-01 7.757018897749999586e-02 1.576839605419999915e-02 4.357360985800000086e-01 -1.286665215930000050e+00 -2.387186501389999993e+00
