# L 5
# phi 0.0623
# hz 0.3
#  hx	Delta_0	Delta_2pik	r	log_Delta_0	log_Delta_2pik
2.326305139869999997e-03 2.585672965919999858e-02 5.354380313609999873e-13 3.860621807210000145e-01 -1.873306100870000046e+00 -inf
3.323293056959999818e-03 2.585672965919999858e-02 5.255705646640000371e-12 3.859898239280000198e-01 -1.872133533019999962e+00 -inf
4.747561509939999917e-03 2.585672965919999858e-02 2.234621210519999979e-11 3.871189433080000075e-01 -1.869505414320000058e+00 -inf
6.782230728490000297e-03 2.585672965919999858e-02 1.062872889660000021e-10 3.888018024759999913e-01 -1.868542935460000054e+00 -inf
9.688901040700000425e-03 2.585672965919999858e-02 1.192700255830000084e-09 3.857493890709999818e-01 -1.871019853259999977e+00 -inf
1.384128720100000036e-02 2.585672965919999858e-02 6.001565067249999742e-09 3.919603021890000205e-01 -1.864939442350000087e+00 -inf
1.977326743000000150e-02 2.585672965919999858e-02 4.138746462700000022e-08 3.830054914630000029e-01 -1.870284627199999994e+00 -9.089385987889999186e+00
2.824752490000000116e-02 2.585672965919999858e-02 2.399184588399999915e-07 3.915593803679999763e-01 -1.866221287489999936e+00 -8.382562606360000501e+00
4.035360699999999967e-02 2.585672965919999858e-02 1.294207032299999932e-06 3.931202400109999884e-01 -1.859104065239999937e+00 -7.461290220130000428e+00
5.764800999999999953e-02 2.585672965919999858e-02 6.657621302850000090e-06 3.840139222519999840e-01 -1.860822598039999942e+00 -6.755455400399999810e+00
8.235430000000000528e-02 2.585672965919999858e-02 3.269985620959999829e-05 3.933633808940000254e-01 -1.854438820249999953e+00 -6.032573485070000352e+00
