# L 4
# phi -0.0249
# hz 0.3
#  hx	Delta_0	Delta_2pik	r	log_Delta_0	log_Delta_2pik
2.326305139869999997e-03 7.757018897749999586e-02 2.706381269269999861e-09 3.690725316319999894e-01 -1.527437147469999923e+00 -inf
3.323293056959999818e-03 7.757018897749999586e-02 9.834277139629999380e-09 3.708741599170000125e-01 -1.523745160650000097e+00 -9.719035002849999216e+00
4.747561509939999917e-03 7.757018897749999586e-02 5.000233343720000331e-08 3.718731895660000175e-01 -1.524595052080000013e+00 -9.066566087940000074e+00
6.782230728490000297e-03 7.757018897749999586e-02 1.515133784690000084e-07 3.743264268950000084e-01 -1.521789978469999971e+00 -inf
9.688901040700000425e-03 7.757018897749999586e-02 6.781602025570000490e-07 3.803354428719999958e-01 -1.514923703610000061e+00 -7.924713343689999689e+00
1.384128720100000036e-02 7.757018897749999586e-02 2.474235887630000039e-06 3.845219895390000198e-01 -1.508095863679999926e+00 -7.352259368920000426e+00
1.977326743000000150e-02 7.757018897749999586e-02 1.284505223019999950e-05 3.967953404899999814e-01 -1.498867086540000004e+00 -6.595233820979999884e+00
2.824752490000000116e-02 7.757018897749999586e-02 5.095372540430000125e-05 4.030087207120000015e-01 -1.495038330959999939e+00 -5.924862862400000374e+00
4.035360699999999967e-02 7.757018897749999586e-02 1.429309988839999981e-04 4.000718616839999964e-01 -1.486090548890000029e+00 -5.443577077989999680e+00
5.764800999999999953e-02 7.757018897749999586e-02 4.643738066639999953e-04 4.117402357709999960e-01 -1.467589165169999932e+00 -4.879762750020000261e+00
8.235430000000000528e-02 7.757018897749999586e-02 1.369352894520000068e-03 4.165669198570000065e-01 -1.453908591060000033e+00 -4.252603327670000155e+00
1.176490000000000036e-01 7.757018897749999586e-02 2.583963930180000184e-03 4.224153648050000265e-01 -1.425630503080000056e+00 -3.775262166940000164e+00
1.680699999999999972e-01 7.757018897749999586e-02 4.399720740089999894e-03 4.253399841039999796e-01 -1.395465384330000003e+00 -3.348285155510000166e+00
2.401000000000000079e-01 7.757018897749999586e-02 7.784163077269999620e-03 4.304629873099999893e-01 -1.362757079299999896e+00 -2.902855863160000105e+00
3.430000000000000271e-01 7.757018897749999586e-02 1.384123021109999983e-02 4.370997289979999811e-01 -1.326332774059999942e+00 -2.520569130660000212e+00
4.899999999999999911e-01 7.757018897749999586e-02 1.657544221479999996e-02 4.508173679379999799e-01 -1.281020382299999927e+00 -2.373650418780000049e+00
