# L 2
# phi -0.0623
# hz 0.3
#  hx	Delta_0	Delta_2pik	r	log_Delta_0	log_Delta_2pik
2.326305139869999997e-03 6.981317007980000211e-01 8.548057427269999578e-06 3.036145986220000204e-01 -3.657497591209999954e-01 -6.201622770930000250e+00
3.323293056959999818e-03 6.981317007980000211e-01 1.384101144250000008e-05 3.036322532460000168e-01 -3.657343235509999957e-01 -5.993956377499999988e+00
4.747561509939999917e-03 6.981317007980000211e-01 3.966333290510000117e-05 3.036798805579999927e-01 -3.657177635230000057e-01 -5.465368769960000428e+00
6.782230728490000297e-03 6.981317007980000211e-01 6.904178284840000184e-05 3.037760393539999937e-01 -3.656377716399999978e-01 -5.300528077970000140e+00
9.688901040700000425e-03 6.981317007980000211e-01 1.464237046969999899e-04 3.040416310299999814e-01 -3.654778495450000109e-01 -5.003508227990000279e+00
1.384128720100000036e-02 6.981317007980000211e-01 3.303031818009999798e-04 3.043342796060000133e-01 -3.651356860619999756e-01 -4.599070645480000330e+00
1.977326743000000150e-02 6.981317007980000211e-01 6.112336046369999535e-04 3.047506347400000259e-01 -3.646590532439999977e-01 -4.323298037149999828e+00
2.824752490000000116e-02 6.981317007980000211e-01 1.261751261409999958e-03 3.063422973489999812e-01 -3.634295901360000136e-01 -3.980790582290000046e+00
4.035360699999999967e-02 6.981317007980000211e-01 2.323384181230000144e-03 3.091258786280000059e-01 -3.620889637199999900e-01 -3.653122618219999840e+00
5.764800999999999953e-02 6.981317007980000211e-01 4.232914969649999998e-03 3.164063358900000011e-01 -3.622752148550000273e-01 -3.392306971280000027e+00
8.235430000000000528e-02 6.981317007980000211e-01 7.112779659360000256e-03 3.171407632000000087e-01 -3.569546313290000161e-01 -3.099172453049999998e+00
1.176490000000000036e-01 6.981317007980000211e-01 1.398386652109999927e-02 3.324384090379999823e-01 -3.502266308649999993e-01 -2.808503798239999849e+00
1.680699999999999972e-01 6.981317007980000211e-01 1.926546439159999846e-02 3.473009869199999988e-01 -3.403046013709999928e-01 -2.548404913400000193e+00
2.401000000000000079e-01 6.981317007980000211e-01 2.824207981899999956e-02 3.619553177150000023e-01 -3.326603389869999816e-01 -2.373226254189999995e+00
3.430000000000000271e-01 6.981317007980000211e-01 4.383375327970000235e-02 3.861793069009999968e-01 -3.042900097619999911e-01 -2.039318812899999944e+00
4.899999999999999911e-01 6.981317007980000211e-01 8.810166655279999537e-02 4.517010575150000040e-01 -2.741270623290000263e-01 -1.664879407719999982e+00
