# L 2
# phi -0.4363
# hz 0.3
#  hx	Delta_0	Delta_2pik	r	log_Delta_0	log_Delta_2pik
2.326305139869999997e-03 6.981317007980000211e-01 2.297765240790000054e-06 3.438369747839999935e-01 -3.585846169410000228e-01 -6.524917294549999802e+00
3.323293056959999818e-03 6.981317007980000211e-01 5.687375361540000283e-06 3.438392699589999935e-01 -3.582519308909999922e-01 -6.097365857109999787e+00
4.747561509939999917e-03 6.981317007980000211e-01 9.458198045610000020e-06 3.438419250029999819e-01 -3.578643280689999817e-01 -5.938769214839999755e+00
6.782230728490000297e-03 6.981317007980000211e-01 1.920761145829999914e-05 3.438391164399999811e-01 -3.582116503189999857e-01 -5.577606610670000187e+00
9.688901040700000425e-03 6.981317007980000211e-01 3.960530727199999682e-05 3.438408055170000255e-01 -3.568441807909999985e-01 -5.236233395630000231e+00
1.384128720100000036e-02 6.981317007980000211e-01 5.851005306509999670e-05 3.438352211330000241e-01 -3.555349902120000238e-01 -5.055831903209999645e+00
1.977326743000000150e-02 6.981317007980000211e-01 1.649956158249999913e-04 3.438314769720000053e-01 -3.552807667699999783e-01 -4.545934015480000312e+00
2.824752490000000116e-02 6.981317007980000211e-01 3.008325391940000048e-04 3.438594251539999758e-01 -3.532550148959999747e-01 -4.360020064619999580e+00
4.035360699999999967e-02 6.981317007980000211e-01 5.543203449960000485e-04 3.438476598299999853e-01 -3.520729302680000172e-01 -4.077109093519999838e+00
5.764800999999999953e-02 6.981317007980000211e-01 1.281447534029999920e-03 3.438371114839999798e-01 -3.495248492470000024e-01 -3.691827352289999808e+00
8.235430000000000528e-02 6.981317007980000211e-01 2.180925549910000139e-03 3.437881614270000274e-01 -3.501419318339999975e-01 -3.487192310460000222e+00
1.176490000000000036e-01 6.981317007980000211e-01 4.422234569119999972e-03 3.445947290599999935e-01 -3.484576725130000274e-01 -3.196632616250000058e+00
1.680699999999999972e-01 6.981317007980000211e-01 1.046923937669999929e-02 3.439875062889999890e-01 -3.458334113939999788e-01 -2.788369607159999930e+00
2.401000000000000079e-01 6.981317007980000211e-01 1.863112883750000018e-02 3.447003378130000240e-01 -3.432264056709999900e-01 -2.487448222139999832e+00
3.430000000000000271e-01 6.981317007980000211e-01 3.361041234789999971e-02 3.512967078750000027e-01 -3.221739001230000121e-01 -2.268114621590000102e+00
4.899999999999999911e-01 6.981317007980000211e-01 8.268944435620000089e-02 3.774017336030000003e-01 -3.041551265890000133e-01 -1.657012325830000021e+00
