# L 3
# phi 0.5236
# hz 0.3
#  hx	Delta_0	Delta_2pik	r	log_Delta_0	log_Delta_2pik
2.326305139869999997e-03 2.327105669329999904e-01 4.391119806860000280e-09 4.756828741670000027e-01 -9.130724309090000324e-01 -inf
3.323293056959999818e-03 2.327105669329999904e-01 4.868826516280000284e-09 4.752315566420000081e-01 -9.120875202639999735e-01 -inf
4.747561509939999917e-03 2.327105669329999904e-01 2.328973091959999897e-08 4.755458091920000130e-01 -9.128073705720000097e-01 -inf
6.782230728490000297e-03 2.327105669329999904e-01 5.314177588659999836e-08 4.749306320319999775e-01 -9.108284478120000083e-01 -inf
9.688901040700000425e-03 2.327105669329999904e-01 1.841456196600000068e-07 4.751525084820000244e-01 -9.098430357379999611e-01 -8.609840885429999702e+00
1.384128720100000036e-02 2.327105669329999904e-01 7.960496735900000214e-07 4.742985234329999966e-01 -9.079233444149999999e-01 -8.043690196540000059e+00
1.977326743000000150e-02 2.327105669329999904e-01 1.410407954530000087e-06 4.746364739430000146e-01 -9.076791742190000178e-01 -7.316265089119999843e+00
2.824752490000000116e-02 2.327105669329999904e-01 5.806113600419999995e-06 4.714526957149999808e-01 -9.015746656930000436e-01 -6.850289182010000033e+00
4.035360699999999967e-02 2.327105669329999904e-01 1.132308560699999920e-05 4.711327373850000000e-01 -9.005386542150000118e-01 -6.359585855399999765e+00
5.764800999999999953e-02 2.327105669329999904e-01 3.614729824949999869e-05 4.683930963490000043e-01 -8.967164868579999837e-01 -5.953797335810000035e+00
8.235430000000000528e-02 2.327105669329999904e-01 8.158576891840000624e-05 4.748776602770000133e-01 -8.909009361440000108e-01 -5.222158302819999598e+00
1.176490000000000036e-01 2.327105669329999904e-01 3.049464920659999837e-04 4.661949931709999939e-01 -8.751999958380000111e-01 -4.590484290780000087e+00
1.680699999999999972e-01 2.327105669329999904e-01 7.258051404980000012e-04 4.667156432160000090e-01 -8.573543801370000494e-01 -4.109322458660000343e+00
2.401000000000000079e-01 2.327105669329999904e-01 1.983425079569999926e-03 4.284974882320000122e-01 -8.698456792830000506e-01 -3.541503799540000053e+00
3.430000000000000271e-01 2.327105669329999904e-01 5.223395687910000265e-03 4.148171626980000082e-01 -8.427230711559999810e-01 -3.115997367979999932e+00
4.899999999999999911e-01 2.327105669329999904e-01 1.268317099980000029e-02 4.358434111650000276e-01 -8.253299847589999905e-01 -2.712850987820000004e+00
