# L 2
# phi -0.0374
# hz 0.3
#  hx	Delta_0	Delta_2pik	r	log_Delta_0	log_Delta_2pik
2.326305139869999997e-03 6.981317007980000211e-01 1.914639578780000085e-05 2.365403714529999979e-01 -4.510817806140000052e-01 -5.893846536279999881e+00
3.323293056959999818e-03 6.981317007980000211e-01 3.419554867129999691e-05 2.365427326070000114e-01 -4.510489176049999882e-01 -5.674887832119999587e+00
4.747561509939999917e-03 6.981317007980000211e-01 5.882641546719999978e-05 2.366484232849999925e-01 -4.508872772279999830e-01 -5.481393940850000313e+00
6.782230728490000297e-03 6.981317007980000211e-01 1.377977310080000044e-04 2.369508994520000134e-01 -4.505981255290000265e-01 -5.044709522629999832e+00
9.688901040700000425e-03 6.981317007980000211e-01 2.799467084900000044e-04 2.373093928430000110e-01 -4.498366417690000119e-01 -4.780650032199999622e+00
1.384128720100000036e-02 6.981317007980000211e-01 5.790118044079999981e-04 2.376949526100000099e-01 -4.490902955959999998e-01 -4.341856596529999557e+00
1.977326743000000150e-02 6.981317007980000211e-01 1.142834963849999937e-03 2.391786169859999867e-01 -4.474144562910000178e-01 -4.069811235290000440e+00
2.824752490000000116e-02 6.981317007980000211e-01 1.975443161709999895e-03 2.412510179690000034e-01 -4.445211775999999837e-01 -3.767647493010000126e+00
4.035360699999999967e-02 6.981317007980000211e-01 3.831130341159999855e-03 2.453401713770000103e-01 -4.384425134719999728e-01 -3.496204758449999783e+00
5.764800999999999953e-02 6.981317007980000211e-01 5.884281885510000282e-03 2.491771474549999976e-01 -4.327411498370000165e-01 -3.302302631439999914e+00
8.235430000000000528e-02 6.981317007980000211e-01 1.101949183079999929e-02 2.592602518950000157e-01 -4.208333449369999757e-01 -2.907369675039999990e+00
1.176490000000000036e-01 6.981317007980000211e-01 1.596257797289999877e-02 2.818002605980000075e-01 -4.035430392509999908e-01 -2.675161246170000062e+00
1.680699999999999972e-01 6.981317007980000211e-01 2.610418844249999884e-02 3.064362517320000090e-01 -3.747298810620000031e-01 -2.371409094210000124e+00
2.401000000000000079e-01 6.981317007980000211e-01 3.722219457260000225e-02 3.276449024529999865e-01 -3.474081976939999983e-01 -2.134713303449999877e+00
3.430000000000000271e-01 6.981317007980000211e-01 5.193626557960000223e-02 3.486184931549999866e-01 -3.224240934700000061e-01 -1.941764347119999901e+00
4.899999999999999911e-01 6.981317007980000211e-01 7.238683571369999847e-02 3.917042369950000102e-01 -2.948413372920000164e-01 -1.770934651129999926e+00
