# L 4
# phi 0.1745
# hz 0.3
#  hx	Delta_0	Delta_2pik	r	log_Delta_0	log_Delta_2pik
2.326305139869999997e-03 7.757018897749999586e-02 1.180917092509999958e-11 3.738004279900000171e-01 -1.347857982020000067e+00 -inf
3.323293056959999818e-03 7.757018897749999586e-02 5.643558471030000292e-11 3.742634032680000056e-01 -1.347137535299999911e+00 -inf
4.747561509939999917e-03 7.757018897749999586e-02 1.920386742899999976e-10 3.740545199870000115e-01 -1.347683858719999961e+00 -inf
6.782230728490000297e-03 7.757018897749999586e-02 7.349643484210000515e-10 3.754115656379999888e-01 -1.345325752179999945e+00 -1.009553746689999976e+01
9.688901040700000425e-03 7.757018897749999586e-02 3.681025431789999992e-09 3.755648503390000004e-01 -1.345487123969999921e+00 -9.381141166060000813e+00
1.384128720100000036e-02 7.757018897749999586e-02 1.566814677239999941e-08 3.766391605519999741e-01 -1.343044244229999906e+00 -8.758445575719999709e+00
1.977326743000000150e-02 7.757018897749999586e-02 7.344756556070000470e-08 3.806902870409999973e-01 -1.338683728669999962e+00 -8.209910353039999720e+00
2.824752490000000116e-02 7.757018897749999586e-02 2.172512870269999956e-07 3.794252504350000277e-01 -1.338203529620000110e+00 -7.632143505350000190e+00
4.035360699999999967e-02 7.757018897749999586e-02 1.014767225750000048e-06 3.782006654560000070e-01 -1.332578465669999934e+00 -6.973035640360000009e+00
5.764800999999999953e-02 7.757018897749999586e-02 6.286749419610000200e-06 3.836126024159999814e-01 -1.330367638490000060e+00 -6.450988881759999849e+00
8.235430000000000528e-02 7.757018897749999586e-02 1.438922266449999960e-05 3.818892969439999785e-01 -1.331885549789999956e+00 -5.910551366350000002e+00
1.176490000000000036e-01 7.757018897749999586e-02 8.182736461509999512e-05 3.956526396069999785e-01 -1.307383332479999938e+00 -5.142731639850000036e+00
1.680699999999999972e-01 7.757018897749999586e-02 3.069478431530000152e-04 4.006966656929999981e-01 -1.312642588329999915e+00 -4.566487447410000122e+00
2.401000000000000079e-01 7.757018897749999586e-02 7.485472120780000327e-04 4.048571726040000041e-01 -1.300516583350000088e+00 -4.008705465860000317e+00
3.430000000000000271e-01 7.757018897749999586e-02 2.299060212399999838e-03 4.142014414990000115e-01 -1.282695574669999949e+00 -3.420614635200000198e+00
4.899999999999999911e-01 7.757018897749999586e-02 7.089716219099999675e-03 4.380607683339999836e-01 -1.263901885809999959e+00 -2.865759637390000059e+00
