# L 3
# phi -0.2618
# hz 0.3
#  hx	Delta_0	Delta_2pik	r	log_Delta_0	log_Delta_2pik
2.326305139869999997e-03 2.327105669329999904e-01 3.717516300559999889e-09 3.795596296109999823e-01 -8.442601142960000082e-01 -9.357150781859999711e+00
3.323293056959999818e-03 2.327105669329999904e-01 1.318177845069999981e-08 3.798569724459999741e-01 -8.412728728930000122e-01 -8.883344383209999862e+00
4.747561509939999917e-03 2.327105669329999904e-01 2.578757064050000138e-08 3.796112324859999831e-01 -8.426644986010000116e-01 -8.414445622440000605e+00
6.782230728490000297e-03 2.327105669329999904e-01 7.173545128680000404e-08 3.803945566809999734e-01 -8.388585005799999994e-01 -7.930802309279999740e+00
9.688901040700000425e-03 2.327105669329999904e-01 2.417249340979999925e-07 3.810403178030000171e-01 -8.365921221580000511e-01 -7.487554710989999585e+00
1.384128720100000036e-02 2.327105669329999904e-01 6.143199890569999946e-07 3.807750836009999862e-01 -8.369168581139999619e-01 -7.101412274710000361e+00
1.977326743000000150e-02 2.327105669329999904e-01 2.074241646699999951e-06 3.841707527350000095e-01 -8.286022018059999716e-01 -6.485378073949999767e+00
2.824752490000000116e-02 2.327105669329999904e-01 5.645320472849999800e-06 3.841409244569999881e-01 -8.330731239949999978e-01 -6.234589492539999611e+00
4.035360699999999967e-02 2.327105669329999904e-01 1.610317254999999915e-05 3.900515103680000095e-01 -8.254460031579999857e-01 -5.627237232729999761e+00
5.764800999999999953e-02 2.327105669329999904e-01 4.137795413540000224e-05 3.917754900529999973e-01 -8.228628158799999870e-01 -5.194020347420000405e+00
8.235430000000000528e-02 2.327105669329999904e-01 1.217135684089999946e-04 3.983907053019999922e-01 -8.115096992470000048e-01 -4.734775831990000405e+00
1.176490000000000036e-01 2.327105669329999904e-01 4.662356922420000070e-04 4.010176008549999893e-01 -8.068289598729999623e-01 -4.162087344499999730e+00
1.680699999999999972e-01 2.327105669329999904e-01 1.126184398179999949e-03 4.089794074040000171e-01 -7.907508485880000437e-01 -3.747385299189999852e+00
2.401000000000000079e-01 2.327105669329999904e-01 2.615185853200000139e-03 4.089439424060000161e-01 -7.977645154979999820e-01 -3.394202030010000204e+00
3.430000000000000271e-01 2.327105669329999904e-01 7.155938094289999996e-03 4.086937949430000105e-01 -7.927723458159999792e-01 -2.825856569009999930e+00
4.899999999999999911e-01 2.327105669329999904e-01 1.362121600350000086e-02 4.128923041900000035e-01 -7.769633648289999694e-01 -2.504960440950000145e+00
