# L 5
# phi -0.5236
# hz 0.3
#  hx	Delta_0	Delta_2pik	r	log_Delta_0	log_Delta_2pik
2.326305139869999997e-03 2.585672965919999858e-02 9.731310407699999392e-15 3.990273338690000227e-01 -1.858599425189999987e+00 -inf
3.323293056959999818e-03 2.585672965919999858e-02 6.348271702559999537e-14 3.998430481610000253e-01 -1.857936761459999975e+00 -inf
4.747561509939999917e-03 2.585672965919999858e-02 1.123633915679999905e-12 3.968188104659999826e-01 -1.857341809680000067e+00 -inf
6.782230728490000297e-03 2.585672965919999858e-02 1.396118447190000035e-12 3.974208836990000271e-01 -1.857602279680000024e+00 -inf
9.688901040700000425e-03 2.585672965919999858e-02 1.080338543820000065e-11 3.953205020950000259e-01 -1.856718019599999936e+00 -inf
1.384128720100000036e-02 2.585672965919999858e-02 1.917657392550000110e-10 3.979795795909999989e-01 -1.851948869829999955e+00 -inf
1.977326743000000150e-02 2.585672965919999858e-02 4.032087224139999885e-10 3.951008167360000045e-01 -1.850166080489999976e+00 -inf
2.824752490000000116e-02 2.585672965919999858e-02 1.961931300549999904e-09 3.956988750300000079e-01 -1.839036540109999951e+00 -inf
4.035360699999999967e-02 2.585672965919999858e-02 1.740620879850000147e-08 3.965942954610000015e-01 -1.833060356679999892e+00 -inf
5.764800999999999953e-02 2.585672965919999858e-02 1.646116510040000037e-07 4.028521949789999890e-01 -1.838457262019999927e+00 -inf
8.235430000000000528e-02 2.585672965919999858e-02 1.044885271059999982e-06 4.003927173040000009e-01 -1.820405001169999926e+00 -8.309413754610000424e+00
1.176490000000000036e-01 2.585672965919999858e-02 6.291744503739999759e-06 4.005344314320000154e-01 -1.824597776000000060e+00 -7.252660939830000153e+00
1.680699999999999972e-01 2.585672965919999858e-02 1.915750565659999933e-05 4.124466315499999980e-01 -1.794037447710000066e+00 -6.402928406860000088e+00
2.401000000000000079e-01 2.585672965919999858e-02 9.849815209039999820e-05 4.064316594480000266e-01 -1.800176114489999923e+00 -5.598546028910000416e+00
3.430000000000000271e-01 2.585672965919999858e-02 2.646945246840000203e-04 4.088589777589999863e-01 -1.789921652749999925e+00 -4.778056066509999589e+00
4.899999999999999911e-01 2.585672965919999858e-02 7.791348729880000429e-04 4.315293496800000073e-01 -1.775526419950000045e+00 -4.198702621369999832e+00
