# L 2
# phi -0.3491
# hz 0.3
#  hx	Delta_0	Delta_2pik	r	log_Delta_0	log_Delta_2pik
2.326305139869999997e-03 6.981317007980000211e-01 2.031605489300000078e-06 3.882961384149999917e-01 -2.922087966169999995e-01 -6.528980639350000281e+00
3.323293056959999818e-03 6.981317007980000211e-01 4.384788381490000117e-06 3.882969615319999956e-01 -2.922069349429999852e-01 -6.227197930690000049e+00
4.747561509939999917e-03 6.981317007980000211e-01 9.179315295070000115e-06 3.882969715480000250e-01 -2.921961713530000226e-01 -5.844854704420000324e+00
6.782230728490000297e-03 6.981317007980000211e-01 2.117028030010000038e-05 3.883003965419999926e-01 -2.921487153060000064e-01 -5.473872705359999813e+00
9.688901040700000425e-03 6.981317007980000211e-01 3.864624426750000100e-05 3.882897724400000139e-01 -2.921043743019999805e-01 -5.279366094860000302e+00
1.384128720100000036e-02 6.981317007980000211e-01 6.664025713709999590e-05 3.882877051370000054e-01 -2.920926947629999826e-01 -5.017337400879999798e+00
1.977326743000000150e-02 6.981317007980000211e-01 1.582434623680000027e-04 3.882514036299999916e-01 -2.919643061589999866e-01 -4.596091854930000054e+00
2.824752490000000116e-02 6.981317007980000211e-01 3.690072030340000122e-04 3.882874000139999726e-01 -2.900628724820000226e-01 -4.204138563499999925e+00
4.035360699999999967e-02 6.981317007980000211e-01 7.053938574139999480e-04 3.881026690930000078e-01 -2.902009552679999937e-01 -3.990575233740000005e+00
5.764800999999999953e-02 6.981317007980000211e-01 1.278045151029999927e-03 3.882932369450000087e-01 -2.895016634079999873e-01 -3.681140866729999850e+00
8.235430000000000528e-02 6.981317007980000211e-01 2.591950150069999813e-03 3.883032348439999781e-01 -2.887501483989999840e-01 -3.382043003220000177e+00
1.176490000000000036e-01 6.981317007980000211e-01 4.261673029389999659e-03 3.876343635810000077e-01 -2.861885694499999855e-01 -3.128279176770000003e+00
1.680699999999999972e-01 6.981317007980000211e-01 1.022668280600000021e-02 3.889870307650000192e-01 -2.779480849570000189e-01 -2.760831766499999951e+00
2.401000000000000079e-01 6.981317007980000211e-01 1.857520839780000058e-02 3.859021608679999993e-01 -2.842891588359999777e-01 -2.469211847840000029e+00
3.430000000000000271e-01 6.981317007980000211e-01 3.407314166819999657e-02 3.912021845440000201e-01 -2.750515739769999746e-01 -2.155897761099999865e+00
4.899999999999999911e-01 6.981317007980000211e-01 7.375675162349999703e-02 3.994197746429999918e-01 -2.703357908160000100e-01 -1.807035243090000076e+00
