# L 5
# phi -0.0374
# hz 0.3
#  hx	Delta_0	Delta_2pik	r	log_Delta_0	log_Delta_2pik
2.326305139869999997e-03 2.585672965919999858e-02 3.675710636640000209e-12 3.746491333579999861e-01 -1.932427840339999925e+00 -inf
3.323293056959999818e-03 2.585672965919999858e-02 4.768021990029999970e-11 3.755232636510000277e-01 -1.932077083220000047e+00 -inf
4.747561509939999917e-03 2.585672965919999858e-02 1.577880999340000026e-10 3.786981570799999863e-01 -1.928300015710000093e+00 -inf
6.782230728490000297e-03 2.585672965919999858e-02 1.128374601419999989e-09 3.760240880810000186e-01 -1.931044050729999961e+00 -inf
9.688901040700000425e-03 2.585672965919999858e-02 7.593619461989999849e-09 3.783246536689999773e-01 -1.920859491639999916e+00 -inf
1.384128720100000036e-02 2.585672965919999858e-02 4.507391348909999725e-08 3.816535787890000253e-01 -1.913273350869999945e+00 -inf
1.977326743000000150e-02 2.585672965919999858e-02 2.262371995030000040e-07 3.916622495529999970e-01 -1.907507143929999982e+00 -8.559063136560000729e+00
2.824752490000000116e-02 2.585672965919999858e-02 1.233301260150000036e-06 3.890032541119999854e-01 -1.903561160019999976e+00 -7.953052528179999747e+00
4.035360699999999967e-02 2.585672965919999858e-02 7.902576449670000477e-06 3.949308921929999827e-01 -1.899236142789999970e+00 -7.057445892019999611e+00
5.764800999999999953e-02 2.585672965919999858e-02 3.848673105850000198e-05 4.037682636809999948e-01 -1.878919443950000101e+00 -6.171639315400000214e+00
8.235430000000000528e-02 2.585672965919999858e-02 2.423134148379999929e-04 4.036417591990000275e-01 -1.869283639040000056e+00 -5.271307285209999804e+00
1.176490000000000036e-01 2.585672965919999858e-02 7.115371299939999812e-04 4.060441029749999875e-01 -1.855027557619999934e+00 -4.617081077929999999e+00
1.680699999999999972e-01 2.585672965919999858e-02 1.644123737099999899e-03 4.144203736929999993e-01 -1.830391698409999934e+00 -4.052146899120000256e+00
2.401000000000000079e-01 2.585672965919999858e-02 2.979419190000000186e-03 4.222571095379999973e-01 -1.808956371400000096e+00 -3.448459403699999815e+00
3.430000000000000271e-01 2.585672965919999858e-02 5.264275089860000201e-03 4.366057758110000186e-01 -1.783692815360000017e+00 -2.940978237299999964e+00
4.899999999999999911e-01 2.585672965919999858e-02 8.516901578970000747e-03 4.480345916449999799e-01 -1.755186130870000083e+00 -2.599786348579999906e+00
