# L 5
# phi 0.0499
# hz 0.3
#  hx	Delta_0	Delta_2pik	r	log_Delta_0	log_Delta_2pik
2.326305139869999997e-03 2.585672965919999858e-02 1.383469708249999929e-12 3.865171104189999984e-01 -1.875802118059999968e+00 -inf
3.323293056959999818e-03 2.585672965919999858e-02 9.914507459189999699e-12 3.880137870800000055e-01 -1.873827072859999943e+00 -inf
4.747561509939999917e-03 2.585672965919999858e-02 4.872831996159999689e-11 3.904038037129999861e-01 -1.872552275739999939e+00 -inf
6.782230728490000297e-03 2.585672965919999858e-02 7.212275304099999896e-10 3.900630287060000145e-01 -1.871881317759999996e+00 -inf
9.688901040700000425e-03 2.585672965919999858e-02 1.864466535349999810e-09 3.931609475999999770e-01 -1.865049571059999911e+00 -inf
1.384128720100000036e-02 2.585672965919999858e-02 1.662962438449999858e-08 3.941706561200000181e-01 -1.866994946579999981e+00 -inf
1.977326743000000150e-02 2.585672965919999858e-02 6.854886996290000208e-08 3.956056491570000277e-01 -1.865188679909999925e+00 -8.825972069549999688e+00
2.824752490000000116e-02 2.585672965919999858e-02 3.592063452130000149e-07 3.972617004590000001e-01 -1.863738316799999906e+00 -8.093073205050000496e+00
4.035360699999999967e-02 2.585672965919999858e-02 2.745089544769999919e-06 3.940123703080000150e-01 -1.859748328310000032e+00 -7.238688945759999882e+00
5.764800999999999953e-02 2.585672965919999858e-02 1.418777558890000034e-05 3.961781581700000165e-01 -1.856441817359999913e+00 -6.429884314399999745e+00
8.235430000000000528e-02 2.585672965919999858e-02 7.137972635540000316e-05 4.013845075460000245e-01 -1.846502132169999921e+00 -5.752428353450000031e+00
1.176490000000000036e-01 2.585672965919999858e-02 5.093025918509999552e-04 4.113332877070000060e-01 -1.825131992230000000e+00 -4.713321840659999928e+00
1.680699999999999972e-01 2.585672965919999858e-02 1.456430101159999959e-03 4.151494387299999866e-01 -1.814773755829999891e+00 -4.010659636899999825e+00
2.401000000000000079e-01 2.585672965919999858e-02 2.685926395449999941e-03 4.196562252900000178e-01 -1.798734443170000086e+00 -3.596635434510000007e+00
3.430000000000000271e-01 2.585672965919999858e-02 4.176921903020000028e-03 4.260758130330000171e-01 -1.776730341820000003e+00 -3.139085251130000032e+00
4.899999999999999911e-01 2.585672965919999858e-02 7.326175866519999726e-03 4.456000014370000151e-01 -1.747409189529999907e+00 -2.682306449269999948e+00
