# L 4
# phi -0.0499
# hz 0.3
#  hx	Delta_0	Delta_2pik	r	log_Delta_0	log_Delta_2pik
2.326305139869999997e-03 7.757018897749999586e-02 2.698174363220000075e-10 3.899159159009999986e-01 -1.411080171220000068e+00 -inf
3.323293056959999818e-03 7.757018897749999586e-02 1.151320839429999900e-09 3.903105380190000084e-01 -1.412156335809999996e+00 -1.042451131340000003e+01
4.747561509939999917e-03 7.757018897749999586e-02 5.215450892390000087e-09 3.924940347950000019e-01 -1.405794316059999938e+00 -inf
6.782230728490000297e-03 7.757018897749999586e-02 1.837687575399999958e-08 3.935197039430000099e-01 -1.406644481919999912e+00 -9.203397828610000886e+00
9.688901040700000425e-03 7.757018897749999586e-02 8.250828794429999933e-08 3.969613755010000244e-01 -1.399535807419999944e+00 -8.578343863020000626e+00
1.384128720100000036e-02 7.757018897749999586e-02 3.515214055070000161e-07 4.008711424010000246e-01 -1.398307511949999915e+00 -7.967088459090000185e+00
1.977326743000000150e-02 7.757018897749999586e-02 1.484530617970000036e-06 4.052417174210000139e-01 -1.392224991029999970e+00 -7.268752688340000212e+00
2.824752490000000116e-02 7.757018897749999586e-02 6.039356915809999637e-06 4.134457700320000040e-01 -1.383031192520000063e+00 -6.709873133120000332e+00
4.035360699999999967e-02 7.757018897749999586e-02 3.386772954310000270e-05 4.131915191130000053e-01 -1.377137056250000047e+00 -5.844313565780000275e+00
5.764800999999999953e-02 7.757018897749999586e-02 1.061852746260000014e-04 4.092704089079999830e-01 -1.381205460399999918e+00 -5.488781126170000135e+00
8.235430000000000528e-02 7.757018897749999586e-02 3.550741762680000154e-04 4.038468481829999845e-01 -1.382458189550000105e+00 -4.901772967340000342e+00
1.176490000000000036e-01 7.757018897749999586e-02 1.118490855169999897e-03 4.268839503499999855e-01 -1.350178056699999907e+00 -4.284944859500000369e+00
1.680699999999999972e-01 7.757018897749999586e-02 2.602784026619999955e-03 4.111865069669999873e-01 -1.352529547600000104e+00 -3.672913942540000143e+00
2.401000000000000079e-01 7.757018897749999586e-02 5.597968091719999692e-03 4.280605943740000141e-01 -1.325984727940000107e+00 -3.071073883750000011e+00
3.430000000000000271e-01 7.757018897749999586e-02 8.936165209530000375e-03 4.289794451180000134e-01 -1.309795311250000038e+00 -2.805140347890000108e+00
4.899999999999999911e-01 7.757018897749999586e-02 1.481665756510000022e-02 4.424245779779999999e-01 -1.283757768969999935e+00 -2.464469378530000032e+00
