# L 4
# phi 0.0000
# hz 0.3
#  hx	Delta_0	Delta_2pik	r	log_Delta_0	log_Delta_2pik
2.326305139869999997e-03 7.757018897749999586e-02 5.612386883600000321e-05 2.219184747100000077e-01 -2.531566448810000036e+00 -inf
3.323293056959999818e-03 7.757018897749999586e-02 9.401843608059999547e-05 2.286420872159999895e-01 -2.384192947099999849e+00 -6.624656766420000231e+00
4.747561509939999917e-03 7.757018897749999586e-02 1.303458045150000019e-04 2.381042977529999882e-01 -2.286486311900000068e+00 -inf
6.782230728490000297e-03 7.757018897749999586e-02 1.896672519700000120e-04 2.426253268590000123e-01 -2.182395691279999994e+00 -6.055786360249999944e+00
9.688901040700000425e-03 7.757018897749999586e-02 2.613539887870000079e-04 2.462468308849999898e-01 -2.080062774479999987e+00 -5.727547689539999709e+00
1.384128720100000036e-02 7.757018897749999586e-02 3.615060810370000180e-04 2.651791068680000030e-01 -1.969380651530000081e+00 -5.434944377859999953e+00
1.977326743000000150e-02 7.757018897749999586e-02 5.852671465490000323e-04 2.751440683370000029e-01 -1.872293043770000054e+00 -5.072761731810000008e+00
2.824752490000000116e-02 7.757018897749999586e-02 8.871988711920000088e-04 3.081615862439999742e-01 -1.770574870509999954e+00 -4.713463147779999751e+00
4.035360699999999967e-02 7.757018897749999586e-02 1.145005649120000094e-03 3.159909255630000136e-01 -1.703101639080000007e+00 -4.498232616310000154e+00
5.764800999999999953e-02 7.757018897749999586e-02 1.708119433910000075e-03 3.407510813479999734e-01 -1.621866512039999986e+00 -4.198361521549999864e+00
8.235430000000000528e-02 7.757018897749999586e-02 2.904675580350000053e-03 3.689537182570000184e-01 -1.541451847520000085e+00 -3.739227968489999832e+00
1.176490000000000036e-01 7.757018897749999586e-02 4.009148466649999597e-03 3.768318777899999916e-01 -1.499445862349999992e+00 -3.552791060860000183e+00
1.680699999999999972e-01 7.757018897749999586e-02 5.578067908419999735e-03 3.846007147359999934e-01 -1.441691074870000033e+00 -3.151614643819999895e+00
2.401000000000000079e-01 7.757018897749999586e-02 9.005798016050000493e-03 3.963348621219999757e-01 -1.401017082849999928e+00 -2.776790636199999884e+00
3.430000000000000271e-01 7.757018897749999586e-02 1.244689457950000008e-02 4.188556428870000015e-01 -1.347332499169999975e+00 -2.561167651759999941e+00
4.899999999999999911e-01 7.757018897749999586e-02 1.698446088410000138e-02 4.273928823920000175e-01 -1.309085017739999968e+00 -2.365410884330000130e+00
# L 4
# phi -0.0000
# hz 0.3
#  hx	Delta_0	Delta_2pik	r	log_Delta_0	log_Delta_2pik
2.326305139869999997e-03 7.757018897749999586e-02 5.030641744779999666e-05 2.070088582329999982e-01 -2.514629417750000151e+00 -inf
3.323293056959999818e-03 7.757018897749999586e-02 8.809198728379999562e-05 2.167471832819999888e-01 -2.361490310759999822e+00 -6.651469837939999685e+00
4.747561509939999917e-03 7.757018897749999586e-02 1.318048301789999941e-04 2.218785821790000001e-01 -2.266239108889999798e+00 -inf
6.782230728490000297e-03 7.757018897749999586e-02 1.671206295230000119e-04 2.325602173609999934e-01 -2.167056000210000111e+00 -6.123487681430000329e+00
9.688901040700000425e-03 7.757018897749999586e-02 2.586307218839999870e-04 2.595222575139999877e-01 -2.040253919930000048e+00 -5.723669147629999898e+00
1.384128720100000036e-02 7.757018897749999586e-02 3.601158707410000181e-04 2.571561724620000100e-01 -1.962951705730000107e+00 -5.509206541370000210e+00
1.977326743000000150e-02 7.757018897749999586e-02 4.761239223779999965e-04 2.627243489509999974e-01 -1.873500130630000093e+00 -5.213811825989999704e+00
2.824752490000000116e-02 7.757018897749999586e-02 9.178447671790000316e-04 3.128283769629999767e-01 -1.735052419569999893e+00 -4.764330693479999823e+00
4.035360699999999967e-02 7.757018897749999586e-02 1.085262792719999918e-03 3.095399198159999865e-01 -1.667674524729999996e+00 -4.503388889610000057e+00
5.764800999999999953e-02 7.757018897749999586e-02 1.760915764329999949e-03 3.436124415780000274e-01 -1.585502670029999894e+00 -4.130971448740000440e+00
8.235430000000000528e-02 7.757018897749999586e-02 2.465719449019999898e-03 3.427240521720000266e-01 -1.557420088670000036e+00 -3.875485692619999867e+00
1.176490000000000036e-01 7.757018897749999586e-02 3.894841598989999976e-03 3.862439704980000221e-01 -1.461044507770000056e+00 -3.443824133300000145e+00
1.680699999999999972e-01 7.757018897749999586e-02 6.387571878310000124e-03 4.029618174090000005e-01 -1.405980880590000037e+00 -3.113509029379999848e+00
2.401000000000000079e-01 7.757018897749999586e-02 9.643696575769999599e-03 4.062002133229999923e-01 -1.383168308739999963e+00 -2.820204150099999918e+00
3.430000000000000271e-01 7.757018897749999586e-02 1.399044220880000036e-02 4.143051698199999855e-01 -1.334463850749999958e+00 -2.453681764230000173e+00
4.899999999999999911e-01 7.757018897749999586e-02 1.989600114810000098e-02 4.259480889999999742e-01 -1.298036189050000067e+00 -2.226540732560000180e+00
# L 4
# phi -0.0000
# hz 0.3
#  hx	Delta_0	Delta_2pik	r	log_Delta_0	log_Delta_2pik
2.326305139869999997e-03 7.757018897749999586e-02 5.414803966909999944e-05 2.086715646229999888e-01 -2.522668629250000016e+00 -inf
3.323293056959999818e-03 7.757018897749999586e-02 7.918267229559999745e-05 2.067751177009999886e-01 -2.432922386049999997e+00 -inf
4.747561509939999917e-03 7.757018897749999586e-02 1.306607695460000021e-04 2.400172812080000051e-01 -2.270187964209999798e+00 -6.351066018380000067e+00
6.782230728490000297e-03 7.757018897749999586e-02 1.737131725389999960e-04 2.389405373750000117e-01 -2.187850719320000081e+00 -6.127199252589999645e+00
9.688901040700000425e-03 7.757018897749999586e-02 2.598138595119999991e-04 2.556026715360000257e-01 -2.066693366119999986e+00 -5.737093183199999835e+00
1.384128720100000036e-02 7.757018897749999586e-02 3.421700913690000245e-04 2.576999602619999830e-01 -1.972614544800000091e+00 -5.429821172569999632e+00
1.977326743000000150e-02 7.757018897749999586e-02 5.323367099469999584e-04 2.754787389380000118e-01 -1.881102698100000081e+00 -5.105911390270000183e+00
2.824752490000000116e-02 7.757018897749999586e-02 7.051559496019999592e-04 2.918035157919999789e-01 -1.786265201239999989e+00 -4.876403063449999742e+00
4.035360699999999967e-02 7.757018897749999586e-02 1.198795522119999908e-03 3.034232675799999890e-01 -1.708836292830000048e+00 -4.449664340560000042e+00
5.764800999999999953e-02 7.757018897749999586e-02 1.538806797259999973e-03 3.249904394870000157e-01 -1.624065501190000038e+00 -4.181559344860000138e+00
8.235430000000000528e-02 7.757018897749999586e-02 2.479281384449999893e-03 3.587808005659999799e-01 -1.544334347699999999e+00 -3.783717811389999852e+00
1.176490000000000036e-01 7.757018897749999586e-02 4.011070362169999980e-03 3.593917365120000151e-01 -1.481177154899999904e+00 -3.420461971970000015e+00
1.680699999999999972e-01 7.757018897749999586e-02 6.356361022299999997e-03 3.875329491460000053e-01 -1.433077675420000086e+00 -3.054657971750000200e+00
2.401000000000000079e-01 7.757018897749999586e-02 1.068164225360000025e-02 4.104335302000000074e-01 -1.388148875650000003e+00 -2.690030761270000070e+00
3.430000000000000271e-01 7.757018897749999586e-02 1.445491997369999920e-02 4.072609107240000026e-01 -1.348297566620000110e+00 -2.450471775510000061e+00
4.899999999999999911e-01 7.757018897749999586e-02 2.007171270419999889e-02 4.342288678399999768e-01 -1.301955144699999956e+00 -2.266566374719999999e+00
