# L 3
# phi 0.0125
# hz 0.3
#  hx	Delta_0	Delta_2pik	r	log_Delta_0	log_Delta_2pik
2.326305139869999997e-03 2.327105669329999904e-01 8.320983747390000070e-07 2.576324296449999940e-01 -1.184919274330000105e+00 -7.811081237189999804e+00
3.323293056959999818e-03 2.327105669329999904e-01 2.859382031309999905e-06 2.610340465479999983e-01 -1.178821851899999995e+00 -7.333950790860000346e+00
4.747561509939999917e-03 2.327105669329999904e-01 9.111529005639999461e-06 2.653173926260000148e-01 -1.174740361920000087e+00 -6.830615124760000434e+00
6.782230728490000297e-03 2.327105669329999904e-01 2.457882713630000151e-05 2.728227674600000041e-01 -1.170978476409999969e+00 -6.384699313439999635e+00
9.688901040700000425e-03 2.327105669329999904e-01 5.678546922959999877e-05 2.813781412829999828e-01 -1.163231433530000025e+00 -5.971624988670000356e+00
1.384128720100000036e-02 2.327105669329999904e-01 1.266838471189999944e-04 2.941124657479999849e-01 -1.151844014079999923e+00 -5.616559867380000348e+00
1.977326743000000150e-02 2.327105669329999904e-01 4.973374430850000449e-04 3.102882517869999801e-01 -1.136039333260000062e+00 -4.871929457640000294e+00
2.824752490000000116e-02 2.327105669329999904e-01 7.488304789269999715e-04 3.021219538850000164e-01 -1.125190472499999927e+00 -4.687198440519999565e+00
4.035360699999999967e-02 2.327105669329999904e-01 1.876994512940000038e-03 3.307339994019999896e-01 -1.088167084289999975e+00 -4.118281213090000392e+00
5.764800999999999953e-02 2.327105669329999904e-01 3.141809085100000145e-03 3.355106951760000178e-01 -1.065723875770000051e+00 -3.806584219149999893e+00
8.235430000000000528e-02 2.327105669329999904e-01 5.208537591910000243e-03 3.497169934409999903e-01 -1.018151846020000084e+00 -3.473663813349999963e+00
1.176490000000000036e-01 2.327105669329999904e-01 7.485789231540000352e-03 3.703005386789999798e-01 -9.693380752700000436e-01 -3.111969214790000215e+00
1.680699999999999972e-01 2.327105669329999904e-01 1.159532067570000040e-02 3.748701420350000202e-01 -9.331709244029999795e-01 -2.831619449909999808e+00
2.401000000000000079e-01 2.327105669329999904e-01 1.707097472410000136e-02 4.017643044490000204e-01 -8.837368292089999855e-01 -2.582187535950000168e+00
3.430000000000000271e-01 2.327105669329999904e-01 2.594572801870000112e-02 3.998492202419999808e-01 -8.417520799440000312e-01 -2.302913726049999887e+00
4.899999999999999911e-01 2.327105669329999904e-01 3.423650522899999993e-02 3.987303396840000125e-01 -8.189863785609999836e-01 -2.035436483799999863e+00
