# L 5
# phi -0.0125
# hz 0.3
#  hx	Delta_0	Delta_2pik	r	log_Delta_0	log_Delta_2pik
2.326305139869999997e-03 2.585672965919999858e-02 3.572766334630000219e-10 3.854010228129999827e-01 -2.039116503999999885e+00 -inf
3.323293056959999818e-03 2.585672965919999858e-02 1.746005765279999920e-09 3.839302935789999927e-01 -2.037047568369999784e+00 -inf
4.747561509939999917e-03 2.585672965919999858e-02 1.338864291489999971e-08 3.912545721230000217e-01 -2.031303366690000001e+00 -inf
6.782230728490000297e-03 2.585672965919999858e-02 9.524483021399999780e-08 4.027236173889999771e-01 -2.019059502480000212e+00 -inf
9.688901040700000425e-03 2.585672965919999858e-02 3.952008847470000195e-07 4.049123501870000030e-01 -2.013896692029999880e+00 -inf
1.384128720100000036e-02 2.585672965919999858e-02 1.587285810390000031e-06 4.064883378299999905e-01 -2.005741699820000168e+00 -inf
1.977326743000000150e-02 2.585672965919999858e-02 1.931643905769999983e-05 4.078964936119999773e-01 -1.997839366490000046e+00 -7.194447563289999792e+00
2.824752490000000116e-02 2.585672965919999858e-02 7.021288633620000259e-05 4.080122306260000054e-01 -1.989681615809999915e+00 -6.547067967170000280e+00
4.035360699999999967e-02 2.585672965919999858e-02 2.639296307820000243e-04 4.063580204950000274e-01 -1.976286754930000056e+00 -5.621545433789999713e+00
5.764800999999999953e-02 2.585672965919999858e-02 4.142270899500000072e-04 4.106623670489999989e-01 -1.948268497940000010e+00 -5.166799278020000052e+00
8.235430000000000528e-02 2.585672965919999858e-02 8.007610194050000536e-04 4.213390386220000061e-01 -1.915693935279999982e+00 -4.680874789509999800e+00
1.176490000000000036e-01 2.585672965919999858e-02 1.513565640619999892e-03 4.257307654790000173e-01 -1.885097498459999965e+00 -4.080545859579999934e+00
1.680699999999999972e-01 2.585672965919999858e-02 1.992106943409999859e-03 4.198952379900000031e-01 -1.857729508060000034e+00 -3.755967799140000007e+00
2.401000000000000079e-01 2.585672965919999858e-02 3.727883771679999826e-03 4.288066354410000058e-01 -1.825150320219999900e+00 -3.299105639990000061e+00
3.430000000000000271e-01 2.585672965919999858e-02 6.183505110939999973e-03 4.345445407240000057e-01 -1.794274069130000093e+00 -2.900828354060000169e+00
4.899999999999999911e-01 2.585672965919999858e-02 9.501624135409999367e-03 4.521487682399999986e-01 -1.756646478790000021e+00 -2.506521866129999943e+00
