# L 3
# phi 0.3491
# hz 0.3
#  hx	Delta_0	Delta_2pik	r	log_Delta_0	log_Delta_2pik
2.326305139869999997e-03 2.327105669329999904e-01 1.828419132639999897e-09 3.822296436639999739e-01 -8.296051602509999512e-01 -9.573667358719999854e+00
3.323293056959999818e-03 2.327105669329999904e-01 6.686432320910000038e-09 3.821885906320000026e-01 -8.299990144840000417e-01 -8.876265075019999173e+00
4.747561509939999917e-03 2.327105669329999904e-01 2.150987189910000027e-08 3.824732147109999869e-01 -8.285203717900000431e-01 -8.395430426820000847e+00
6.782230728490000297e-03 2.327105669329999904e-01 4.610813990230000045e-08 3.825704284070000072e-01 -8.282628021319999867e-01 -8.119546111880000083e+00
9.688901040700000425e-03 2.327105669329999904e-01 1.690036822190000049e-07 3.826090908329999873e-01 -8.263775340940000547e-01 -7.566800251510000130e+00
1.384128720100000036e-02 2.327105669329999904e-01 3.423471803409999858e-07 3.830074412369999792e-01 -8.276785052770000428e-01 -7.232534348089999732e+00
1.977326743000000150e-02 2.327105669329999904e-01 1.605480052349999920e-06 3.832580792429999827e-01 -8.244969214020000381e-01 -6.584067153840000408e+00
2.824752490000000116e-02 2.327105669329999904e-01 3.283776399529999792e-06 3.840493399889999826e-01 -8.233962629190000326e-01 -6.215818954300000421e+00
4.035360699999999967e-02 2.327105669329999904e-01 1.095066189909999986e-05 3.872202919480000061e-01 -8.195038766350000170e-01 -5.748722959970000268e+00
5.764800999999999953e-02 2.327105669329999904e-01 2.637865711880000064e-05 3.870772001080000080e-01 -8.217645690449999485e-01 -5.445252196130000222e+00
8.235430000000000528e-02 2.327105669329999904e-01 9.073674352499999836e-05 3.914028260310000173e-01 -8.211828336780000459e-01 -4.819275209609999777e+00
1.176490000000000036e-01 2.327105669329999904e-01 2.248528203720000088e-04 4.029890164400000141e-01 -8.140543923459999665e-01 -4.379513794160000195e+00
1.680699999999999972e-01 2.327105669329999904e-01 7.329327996740000279e-04 4.022776226109999742e-01 -8.130982221720000069e-01 -4.006245115669999635e+00
2.401000000000000079e-01 2.327105669329999904e-01 1.802802534539999987e-03 4.026559618619999781e-01 -8.035919152260000420e-01 -3.549893916999999899e+00
3.430000000000000271e-01 2.327105669329999904e-01 5.272187340960000045e-03 4.305897618599999754e-01 -7.775764712999999606e-01 -3.013066942840000095e+00
4.899999999999999911e-01 2.327105669329999904e-01 1.167290236119999935e-02 4.455214984850000004e-01 -7.686288486200000269e-01 -2.546642840990000156e+00
