# L 4
# phi -0.3491
# hz 0.3
#  hx	Delta_0	Delta_2pik	r	log_Delta_0	log_Delta_2pik
2.326305139869999997e-03 7.757018897749999586e-02 5.284660062090000192e-12 3.734811312929999794e-01 -1.366852612770000031e+00 -inf
3.323293056959999818e-03 7.757018897749999586e-02 1.558519102530000155e-11 3.739261029129999914e-01 -1.364598032550000006e+00 -inf
4.747561509939999917e-03 7.757018897749999586e-02 1.178584080259999985e-10 3.742056758380000181e-01 -1.362180629480000071e+00 -inf
6.782230728490000297e-03 7.757018897749999586e-02 3.447449858099999859e-10 3.753411074469999997e-01 -1.358150414800000094e+00 -inf
9.688901040700000425e-03 7.757018897749999586e-02 9.779047861740000925e-10 3.763145656620000001e-01 -1.357396402220000020e+00 -inf
1.384128720100000036e-02 7.757018897749999586e-02 3.906387832140000040e-09 3.776672564840000135e-01 -1.357323000350000086e+00 -9.389910078770000723e+00
1.977326743000000150e-02 7.757018897749999586e-02 1.919606959400000008e-08 3.809871476530000134e-01 -1.351275075009999993e+00 -8.726614165630000031e+00
2.824752490000000116e-02 7.757018897749999586e-02 9.393752624069999433e-08 3.802020953090000099e-01 -1.346268615250000078e+00 -inf
4.035360699999999967e-02 7.757018897749999586e-02 4.478286330540000162e-07 3.838188289200000214e-01 -1.335559516220000020e+00 -7.278374525320000288e+00
5.764800999999999953e-02 7.757018897749999586e-02 2.198285817800000059e-06 3.767113144959999826e-01 -1.339242658100000094e+00 -6.762335854389999845e+00
8.235430000000000528e-02 7.757018897749999586e-02 6.960662301800000228e-06 3.834383161939999840e-01 -1.334498003840000058e+00 -6.230251957270000140e+00
1.176490000000000036e-01 7.757018897749999586e-02 2.564444851680000131e-05 3.951072534910000100e-01 -1.318166291839999893e+00 -5.495010890369999679e+00
1.680699999999999972e-01 7.757018897749999586e-02 8.997216795400000359e-05 3.881553350979999872e-01 -1.314776469409999926e+00 -5.072905980069999821e+00
2.401000000000000079e-01 7.757018897749999586e-02 3.155426131630000106e-04 4.178571355630000261e-01 -1.298977600850000025e+00 -4.469474111290000273e+00
3.430000000000000271e-01 7.757018897749999586e-02 1.405628869760000045e-03 4.245252001800000063e-01 -1.274627342610000102e+00 -3.637376170450000057e+00
4.899999999999999911e-01 7.757018897749999586e-02 3.994191977010000047e-03 4.344478890960000173e-01 -1.269764630270000083e+00 -3.024156965730000035e+00
