# L 3
# phi 0.0623
# hz 0.3
#  hx	Delta_0	Delta_2pik	r	log_Delta_0	log_Delta_2pik
2.326305139869999997e-03 2.327105669329999904e-01 3.903759088449999738e-08 3.609293297539999945e-01 -9.440408718560000523e-01 -8.593589335000000773e+00
3.323293056959999818e-03 2.327105669329999904e-01 1.388915617759999896e-07 3.611080862459999929e-01 -9.440581697609999878e-01 -8.067634707310000763e+00
4.747561509939999917e-03 2.327105669329999904e-01 4.784265397349999973e-07 3.615284530110000061e-01 -9.426394900710000080e-01 -7.528778003270000241e+00
6.782230728490000297e-03 2.327105669329999904e-01 9.199754872410000349e-07 3.613873324529999764e-01 -9.427740369289999700e-01 -7.179916822490000072e+00
9.688901040700000425e-03 2.327105669329999904e-01 2.692465140410000178e-06 3.628522748799999920e-01 -9.412274371850000154e-01 -6.702234025650000149e+00
1.384128720100000036e-02 2.327105669329999904e-01 7.402197331829999745e-06 3.640420950209999895e-01 -9.395138540280000283e-01 -6.318650317670000405e+00
1.977326743000000150e-02 2.327105669329999904e-01 2.035373336360000050e-05 3.654938464570000045e-01 -9.361693257980000515e-01 -5.935111637640000382e+00
2.824752490000000116e-02 2.327105669329999904e-01 6.509946448849999827e-05 3.709416182240000137e-01 -9.347904764429999513e-01 -5.293938006160000320e+00
4.035360699999999967e-02 2.327105669329999904e-01 1.959813519190000102e-04 3.790732899070000106e-01 -9.261250639250000471e-01 -4.825903255060000063e+00
5.764800999999999953e-02 2.327105669329999904e-01 4.908845555120000320e-04 3.845468975779999798e-01 -9.174907252620000397e-01 -4.436346909420000095e+00
8.235430000000000528e-02 2.327105669329999904e-01 1.301765239479999933e-03 3.927172186560000111e-01 -9.107516467690000006e-01 -4.028342723579999785e+00
1.176490000000000036e-01 2.327105669329999904e-01 2.631536720219999816e-03 3.873888879990000089e-01 -8.998887336790000191e-01 -3.627303885999999977e+00
1.680699999999999972e-01 2.327105669329999904e-01 6.091209861770000185e-03 4.052569550949999821e-01 -8.792072385060000217e-01 -3.095723903070000116e+00
2.401000000000000079e-01 2.327105669329999904e-01 1.163013984139999943e-02 3.943715661180000054e-01 -8.666780649490000155e-01 -2.784565687769999798e+00
3.430000000000000271e-01 2.327105669329999904e-01 2.384711895460000022e-02 4.034853736049999751e-01 -8.391939549539999543e-01 -2.354941826770000191e+00
4.899999999999999911e-01 2.327105669329999904e-01 3.039601144779999903e-02 4.226161620439999878e-01 -8.019441313649999792e-01 -2.130948270170000214e+00
