# L 2
# phi -0.0873
# hz 0.3
#  hx	Delta_0	Delta_2pik	r	log_Delta_0	log_Delta_2pik
2.326305139869999997e-03 6.981317007980000211e-01 6.865884288739999699e-06 3.213173893130000236e-01 -3.693790971420000124e-01 -6.256458821229999856e+00
3.323293056959999818e-03 6.981317007980000211e-01 1.583546638549999992e-05 3.213393286849999808e-01 -3.693476936639999986e-01 -5.795985094439999763e+00
4.747561509939999917e-03 6.981317007980000211e-01 3.140685302130000265e-05 3.214045795600000144e-01 -3.692846751759999990e-01 -5.539576730870000354e+00
6.782230728490000297e-03 6.981317007980000211e-01 6.502627518159999744e-05 3.215068497210000209e-01 -3.691463278120000191e-01 -5.237970202189999647e+00
9.688901040700000425e-03 6.981317007980000211e-01 1.201910807520000050e-04 3.216311081220000201e-01 -3.689603307470000204e-01 -4.957922451890000026e+00
1.384128720100000036e-02 6.981317007980000211e-01 2.399782821519999912e-04 3.219967411469999985e-01 -3.686250667739999765e-01 -4.607261034859999604e+00
1.977326743000000150e-02 6.981317007980000211e-01 4.867228617160000216e-04 3.226030146109999941e-01 -3.676489966629999939e-01 -4.358132270209999604e+00
2.824752490000000116e-02 6.981317007980000211e-01 9.958343509279998958e-04 3.240699811030000044e-01 -3.661922103399999906e-01 -3.995520883370000220e+00
4.035360699999999967e-02 6.981317007980000211e-01 1.696548934849999909e-03 3.269831745610000118e-01 -3.634839880619999963e-01 -3.786089564700000132e+00
5.764800999999999953e-02 6.981317007980000211e-01 3.571157098170000058e-03 3.316674878990000241e-01 -3.599369445680000168e-01 -3.373042352310000158e+00
8.235430000000000528e-02 6.981317007980000211e-01 6.355676246700000045e-03 3.374279229430000027e-01 -3.544690367860000024e-01 -3.146784114519999953e+00
1.176490000000000036e-01 6.981317007980000211e-01 1.277613160089999950e-02 3.450647311300000242e-01 -3.469351878270000022e-01 -2.664363835590000118e+00
1.680699999999999972e-01 6.981317007980000211e-01 1.997823525829999988e-02 3.644383659289999744e-01 -3.305742712329999833e-01 -2.430756854559999791e+00
2.401000000000000079e-01 6.981317007980000211e-01 3.190306218459999787e-02 3.831132049970000231e-01 -3.076449632350000130e-01 -2.184587432509999871e+00
3.430000000000000271e-01 6.981317007980000211e-01 4.755421600870000237e-02 3.933185015860000133e-01 -2.934207343699999915e-01 -1.988526693889999919e+00
4.899999999999999911e-01 6.981317007980000211e-01 8.744403488440000149e-02 4.336113768839999771e-01 -2.697754238580000186e-01 -1.687080669540000022e+00
