# L 3
# phi -0.4363
# hz 0.3
#  hx	Delta_0	Delta_2pik	r	log_Delta_0	log_Delta_2pik
2.326305139869999997e-03 2.327105669329999904e-01 4.463524411310000051e-09 3.580386035409999779e-01 -8.846236404130000119e-01 -9.490816088220000779e+00
3.323293056959999818e-03 2.327105669329999904e-01 1.492811187730000075e-08 3.579854588570000051e-01 -8.844484532849999914e-01 -8.903605920440000432e+00
4.747561509939999917e-03 2.327105669329999904e-01 3.187720785330000305e-08 3.579698683299999962e-01 -8.845751065439999561e-01 -8.480819130400000461e+00
6.782230728490000297e-03 2.327105669329999904e-01 8.172320506079999762e-08 3.586011936130000244e-01 -8.837996157220000537e-01 -7.950527273529999661e+00
9.688901040700000425e-03 2.327105669329999904e-01 2.596319409939999920e-07 3.586812093419999847e-01 -8.835019988910000066e-01 -7.573225320039999708e+00
1.384128720100000036e-02 2.327105669329999904e-01 9.474139048809999859e-07 3.618454543979999771e-01 -8.808882344330000169e-01 -6.989054452679999585e+00
1.977326743000000150e-02 2.327105669329999904e-01 2.872552749860000012e-06 3.604762705819999913e-01 -8.820324552289999787e-01 -6.662515754190000195e+00
2.824752490000000116e-02 2.327105669329999904e-01 6.713915404770000145e-06 3.639829198569999869e-01 -8.757431884440000092e-01 -6.021049922609999605e+00
4.035360699999999967e-02 2.327105669329999904e-01 1.319024395699999962e-05 3.643741790969999839e-01 -8.735755693690000490e-01 -5.791712774679999676e+00
5.764800999999999953e-02 2.327105669329999904e-01 4.893902274509999987e-05 3.610962466729999987e-01 -8.724501520940000088e-01 -5.163488140500000156e+00
8.235430000000000528e-02 2.327105669329999904e-01 1.240122444890000134e-04 3.606293822250000169e-01 -8.648885493829999715e-01 -4.790690811300000185e+00
1.176490000000000036e-01 2.327105669329999904e-01 3.367595053500000248e-04 3.631888834279999867e-01 -8.509681939800000094e-01 -4.218845045580000175e+00
1.680699999999999972e-01 2.327105669329999904e-01 6.713352183570000251e-04 3.690710733700000024e-01 -8.538151982720000310e-01 -3.973034480059999929e+00
2.401000000000000079e-01 2.327105669329999904e-01 2.189477622860000125e-03 3.688134971059999767e-01 -8.484199604250000082e-01 -3.443144538049999870e+00
3.430000000000000271e-01 2.327105669329999904e-01 5.149703048180000187e-03 3.913028494870000040e-01 -8.183127942979999681e-01 -3.027475200040000036e+00
4.899999999999999911e-01 2.327105669329999904e-01 9.578346797280000435e-03 3.937285251270000175e-01 -8.157661084659999506e-01 -2.694344779830000203e+00
