# L 5
# phi -0.0249
# hz 0.3
#  hx	Delta_0	Delta_2pik	r	log_Delta_0	log_Delta_2pik
2.326305139869999997e-03 2.585672965919999858e-02 3.092966384149999694e-11 3.773206381010000277e-01 -1.936606955320000045e+00 -inf
3.323293056959999818e-03 2.585672965919999858e-02 1.942099095350000119e-10 3.775640137580000277e-01 -1.937949119490000038e+00 -inf
4.747561509939999917e-03 2.585672965919999858e-02 7.839807142020000407e-10 3.797434450800000194e-01 -1.935176822799999918e+00 -inf
6.782230728490000297e-03 2.585672965919999858e-02 6.790622982589999594e-09 3.836919051000000080e-01 -1.931577823050000031e+00 -inf
9.688901040700000425e-03 2.585672965919999858e-02 3.617721112029999798e-08 3.859920115159999887e-01 -1.930607259829999922e+00 -inf
1.384128720100000036e-02 2.585672965919999858e-02 1.893819821140000027e-07 3.842239058540000141e-01 -1.924465165310000003e+00 -8.850972665040000464e+00
1.977326743000000150e-02 2.585672965919999858e-02 8.072237400219999990e-07 3.945740984780000127e-01 -1.918415803550000076e+00 -inf
2.824752490000000116e-02 2.585672965919999858e-02 6.202770152580000170e-06 4.010426719910000215e-01 -1.903871975539999983e+00 -7.279196540810000116e+00
4.035360699999999967e-02 2.585672965919999858e-02 3.469370544009999966e-05 4.022415540539999723e-01 -1.898246653549999996e+00 -6.474208887969999715e+00
5.764800999999999953e-02 2.585672965919999858e-02 2.208658423220000123e-04 4.086958819770000195e-01 -1.878431770259999967e+00 -5.573556999470000051e+00
8.235430000000000528e-02 2.585672965919999858e-02 5.178275798660000526e-04 4.076425281430000047e-01 -1.876570541810000048e+00 -4.974683692190000173e+00
1.176490000000000036e-01 2.585672965919999858e-02 1.302964310979999986e-03 4.122940941980000051e-01 -1.854309716229999960e+00 -4.230192742739999900e+00
1.680699999999999972e-01 2.585672965919999858e-02 1.886005469340000084e-03 4.116817770010000044e-01 -1.832097093190000026e+00 -3.942060640019999784e+00
2.401000000000000079e-01 2.585672965919999858e-02 3.524984642860000145e-03 4.171226384560000056e-01 -1.811668678109999986e+00 -3.338396119660000050e+00
3.430000000000000271e-01 2.585672965919999858e-02 6.145508642579999674e-03 4.327957649229999815e-01 -1.783864579989999921e+00 -2.839550424310000043e+00
4.899999999999999911e-01 2.585672965919999858e-02 8.534242698829999987e-03 4.446702883729999889e-01 -1.755041901070000021e+00 -2.678360407390000031e+00
