# L 2
# phi -0.0499
# hz 0.3
#  hx	Delta_0	Delta_2pik	r	log_Delta_0	log_Delta_2pik
2.326305139869999997e-03 6.981317007980000211e-01 1.055345009700000040e-05 2.684464088010000138e-01 -4.307757421699999756e-01 -6.028027974699999625e+00
3.323293056959999818e-03 6.981317007980000211e-01 2.091877314570000056e-05 2.684827266659999823e-01 -4.306677383809999760e-01 -5.850320408500000013e+00
4.747561509939999917e-03 6.981317007980000211e-01 4.412304287919999830e-05 2.685242555249999774e-01 -4.307110630250000072e-01 -5.409220681419999899e+00
6.782230728490000297e-03 6.981317007980000211e-01 8.150547288669999916e-05 2.686269063849999750e-01 -4.305462115170000104e-01 -5.190097302409999891e+00
9.688901040700000425e-03 6.981317007980000211e-01 2.097079486939999889e-04 2.690218349799999853e-01 -4.299890438780000212e-01 -4.802845224860000428e+00
1.384128720100000036e-02 6.981317007980000211e-01 3.377996476339999860e-04 2.693122920980000057e-01 -4.284905105460000141e-01 -4.626646827690000130e+00
1.977326743000000150e-02 6.981317007980000211e-01 6.530818629319999624e-04 2.704244972229999933e-01 -4.280277819900000225e-01 -4.365274777549999818e+00
2.824752490000000116e-02 6.981317007980000211e-01 1.561799906410000008e-03 2.712097235909999848e-01 -4.237140723699999723e-01 -3.844970847979999995e+00
4.035360699999999967e-02 6.981317007980000211e-01 2.997170766559999894e-03 2.770428691260000131e-01 -4.196736453880000051e-01 -3.635400961799999831e+00
5.764800999999999953e-02 6.981317007980000211e-01 5.204571649090000349e-03 2.810854711029999731e-01 -4.138008287909999972e-01 -3.310387531239999959e+00
8.235430000000000528e-02 6.981317007980000211e-01 9.098444545949999421e-03 2.949779604550000212e-01 -4.009063547669999839e-01 -2.946618995710000188e+00
1.176490000000000036e-01 6.981317007980000211e-01 1.403640443050000082e-02 2.979817782470000065e-01 -3.899453215390000227e-01 -2.691466697760000137e+00
1.680699999999999972e-01 6.981317007980000211e-01 2.387266767299999967e-02 3.144715694199999856e-01 -3.712648339699999855e-01 -2.445048880429999905e+00
2.401000000000000079e-01 6.981317007980000211e-01 3.397082900940000261e-02 3.423952620999999863e-01 -3.469695403759999741e-01 -2.204032796429999941e+00
3.430000000000000271e-01 6.981317007980000211e-01 4.625006675019999874e-02 3.541424220619999730e-01 -3.314537643079999985e-01 -1.998259399349999965e+00
4.899999999999999911e-01 6.981317007980000211e-01 8.209108815120000346e-02 4.113852714060000082e-01 -2.801471217670000180e-01 -1.669492434489999955e+00
