# L 2
# phi 0.0374
# hz 0.3
#  hx	Delta_0	Delta_2pik	r	log_Delta_0	log_Delta_2pik
2.326305139869999997e-03 6.981317007980000211e-01 1.775943327319999936e-05 2.488594581009999918e-01 -4.396555650100000268e-01 -5.966414647019999684e+00
3.323293056959999818e-03 6.981317007980000211e-01 3.046871884429999994e-05 2.489135082080000116e-01 -4.395864390909999808e-01 -5.657126496350000089e+00
4.747561509939999917e-03 6.981317007980000211e-01 6.377386279229999445e-05 2.490294647469999956e-01 -4.394699743230000011e-01 -5.404077325310000290e+00
6.782230728490000297e-03 6.981317007980000211e-01 1.304636426639999936e-04 2.491519070629999999e-01 -4.392662953320000119e-01 -5.046789781720000256e+00
9.688901040700000425e-03 6.981317007980000211e-01 2.594276279120000185e-04 2.495746521240000126e-01 -4.388717084970000237e-01 -4.848846626150000283e+00
1.384128720100000036e-02 6.981317007980000211e-01 4.903624499260000403e-04 2.499563827880000033e-01 -4.379991801049999967e-01 -4.501867204359999874e+00
1.977326743000000150e-02 6.981317007980000211e-01 9.993135880770000114e-04 2.511049636909999938e-01 -4.363146858579999843e-01 -4.100264181480000047e+00
2.824752490000000116e-02 6.981317007980000211e-01 1.856278919889999945e-03 2.546838176080000182e-01 -4.331112467600000127e-01 -3.874195255680000116e+00
4.035360699999999967e-02 6.981317007980000211e-01 3.566103695519999821e-03 2.587068572510000108e-01 -4.269390974589999943e-01 -3.510531460090000166e+00
5.764800999999999953e-02 6.981317007980000211e-01 5.363999563650000309e-03 2.622119832300000009e-01 -4.216887747020000021e-01 -3.319887368919999915e+00
8.235430000000000528e-02 6.981317007980000211e-01 1.155270865510000036e-02 2.691746016630000016e-01 -4.076797891030000121e-01 -2.887870243880000132e+00
1.176490000000000036e-01 6.981317007980000211e-01 1.661482349619999854e-02 2.825171305699999968e-01 -3.914230929360000277e-01 -2.664929556090000151e+00
1.680699999999999972e-01 6.981317007980000211e-01 2.452991071020000149e-02 2.991589744229999903e-01 -3.677596879159999999e-01 -2.425066095990000115e+00
2.401000000000000079e-01 6.981317007980000211e-01 3.396145839550000073e-02 3.138195309649999820e-01 -3.581637892469999862e-01 -2.244904467330000042e+00
3.430000000000000271e-01 6.981317007980000211e-01 5.516509920470000217e-02 3.671058870550000242e-01 -3.194552490179999871e-01 -1.911013321830000056e+00
4.899999999999999911e-01 6.981317007980000211e-01 8.302259523339999836e-02 4.054477757350000156e-01 -3.036071098590000239e-01 -1.718771148449999897e+00
