# L 3
# phi -0.0125
# hz 0.3
#  hx	Delta_0	Delta_2pik	r	log_Delta_0	log_Delta_2pik
2.326305139869999997e-03 2.327105669329999904e-01 7.829019385370000338e-07 2.527748671710000061e-01 -1.127233679159999946e+00 -7.917549295799999776e+00
3.323293056959999818e-03 2.327105669329999904e-01 2.547071835389999952e-06 2.550123930689999763e-01 -1.123204999029999929e+00 -7.409369857249999747e+00
4.747561509939999917e-03 2.327105669329999904e-01 8.651579277980000598e-06 2.589714960769999852e-01 -1.120803220790000054e+00 -6.822891872949999659e+00
6.782230728490000297e-03 2.327105669329999904e-01 1.999105606689999918e-05 2.678460325459999791e-01 -1.114505780110000011e+00 -6.485786620449999873e+00
9.688901040700000425e-03 2.327105669329999904e-01 4.811324081479999764e-05 2.757416315619999891e-01 -1.107148395679999897e+00 -6.041486398920000056e+00
1.384128720100000036e-02 2.327105669329999904e-01 1.422714977070000102e-04 2.961465414489999892e-01 -1.099735311429999918e+00 -5.557287631520000382e+00
1.977326743000000150e-02 2.327105669329999904e-01 3.610408144800000179e-04 3.039369092679999884e-01 -1.082312274510000005e+00 -5.116078205240000010e+00
2.824752490000000116e-02 2.327105669329999904e-01 8.268239978289999501e-04 3.176976032100000125e-01 -1.064719338119999970e+00 -4.640890418819999752e+00
4.035360699999999967e-02 2.327105669329999904e-01 1.449164567120000014e-03 3.295480375320000155e-01 -1.047793376050000003e+00 -4.344336030400000048e+00
5.764800999999999953e-02 2.327105669329999904e-01 2.568657809239999895e-03 3.480687668499999887e-01 -1.015116941070000056e+00 -3.939627972489999852e+00
8.235430000000000528e-02 2.327105669329999904e-01 5.031675321499999576e-03 3.658993287330000177e-01 -9.741133186799999510e-01 -3.530578441649999899e+00
1.176490000000000036e-01 2.327105669329999904e-01 6.892519397710000079e-03 3.635996727160000219e-01 -9.545306200380000439e-01 -3.287433444759999990e+00
1.680699999999999972e-01 2.327105669329999904e-01 1.097084104140000002e-02 3.967884131600000197e-01 -9.097035605059999863e-01 -2.966528288200000141e+00
2.401000000000000079e-01 2.327105669329999904e-01 1.580729389689999875e-02 4.046696848990000150e-01 -8.656286108909999610e-01 -2.734584451119999926e+00
3.430000000000000271e-01 2.327105669329999904e-01 2.559176886100000131e-02 4.207487762279999988e-01 -8.286380920500000524e-01 -2.369982194429999911e+00
4.899999999999999911e-01 2.327105669329999904e-01 3.203728796000000073e-02 4.334750074350000038e-01 -7.926297468580000283e-01 -2.133592299470000064e+00
