# L 4
# phi 0.0374
# hz 0.3
#  hx	Delta_0	Delta_2pik	r	log_Delta_0	log_Delta_2pik
2.326305139869999997e-03 7.757018897749999586e-02 7.099600404960000041e-10 3.788912018669999826e-01 -1.451437570309999980e+00 -inf
3.323293056959999818e-03 7.757018897749999586e-02 2.825627788050000051e-09 3.802553328330000038e-01 -1.448131068489999951e+00 -1.019992676969999934e+01
4.747561509939999917e-03 7.757018897749999586e-02 1.355806605739999920e-08 3.810901387349999725e-01 -1.442878216690000048e+00 -inf
6.782230728490000297e-03 7.757018897749999586e-02 6.061679659449999416e-08 3.863048007270000195e-01 -1.437718924349999927e+00 -inf
9.688901040700000425e-03 7.757018897749999586e-02 2.475279848889999751e-07 3.885431283499999888e-01 -1.431445185719999902e+00 -8.251343410989999683e+00
1.384128720100000036e-02 7.757018897749999586e-02 9.165604982469999984e-07 3.985322730990000228e-01 -1.423687495260000047e+00 -7.732625706700000379e+00
1.977326743000000150e-02 7.757018897749999586e-02 4.144965800890000119e-06 4.002867147340000153e-01 -1.417723269139999909e+00 -6.983441874590000431e+00
2.824752490000000116e-02 7.757018897749999586e-02 1.157745041879999979e-05 4.080592990029999756e-01 -1.406891889590000000e+00 -6.551882582670000232e+00
4.035360699999999967e-02 7.757018897749999586e-02 6.502056320759999381e-05 4.134642910179999742e-01 -1.402202244860000002e+00 -5.798685516249999949e+00
5.764800999999999953e-02 7.757018897749999586e-02 2.222197390020000103e-04 4.169549315889999885e-01 -1.393644519229999990e+00 -5.213260185030000216e+00
8.235430000000000528e-02 7.757018897749999586e-02 7.232688671550000425e-04 4.083932985870000199e-01 -1.394962271780000096e+00 -4.633275350399999937e+00
1.176490000000000036e-01 7.757018897749999586e-02 1.745425674419999983e-03 4.159015302519999957e-01 -1.383446072199999932e+00 -4.023525015409999739e+00
1.680699999999999972e-01 7.757018897749999586e-02 3.882386098649999884e-03 4.229780457080000167e-01 -1.355070139109999960e+00 -3.407771024290000117e+00
2.401000000000000079e-01 7.757018897749999586e-02 6.080982746149999826e-03 4.144912150269999818e-01 -1.337150253919999976e+00 -3.072852581659999860e+00
3.430000000000000271e-01 7.757018897749999586e-02 1.046963568219999932e-02 4.289884765599999983e-01 -1.315182542460000104e+00 -2.752653700349999788e+00
4.899999999999999911e-01 7.757018897749999586e-02 1.756655774489999933e-02 4.422467369779999879e-01 -1.281137305669999948e+00 -2.305305885380000142e+00
