# L 4
# phi -0.0374
# hz 0.3
#  hx	Delta_0	Delta_2pik	r	log_Delta_0	log_Delta_2pik
2.326305139869999997e-03 7.757018897749999586e-02 7.952508508500000246e-10 3.709578827250000210e-01 -1.498241265919999954e+00 -inf
3.323293056959999818e-03 7.757018897749999586e-02 3.644187923880000104e-09 3.713302334760000267e-01 -1.497493999180000035e+00 -inf
4.747561509939999917e-03 7.757018897749999586e-02 1.526242792000000004e-08 3.736900843420000173e-01 -1.496253194029999900e+00 -inf
6.782230728490000297e-03 7.757018897749999586e-02 6.778772212129999707e-08 3.757455752500000190e-01 -1.490817409169999941e+00 -inf
9.688901040700000425e-03 7.757018897749999586e-02 1.571208641129999962e-07 3.765042936099999848e-01 -1.491190961330000064e+00 -8.445809342609999604e+00
1.384128720100000036e-02 7.757018897749999586e-02 1.001080470509999940e-06 3.835786658720000131e-01 -1.485092599229999921e+00 -7.650860269659999879e+00
1.977326743000000150e-02 7.757018897749999586e-02 3.111517644849999927e-06 3.882746860199999817e-01 -1.477898405789999980e+00 -7.031394620840000442e+00
2.824752490000000116e-02 7.757018897749999586e-02 1.421489053989999933e-05 3.938446058410000061e-01 -1.471018510670000001e+00 -6.399808468709999865e+00
4.035360699999999967e-02 7.757018897749999586e-02 4.888076565699999988e-05 3.902347841289999786e-01 -1.467155254959999988e+00 -5.865003943149999621e+00
5.764800999999999953e-02 7.757018897749999586e-02 1.670078769769999937e-04 3.946050098330000089e-01 -1.457583141279999994e+00 -5.249867306429999658e+00
8.235430000000000528e-02 7.757018897749999586e-02 6.030412085469999970e-04 4.059772594209999919e-01 -1.439276569220000024e+00 -4.636023401640000152e+00
1.176490000000000036e-01 7.757018897749999586e-02 1.676915568480000012e-03 4.096133587299999879e-01 -1.425405446429999889e+00 -3.969936282880000000e+00
1.680699999999999972e-01 7.757018897749999586e-02 3.286784171980000179e-03 4.235274567110000055e-01 -1.396089579629999911e+00 -3.589207143979999959e+00
2.401000000000000079e-01 7.757018897749999586e-02 6.318627909599999759e-03 4.205689955779999822e-01 -1.370172380399999890e+00 -2.998513212619999813e+00
3.430000000000000271e-01 7.757018897749999586e-02 1.039298891480000021e-02 4.315732683249999813e-01 -1.327374390729999964e+00 -2.726446391780000145e+00
4.899999999999999911e-01 7.757018897749999586e-02 1.557139076509999991e-02 4.418156707929999927e-01 -1.290539561789999956e+00 -2.399630736020000210e+00
