# L 5
# phi -0.3491
# hz 0.3
#  hx	Delta_0	Delta_2pik	r	log_Delta_0	log_Delta_2pik
2.326305139869999997e-03 2.585672965919999858e-02 2.310811258850000063e-13 3.942274031060000183e-01 -1.833399111429999895e+00 -inf
3.323293056959999818e-03 2.585672965919999858e-02 7.439599370939999814e-13 3.939183635519999949e-01 -1.833471308900000096e+00 -inf
4.747561509939999917e-03 2.585672965919999858e-02 9.882587295369999759e-13 3.948358479249999831e-01 -1.832280355139999983e+00 -inf
6.782230728490000297e-03 2.585672965919999858e-02 8.466187690550000402e-11 3.946073816160000081e-01 -1.833231552420000021e+00 -inf
9.688901040700000425e-03 2.585672965919999858e-02 3.543033204730000182e-11 3.947505251730000220e-01 -1.829384789779999965e+00 -inf
1.384128720100000036e-02 2.585672965919999858e-02 1.581649124979999955e-10 3.993814065019999915e-01 -1.820499826919999897e+00 -inf
1.977326743000000150e-02 2.585672965919999858e-02 3.568253608490000104e-09 3.997196346190000082e-01 -1.818709298369999949e+00 -inf
2.824752490000000116e-02 2.585672965919999858e-02 8.743449894980000098e-09 3.946424125740000122e-01 -1.820698532129999991e+00 -9.927104256199999810e+00
4.035360699999999967e-02 2.585672965919999858e-02 8.736823442060000059e-08 4.018094580809999927e-01 -1.812760813139999927e+00 -9.090713231309999642e+00
5.764800999999999953e-02 2.585672965919999858e-02 3.152747158049999903e-07 4.069797153440000148e-01 -1.804698258089999952e+00 -8.099948916820000733e+00
8.235430000000000528e-02 2.585672965919999858e-02 1.335164503909999923e-06 3.921792910799999921e-01 -1.808404547859999933e+00 -7.314490680449999616e+00
1.176490000000000036e-01 2.585672965919999858e-02 3.944298127340000041e-06 3.968196243470000217e-01 -1.805393587870000038e+00 -6.650580235699999676e+00
1.680699999999999972e-01 2.585672965919999858e-02 2.282456238670000127e-05 4.042521846489999793e-01 -1.798201862890000058e+00 -5.879980654679999752e+00
2.401000000000000079e-01 2.585672965919999858e-02 7.283636232519999961e-05 4.030291375710000068e-01 -1.790578354370000014e+00 -5.150376796589999806e+00
3.430000000000000271e-01 2.585672965919999858e-02 2.678882482239999829e-04 4.203005475220000231e-01 -1.778114987619999976e+00 -4.583073223349999559e+00
4.899999999999999911e-01 2.585672965919999858e-02 1.025703871890000073e-03 4.279590419930000000e-01 -1.760292345549999915e+00 -3.746564197510000138e+00
