# L 2
# phi 0.0499
# hz 0.3
#  hx	Delta_0	Delta_2pik	r	log_Delta_0	log_Delta_2pik
2.326305139869999997e-03 6.981317007980000211e-01 1.091102113970000067e-05 2.887456781909999992e-01 -4.001155973980000113e-01 -6.183463277399999569e+00
3.323293056959999818e-03 6.981317007980000211e-01 2.663893307320000146e-05 2.887567885080000174e-01 -4.000843836660000208e-01 -5.684653740519999943e+00
4.747561509939999917e-03 6.981317007980000211e-01 4.935497498769999999e-05 2.888110532009999787e-01 -3.999105461029999753e-01 -5.543545153470000209e+00
6.782230728490000297e-03 6.981317007980000211e-01 1.020730196139999960e-04 2.890088352049999809e-01 -3.996348894430000187e-01 -5.112097275800000062e+00
9.688901040700000425e-03 6.981317007980000211e-01 1.918317940639999923e-04 2.890543257439999736e-01 -3.992669819799999908e-01 -4.863384026380000336e+00
1.384128720100000036e-02 6.981317007980000211e-01 3.936731784830000097e-04 2.896022029320000080e-01 -3.984880420549999913e-01 -4.536807938669999984e+00
1.977326743000000150e-02 6.981317007980000211e-01 7.710013210249999855e-04 2.899836056660000105e-01 -3.969914661280000145e-01 -4.218299951239999679e+00
2.824752490000000116e-02 6.981317007980000211e-01 1.455699807290000009e-03 2.918903025899999837e-01 -3.940221506689999820e-01 -4.001497461409999623e+00
4.035360699999999967e-02 6.981317007980000211e-01 2.754375505399999941e-03 2.926906497890000014e-01 -3.912098581480000226e-01 -3.635049578979999918e+00
5.764800999999999953e-02 6.981317007980000211e-01 4.404586522690000054e-03 2.980815188079999900e-01 -3.874120682980000119e-01 -3.415297308870000048e+00
8.235430000000000528e-02 6.981317007980000211e-01 9.822937582100000481e-03 3.007575446440000078e-01 -3.767562605409999765e-01 -2.944007925769999812e+00
1.176490000000000036e-01 6.981317007980000211e-01 1.612715345869999983e-02 3.151039867120000171e-01 -3.626101944339999994e-01 -2.628678913559999941e+00
1.680699999999999972e-01 6.981317007980000211e-01 2.418542624650000042e-02 3.362274779700000216e-01 -3.489225839860000122e-01 -2.395806037079999840e+00
2.401000000000000079e-01 6.981317007980000211e-01 3.491550752590000251e-02 3.401395475480000208e-01 -3.454429621790000016e-01 -2.160858985219999973e+00
3.430000000000000271e-01 6.981317007980000211e-01 5.344234484489999992e-02 3.839290296480000197e-01 -3.191631469799999787e-01 -1.905270644950000092e+00
4.899999999999999911e-01 6.981317007980000211e-01 7.754322579080000222e-02 3.992544229530000099e-01 -2.957575804629999916e-01 -1.699573056089999978e+00
