# L 5
# phi 0.0374
# hz 0.3
#  hx	Delta_0	Delta_2pik	r	log_Delta_0	log_Delta_2pik
2.326305139869999997e-03 2.585672965919999858e-02 5.299826750299999777e-12 3.612010335179999809e-01 -1.962763806789999954e+00 -inf
3.323293056959999818e-03 2.585672965919999858e-02 4.094530366340000251e-11 3.629705728429999945e-01 -1.959874231149999924e+00 -inf
4.747561509939999917e-03 2.585672965919999858e-02 1.720900853189999941e-10 3.632050427910000212e-01 -1.959152717000000044e+00 -inf
6.782230728490000297e-03 2.585672965919999858e-02 1.281216921130000038e-09 3.718353576790000004e-01 -1.949386502350000105e+00 -inf
9.688901040700000425e-03 2.585672965919999858e-02 8.631574037599999982e-09 3.738127916580000210e-01 -1.945612369590000057e+00 -inf
1.384128720100000036e-02 2.585672965919999858e-02 3.371756350049999699e-08 3.791337906830000160e-01 -1.936468819209999914e+00 -inf
1.977326743000000150e-02 2.585672965919999858e-02 1.924272383219999947e-07 3.769396783699999753e-01 -1.941620691870000082e+00 -8.304846364770000378e+00
2.824752490000000116e-02 2.585672965919999858e-02 1.186399348490000037e-06 3.794848158360000223e-01 -1.931340809579999984e+00 -7.733942450819999870e+00
4.035360699999999967e-02 2.585672965919999858e-02 8.312784961580000124e-06 3.949040109120000031e-01 -1.911366596909999993e+00 -7.030772289589999779e+00
5.764800999999999953e-02 2.585672965919999858e-02 4.927210844839999835e-05 3.905442744140000255e-01 -1.905255718989999902e+00 -6.271849458540000199e+00
8.235430000000000528e-02 2.585672965919999858e-02 1.629433143279999908e-04 3.971336635539999826e-01 -1.894632361680000043e+00 -5.521835982349999838e+00
1.176490000000000036e-01 2.585672965919999858e-02 6.283767451200000321e-04 4.085536578910000105e-01 -1.877168258340000007e+00 -4.611470511900000346e+00
1.680699999999999972e-01 2.585672965919999858e-02 1.589357255689999998e-03 4.182309051490000207e-01 -1.847752393860000009e+00 -3.923145934019999892e+00
2.401000000000000079e-01 2.585672965919999858e-02 3.023103375590000148e-03 4.230051045589999781e-01 -1.823517146899999997e+00 -3.356279776970000128e+00
3.430000000000000271e-01 2.585672965919999858e-02 5.095108372760000053e-03 4.353222149470000191e-01 -1.792610216119999933e+00 -3.015759444209999973e+00
4.899999999999999911e-01 2.585672965919999858e-02 7.499831735750000193e-03 4.424292676339999786e-01 -1.765526852560000082e+00 -2.736444062419999934e+00
