# L 3
# phi 0.0000
# hz 0.3
#  hx	Delta_0	Delta_2pik	r	log_Delta_0	log_Delta_2pik
2.326305139869999997e-03 2.327105669329999904e-01 1.612044041350000115e-04 1.508061721550000012e-01 -1.813629906649999901e+00 -6.120454453289999819e+00
3.323293056959999818e-03 2.327105669329999904e-01 2.362806687089999923e-04 1.648048785079999912e-01 -1.725095207110000084e+00 -5.894423545579999590e+00
4.747561509939999917e-03 2.327105669329999904e-01 3.246223422499999842e-04 1.592625874730000113e-01 -1.662982879310000106e+00 -5.659661287419999631e+00
6.782230728490000297e-03 2.327105669329999904e-01 4.145272876040000066e-04 1.678548883410000137e-01 -1.565810488209999907e+00 -5.416141356159999809e+00
9.688901040700000425e-03 2.327105669329999904e-01 6.464504610780000184e-04 1.836349648039999893e-01 -1.468315543969999970e+00 -5.082081323899999781e+00
1.384128720100000036e-02 2.327105669329999904e-01 9.443654120159999466e-04 1.976149207490000004e-01 -1.402303174949999898e+00 -4.777801621670000110e+00
1.977326743000000150e-02 2.327105669329999904e-01 1.197976696009999970e-03 2.227574685869999904e-01 -1.309242079369999923e+00 -4.609233050930000353e+00
2.824752490000000116e-02 2.327105669329999904e-01 2.043894012270000213e-03 2.366276227150000133e-01 -1.247188591970000093e+00 -4.230244006480000429e+00
4.035360699999999967e-02 2.327105669329999904e-01 2.560598106800000134e-03 2.668283280889999776e-01 -1.163121730160000089e+00 -4.017378264030000423e+00
5.764800999999999953e-02 2.327105669329999904e-01 3.901452577079999803e-03 2.895397023349999821e-01 -1.106230505439999900e+00 -3.705281678259999989e+00
8.235430000000000528e-02 2.327105669329999904e-01 5.814690345680000212e-03 3.219730046979999982e-01 -1.041140942640000011e+00 -3.435061535540000044e+00
1.176490000000000036e-01 2.327105669329999904e-01 8.039482927240000631e-03 3.500728826939999982e-01 -9.921075212959999945e-01 -3.131469633300000055e+00
1.680699999999999972e-01 2.327105669329999904e-01 1.450305799979999949e-02 3.791501652879999962e-01 -9.391067331100000359e-01 -2.710454279789999976e+00
2.401000000000000079e-01 2.327105669329999904e-01 2.019264556440000108e-02 3.887641828460000060e-01 -9.138544138309999676e-01 -2.434106453150000071e+00
3.430000000000000271e-01 2.327105669329999904e-01 2.361596373900000032e-02 4.102329095530000136e-01 -8.753997017789999502e-01 -2.308229021189999841e+00
4.899999999999999911e-01 2.327105669329999904e-01 3.580633987500000254e-02 3.941510649330000060e-01 -8.438524970040000017e-01 -2.048173372990000018e+00
# L 3
# phi -0.0000
# hz 0.3
#  hx	Delta_0	Delta_2pik	r	log_Delta_0	log_Delta_2pik
2.326305139869999997e-03 2.327105669329999904e-01 1.553107686140000037e-04 1.609187085940000095e-01 -1.793618375489999917e+00 -6.076982371679999773e+00
3.323293056959999818e-03 2.327105669329999904e-01 1.955529968570000096e-04 1.616453395570000007e-01 -1.733824059320000055e+00 -5.896432684639999700e+00
4.747561509939999917e-03 2.327105669329999904e-01 2.900021525019999937e-04 1.667850736039999948e-01 -1.660652506319999944e+00 -5.604131141119999882e+00
6.782230728490000297e-03 2.327105669329999904e-01 4.625443924970000249e-04 1.716918233839999919e-01 -1.546140378190000053e+00 -5.304547653710000255e+00
9.688901040700000425e-03 2.327105669329999904e-01 6.908545993389999477e-04 1.833947103730000083e-01 -1.478397391829999963e+00 -5.034515217630000095e+00
1.384128720100000036e-02 2.327105669329999904e-01 9.986494336189999724e-04 2.047494872120000087e-01 -1.424074450680000048e+00 -4.767938173430000148e+00
1.977326743000000150e-02 2.327105669329999904e-01 1.451277644960000069e-03 2.180890981320000033e-01 -1.313644181969999991e+00 -4.443018455439999848e+00
2.824752490000000116e-02 2.327105669329999904e-01 1.806550999969999899e-03 2.419343165110000027e-01 -1.249136820059999931e+00 -4.337679370120000044e+00
4.035360699999999967e-02 2.327105669329999904e-01 2.854207262660000185e-03 2.597763198529999817e-01 -1.178246442949999917e+00 -3.941997482430000144e+00
5.764800999999999953e-02 2.327105669329999904e-01 4.824934068619999780e-03 2.887674851170000112e-01 -1.094884660309999980e+00 -3.563949194960000177e+00
8.235430000000000528e-02 2.327105669329999904e-01 6.799072962439999847e-03 3.286623959209999946e-01 -1.032675702729999978e+00 -3.253145599859999848e+00
1.176490000000000036e-01 2.327105669329999904e-01 9.681405189720000692e-03 3.582225022300000172e-01 -9.744051665049999755e-01 -2.999896819179999952e+00
1.680699999999999972e-01 2.327105669329999904e-01 1.286867232039999934e-02 3.832298040539999784e-01 -9.398807992540000322e-01 -2.850224274719999951e+00
2.401000000000000079e-01 2.327105669329999904e-01 1.730212912120000085e-02 3.987140202309999992e-01 -8.951160063730000394e-01 -2.530132925499999796e+00
3.430000000000000271e-01 2.327105669329999904e-01 2.802288593479999868e-02 4.067149172949999780e-01 -8.661511000660000459e-01 -2.217195527789999954e+00
4.899999999999999911e-01 2.327105669329999904e-01 4.027184182830000070e-02 4.123473627040000200e-01 -8.312502153530000326e-01 -1.971016824319999916e+00
# L 3
# phi -0.0000
# hz 0.3
#  hx	Delta_0	Delta_2pik	r	log_Delta_0	log_Delta_2pik
2.326305139869999997e-03 2.327105669329999904e-01 1.590274221499999956e-04 1.544525719329999935e-01 -1.799399045980000000e+00 -6.148010853269999743e+00
3.323293056959999818e-03 2.327105669329999904e-01 2.135601491330000115e-04 1.636774057500000046e-01 -1.699265024790000078e+00 -5.870912722789999982e+00
4.747561509939999917e-03 2.327105669329999904e-01 3.432308870510000147e-04 1.651245235680000034e-01 -1.627549548379999989e+00 -5.594475314560000356e+00
6.782230728490000297e-03 2.327105669329999904e-01 4.063797568379999927e-04 1.783118133799999894e-01 -1.548729350329999921e+00 -5.425526946959999819e+00
9.688901040700000425e-03 2.327105669329999904e-01 7.231739653750000147e-04 1.863230438909999898e-01 -1.447772564060000100e+00 -5.024286207820000349e+00
1.384128720100000036e-02 2.327105669329999904e-01 9.755758615089999992e-04 2.021141765820000102e-01 -1.384560299789999949e+00 -4.794633516520000249e+00
1.977326743000000150e-02 2.327105669329999904e-01 1.394940728829999936e-03 2.116972586449999971e-01 -1.319288640069999907e+00 -4.567435549809999884e+00
2.824752490000000116e-02 2.327105669329999904e-01 1.898245773929999958e-03 2.418886765920000015e-01 -1.230096112750000081e+00 -4.268148924890000195e+00
4.035360699999999967e-02 2.327105669329999904e-01 2.811069911760000206e-03 2.563176919030000223e-01 -1.167960274949999988e+00 -3.971661012479999808e+00
5.764800999999999953e-02 2.327105669329999904e-01 3.964771919659999810e-03 2.868163022090000069e-01 -1.087785020119999890e+00 -3.654155836480000197e+00
8.235430000000000528e-02 2.327105669329999904e-01 5.520329351479999654e-03 3.155405791029999851e-01 -1.038237996989999967e+00 -3.396606512319999993e+00
1.176490000000000036e-01 2.327105669329999904e-01 9.462899267669999323e-03 3.523291414190000137e-01 -9.799267406770000299e-01 -3.014908781059999932e+00
1.680699999999999972e-01 2.327105669329999904e-01 1.188891593469999959e-02 3.839358226630000259e-01 -9.240168631059999527e-01 -2.784328688330000023e+00
2.401000000000000079e-01 2.327105669329999904e-01 1.868658549550000075e-02 3.966406449039999726e-01 -8.891964619790000413e-01 -2.442525799699999833e+00
3.430000000000000271e-01 2.327105669329999904e-01 2.751127896369999840e-02 4.018576236820000092e-01 -8.515689846959999532e-01 -2.173788388519999781e+00
4.899999999999999911e-01 2.327105669329999904e-01 3.833562023440000022e-02 3.880767970569999892e-01 -8.369310062250000515e-01 -2.006737128820000216e+00
