# L 3
# phi -0.0623
# hz 0.3
#  hx	Delta_0	Delta_2pik	r	log_Delta_0	log_Delta_2pik
2.326305139869999997e-03 2.327105669329999904e-01 4.941572339800000145e-08 3.644854572380000213e-01 -9.521535072000000266e-01 -8.696944441570000350e+00
3.323293056959999818e-03 2.327105669329999904e-01 1.250737700110000049e-07 3.645567054589999856e-01 -9.529829156069999918e-01 -8.146029425320000072e+00
4.747561509939999917e-03 2.327105669329999904e-01 3.712381897930000036e-07 3.654053986470000015e-01 -9.494139872460000129e-01 -7.640743412229999976e+00
6.782230728490000297e-03 2.327105669329999904e-01 9.168597181019999740e-07 3.656310797060000062e-01 -9.491334042419999895e-01 -7.289724155610000089e+00
9.688901040700000425e-03 2.327105669329999904e-01 2.804569576440000129e-06 3.662858123059999915e-01 -9.456936745489999963e-01 -6.784651667120000340e+00
1.384128720100000036e-02 2.327105669329999904e-01 7.481670290429999973e-06 3.681270881650000049e-01 -9.459002109420000526e-01 -6.414721814339999995e+00
1.977326743000000150e-02 2.327105669329999904e-01 2.863990364380000037e-05 3.706032741110000250e-01 -9.410963082050000095e-01 -5.780461822790000426e+00
2.824752490000000116e-02 2.327105669329999904e-01 9.520730639489999618e-05 3.779017833000000159e-01 -9.330739194270000203e-01 -5.266050149469999830e+00
4.035360699999999967e-02 2.327105669329999904e-01 2.407856344520000033e-04 3.817083098699999844e-01 -9.314048949509999842e-01 -4.782530574909999999e+00
5.764800999999999953e-02 2.327105669329999904e-01 5.700948543920000139e-04 3.853261732029999997e-01 -9.290595722479999541e-01 -4.504148982930000322e+00
8.235430000000000528e-02 2.327105669329999904e-01 1.269688135959999922e-03 3.842298577420000250e-01 -9.233132223559999963e-01 -4.026533274330000189e+00
1.176490000000000036e-01 2.327105669329999904e-01 3.232333191490000066e-03 3.946346069059999961e-01 -9.129814386960000139e-01 -3.500213431690000210e+00
1.680699999999999972e-01 2.327105669329999904e-01 6.930037649169999876e-03 3.903435406629999771e-01 -8.964262342650000104e-01 -3.141808768819999820e+00
2.401000000000000079e-01 2.327105669329999904e-01 1.319118222910000034e-02 3.999684425469999804e-01 -8.718993931790000040e-01 -2.701838787929999874e+00
3.430000000000000271e-01 2.327105669329999904e-01 1.903460269990000023e-02 3.930928273750000090e-01 -8.533444683799999986e-01 -2.452813209969999964e+00
4.899999999999999911e-01 2.327105669329999904e-01 3.534578663139999882e-02 4.166036054650000264e-01 -8.124682855249999447e-01 -2.030440097980000136e+00
