# L 5
# phi -0.0499
# hz 0.3
#  hx	Delta_0	Delta_2pik	r	log_Delta_0	log_Delta_2pik
2.326305139869999997e-03 2.585672965919999858e-02 1.372251978260000041e-12 3.845974308790000018e-01 -1.879265565929999937e+00 -inf
3.323293056959999818e-03 2.585672965919999858e-02 9.257647396729999490e-12 3.835492174499999796e-01 -1.879468593149999922e+00 -inf
4.747561509939999917e-03 2.585672965919999858e-02 1.316016371320000068e-10 3.867298400959999771e-01 -1.877530051269999944e+00 -inf
6.782230728490000297e-03 2.585672965919999858e-02 3.631752679659999964e-10 3.897991613369999886e-01 -1.876141604869999924e+00 -inf
9.688901040700000425e-03 2.585672965919999858e-02 1.738057239439999969e-09 3.834231959539999846e-01 -1.882030095349999987e+00 -inf
1.384128720100000036e-02 2.585672965919999858e-02 9.601845248019999298e-09 3.921516826870000139e-01 -1.875254094570000030e+00 -inf
1.977326743000000150e-02 2.585672965919999858e-02 5.171272610800000279e-08 3.941513921650000030e-01 -1.871729812709999941e+00 -inf
2.824752490000000116e-02 2.585672965919999858e-02 5.446202838779999787e-07 4.023754552939999840e-01 -1.859076217179999935e+00 -8.022077665850000372e+00
4.035360699999999967e-02 2.585672965919999858e-02 3.916059205839999831e-06 3.951973615659999939e-01 -1.861690749329999894e+00 -7.224489948739999612e+00
5.764800999999999953e-02 2.585672965919999858e-02 2.058815045940000162e-05 4.007176818240000271e-01 -1.853302217610000024e+00 -6.435960989429999834e+00
8.235430000000000528e-02 2.585672965919999858e-02 5.878369813190000324e-05 4.002799434980000015e-01 -1.850178560560000074e+00 -5.612092594930000011e+00
1.176490000000000036e-01 2.585672965919999858e-02 3.250868781439999913e-04 4.013867048459999753e-01 -1.842553461570000106e+00 -4.971467046519999933e+00
1.680699999999999972e-01 2.585672965919999858e-02 8.976459012700000123e-04 4.079975472619999932e-01 -1.824552929560000036e+00 -4.286517130670000064e+00
2.401000000000000079e-01 2.585672965919999858e-02 2.600484375279999913e-03 4.224995438340000131e-01 -1.802266124249999990e+00 -3.537219677249999972e+00
3.430000000000000271e-01 2.585672965919999858e-02 5.078188891700000270e-03 4.252434604570000110e-01 -1.779291367269999924e+00 -3.031174642279999887e+00
4.899999999999999911e-01 2.585672965919999858e-02 7.038947294809999589e-03 4.351317724639999773e-01 -1.760203692139999943e+00 -2.752877658700000119e+00
