# L 2
# phi 0.3491
# hz 0.3
#  hx	Delta_0	Delta_2pik	r	log_Delta_0	log_Delta_2pik
2.326305139869999997e-03 6.981317007980000211e-01 2.173432620459999852e-06 3.757426130800000097e-01 -2.976115965389999896e-01 -6.453757043959999606e+00
3.323293056959999818e-03 6.981317007980000211e-01 4.894721534820000199e-06 3.757407552450000021e-01 -2.976207295889999882e-01 -6.162768292850000051e+00
4.747561509939999917e-03 6.981317007980000211e-01 9.545650017499999516e-06 3.757402871769999764e-01 -2.976236147599999882e-01 -5.855113622690000241e+00
6.782230728490000297e-03 6.981317007980000211e-01 1.913906378989999887e-05 3.757429489169999970e-01 -2.976207126059999819e-01 -5.561078697350000155e+00
9.688901040700000425e-03 6.981317007980000211e-01 4.414125965060000119e-05 3.757496393699999992e-01 -2.975826708709999879e-01 -5.227293311650000440e+00
1.384128720100000036e-02 6.981317007980000211e-01 7.953807730049999533e-05 3.757418355330000015e-01 -2.976116044939999816e-01 -4.911603954300000296e+00
1.977326743000000150e-02 6.981317007980000211e-01 1.474459614430000110e-04 3.757119626439999749e-01 -2.975393189280000072e-01 -4.681094058980000305e+00
2.824752490000000116e-02 6.981317007980000211e-01 3.246952906799999887e-04 3.758666352469999805e-01 -2.970825792569999901e-01 -4.251681377869999778e+00
4.035360699999999967e-02 6.981317007980000211e-01 6.821674052139999576e-04 3.758395591989999729e-01 -2.972591464339999767e-01 -3.954121646349999963e+00
5.764800999999999953e-02 6.981317007980000211e-01 1.398335736290000006e-03 3.755297442600000202e-01 -2.973395733199999946e-01 -3.624626006340000206e+00
8.235430000000000528e-02 6.981317007980000211e-01 2.759221358220000173e-03 3.760716798470000177e-01 -2.948692463040000211e-01 -3.315600080799999905e+00
1.176490000000000036e-01 6.981317007980000211e-01 4.704527601369999819e-03 3.759730573169999812e-01 -2.939626413679999883e-01 -3.022005746480000088e+00
1.680699999999999972e-01 6.981317007980000211e-01 1.026197525099999987e-02 3.765219443680000166e-01 -2.877119423130000131e-01 -2.782537780060000188e+00
2.401000000000000079e-01 6.981317007980000211e-01 1.771708868980000073e-02 3.796500749550000275e-01 -2.875523964969999846e-01 -2.534086134799999890e+00
3.430000000000000271e-01 6.981317007980000211e-01 4.254527474980000085e-02 3.915363886309999875e-01 -2.752940275119999947e-01 -2.112167813650000170e+00
4.899999999999999911e-01 6.981317007980000211e-01 7.425573863209999903e-02 3.823829651510000094e-01 -2.806684522630000234e-01 -1.824420648780000098e+00
