# L 5
# phi 0.4363
# hz 0.3
#  hx	Delta_0	Delta_2pik	r	log_Delta_0	log_Delta_2pik
2.326305139869999997e-03 2.585672965919999858e-02 4.374316546840000133e-13 3.851768175770000080e-01 -1.827121335259999979e+00 -inf
3.323293056959999818e-03 2.585672965919999858e-02 3.889631735129999763e-13 3.862676558459999798e-01 -1.826293455969999924e+00 -inf
4.747561509939999917e-03 2.585672965919999858e-02 3.402564064980000079e-12 3.880584266750000122e-01 -1.824924855559999948e+00 -inf
6.782230728490000297e-03 2.585672965919999858e-02 2.779284937539999949e-11 3.896445624520000206e-01 -1.823267379370000052e+00 -inf
9.688901040700000425e-03 2.585672965919999858e-02 2.457548039969999827e-10 3.912438911039999856e-01 -1.820803190399999938e+00 -inf
1.384128720100000036e-02 2.585672965919999858e-02 1.614305989929999950e-09 3.914867983079999836e-01 -1.820954635569999924e+00 -inf
1.977326743000000150e-02 2.585672965919999858e-02 1.050495761060000041e-08 3.934576643029999987e-01 -1.821244580679999947e+00 -1.032441741519999923e+01
2.824752490000000116e-02 2.585672965919999858e-02 3.990661355369999840e-08 3.940639320339999752e-01 -1.818069467199999956e+00 -9.598101255319999581e+00
4.035360699999999967e-02 2.585672965919999858e-02 3.108622017309999775e-07 3.936842138539999869e-01 -1.816897674890000092e+00 -inf
5.764800999999999953e-02 2.585672965919999858e-02 3.217917357750000135e-07 3.962429067620000245e-01 -1.816040813399999898e+00 -8.148243795280000867e+00
8.235430000000000528e-02 2.585672965919999858e-02 3.218092277840000020e-06 4.031129671790000257e-01 -1.806273897649999904e+00 -7.260252646859999714e+00
1.176490000000000036e-01 2.585672965919999858e-02 1.706298612360000055e-05 4.080836954340000267e-01 -1.797258294249999944e+00 -6.509659842639999638e+00
1.680699999999999972e-01 2.585672965919999858e-02 4.259652956159999866e-05 4.020785435920000150e-01 -1.806027511980000000e+00 -5.614344797130000231e+00
2.401000000000000079e-01 2.585672965919999858e-02 1.785121474559999940e-04 4.073279692449999767e-01 -1.796066990419999954e+00 -4.996554724460000152e+00
3.430000000000000271e-01 2.585672965919999858e-02 3.981110083189999863e-04 4.242026060349999850e-01 -1.771882815319999915e+00 -4.275716187289999581e+00
4.899999999999999911e-01 2.585672965919999858e-02 1.207812576000000032e-03 4.372755853809999760e-01 -1.752744404600000028e+00 -3.591695040979999920e+00
