# L 5
# phi 0.5236
# hz 0.3
#  hx	Delta_0	Delta_2pik	r	log_Delta_0	log_Delta_2pik
2.326305139869999997e-03 2.585672965919999858e-02 2.086045099799999886e-13 4.179315603509999866e-01 -1.837328196849999928e+00 -inf
3.323293056959999818e-03 2.585672965919999858e-02 1.472245407430000090e-12 4.172909426759999763e-01 -1.837849033769999973e+00 -inf
4.747561509939999917e-03 2.585672965919999858e-02 3.520937803770000044e-11 4.170576710989999936e-01 -1.836020255640000043e+00 -inf
6.782230728490000297e-03 2.585672965919999858e-02 6.459143354610000052e-11 4.202535735790000060e-01 -1.833456255930000056e+00 -inf
9.688901040700000425e-03 2.585672965919999858e-02 8.929023382590000268e-11 4.222033951940000196e-01 -1.831246270410000099e+00 -inf
1.384128720100000036e-02 2.585672965919999858e-02 6.698608934849999484e-10 4.205635035299999935e-01 -1.833236910179999901e+00 -inf
1.977326743000000150e-02 2.585672965919999858e-02 3.800169476110000237e-09 4.226991923289999953e-01 -1.833450846929999933e+00 -inf
2.824752490000000116e-02 2.585672965919999858e-02 4.897526999650000049e-08 4.086494829019999830e-01 -1.839878316789999912e+00 -inf
4.035360699999999967e-02 2.585672965919999858e-02 7.692653666979999395e-08 4.173687569539999975e-01 -1.827712008200000016e+00 -inf
5.764800999999999953e-02 2.585672965919999858e-02 3.687403155169999891e-07 4.011916208130000272e-01 -1.842437513849999986e+00 -inf
8.235430000000000528e-02 2.585672965919999858e-02 6.159114242219999684e-06 3.936511002110000268e-01 -1.841850891680000046e+00 -8.170957403690000120e+00
1.176490000000000036e-01 2.585672965919999858e-02 4.402023426629999827e-06 3.915109273799999845e-01 -1.835400438199999984e+00 -7.296707635289999772e+00
1.680699999999999972e-01 2.585672965919999858e-02 2.262600901770000144e-05 3.840366403770000270e-01 -1.836126305789999913e+00 -6.483027532460000408e+00
2.401000000000000079e-01 2.585672965919999858e-02 8.281399383550000189e-05 4.062528785230000161e-01 -1.794690460710000046e+00 -5.595092036579999650e+00
3.430000000000000271e-01 2.585672965919999858e-02 2.757629983600000108e-04 4.215595712410000195e-01 -1.778390751559999927e+00 -4.677735596459999812e+00
4.899999999999999911e-01 2.585672965919999858e-02 9.365494970659999675e-04 4.367872468460000102e-01 -1.760399822559999938e+00 -4.003768161009999993e+00
