# L 2
# phi 0.0125
# hz 0.3
#  hx	Delta_0	Delta_2pik	r	log_Delta_0	log_Delta_2pik
2.326305139869999997e-03 6.981317007980000211e-01 4.731895029239999704e-05 1.776340953539999878e-01 -5.844178648100000206e-01 -5.828312351360000143e+00
3.323293056959999818e-03 6.981317007980000211e-01 8.994790322789999602e-05 1.778214849770000106e-01 -5.838305461430000065e-01 -5.489566856409999751e+00
4.747561509939999917e-03 6.981317007980000211e-01 1.437690445809999959e-04 1.780738606160000015e-01 -5.821604092519999663e-01 -5.285732928639999884e+00
6.782230728490000297e-03 6.981317007980000211e-01 3.238310171399999874e-04 1.787299178479999917e-01 -5.804685436190000214e-01 -4.996586358000000061e+00
9.688901040700000425e-03 6.981317007980000211e-01 7.627162403650000191e-04 1.794874469190000099e-01 -5.730537320520000533e-01 -4.531365823139999804e+00
1.384128720100000036e-02 6.981317007980000211e-01 1.186215034509999905e-03 1.835834679989999940e-01 -5.674365821969999946e-01 -4.314919234849999619e+00
1.977326743000000150e-02 6.981317007980000211e-01 2.035556196429999867e-03 1.869615222159999868e-01 -5.564359570110000153e-01 -4.102927807830000440e+00
2.824752490000000116e-02 6.981317007980000211e-01 3.850232931720000071e-03 1.980639856770000096e-01 -5.327465234629999991e-01 -3.661450954929999835e+00
4.035360699999999967e-02 6.981317007980000211e-01 5.964112529969999889e-03 2.144313374340000022e-01 -5.018519516320000262e-01 -3.417595586920000095e+00
5.764800999999999953e-02 6.981317007980000211e-01 8.691021315799999161e-03 2.262935352050000071e-01 -4.811962355919999768e-01 -3.206001298459999926e+00
8.235430000000000528e-02 6.981317007980000211e-01 1.334270258079999980e-02 2.500776527940000160e-01 -4.412569163160000030e-01 -2.878741897969999908e+00
1.176490000000000036e-01 6.981317007980000211e-01 1.898697480290000017e-02 2.731874436139999918e-01 -4.123136535790000168e-01 -2.662504075070000198e+00
1.680699999999999972e-01 6.981317007980000211e-01 2.683052383689999917e-02 3.067780851040000090e-01 -3.803658539499999991e-01 -2.394411079630000216e+00
2.401000000000000079e-01 6.981317007980000211e-01 4.080666208159999808e-02 3.420212984559999891e-01 -3.465113646619999987e-01 -2.120000994509999792e+00
3.430000000000000271e-01 6.981317007980000211e-01 5.233694610249999685e-02 3.640156168079999865e-01 -3.259371534539999837e-01 -1.957956298800000106e+00
4.899999999999999911e-01 6.981317007980000211e-01 8.745123316460000351e-02 4.205733141110000184e-01 -2.840913149359999834e-01 -1.659677352519999927e+00
