# L 4
# phi -0.5236
# hz 0.3
#  hx	Delta_0	Delta_2pik	r	log_Delta_0	log_Delta_2pik
2.326305139869999997e-03 7.757018897749999586e-02 4.085305756240000183e-12 4.249928680160000027e-01 -1.403870117060000089e+00 -inf
3.323293056959999818e-03 7.757018897749999586e-02 8.629966919410000332e-12 4.246821766180000068e-01 -1.404109351920000082e+00 -inf
4.747561509939999917e-03 7.757018897749999586e-02 1.588381355659999953e-10 4.244858974979999755e-01 -1.403557809720000105e+00 -inf
6.782230728490000297e-03 7.757018897749999586e-02 5.033142029900000273e-10 4.238446639210000089e-01 -1.403125705539999935e+00 -inf
9.688901040700000425e-03 7.757018897749999586e-02 2.423640842090000172e-09 4.236533289539999858e-01 -1.400257565710000041e+00 -inf
1.384128720100000036e-02 7.757018897749999586e-02 9.920905651450000132e-09 4.199930526430000199e-01 -1.401172264349999974e+00 -inf
1.977326743000000150e-02 7.757018897749999586e-02 2.439294572909999856e-08 4.128874763000000003e-01 -1.392732509740000069e+00 -inf
2.824752490000000116e-02 7.757018897749999586e-02 8.269175349810000194e-08 4.186060586700000030e-01 -1.387337941249999984e+00 -8.969139948849999655e+00
4.035360699999999967e-02 7.757018897749999586e-02 5.225774508489999953e-07 4.136654224049999828e-01 -1.378774985820000021e+00 -8.183328524529999370e+00
5.764800999999999953e-02 7.757018897749999586e-02 1.997665036139999895e-06 4.028408844110000220e-01 -1.370340859269999934e+00 -7.232868152670000050e+00
8.235430000000000528e-02 7.757018897749999586e-02 1.437095562660000076e-05 4.077218149599999841e-01 -1.363118123130000026e+00 -6.614715888190000115e+00
1.176490000000000036e-01 7.757018897749999586e-02 2.251083830450000158e-05 4.140187053980000087e-01 -1.350303233710000050e+00 -6.097633752330000156e+00
1.680699999999999972e-01 7.757018897749999586e-02 7.478253017710000648e-05 4.041107136989999793e-01 -1.340836723970000088e+00 -5.252430984620000132e+00
2.401000000000000079e-01 7.757018897749999586e-02 2.830994194919999826e-04 4.116596759519999815e-01 -1.326016047239999995e+00 -4.681385039460000286e+00
3.430000000000000271e-01 7.757018897749999586e-02 7.300234457569999965e-04 4.365183943650000065e-01 -1.282965652919999977e+00 -4.121736543469999958e+00
4.899999999999999911e-01 7.757018897749999586e-02 2.972763055079999817e-03 4.256873295570000049e-01 -1.287772001630000052e+00 -3.327729529950000043e+00
