# L 2
# phi -0.2618
# hz 0.3
#  hx	Delta_0	Delta_2pik	r	log_Delta_0	log_Delta_2pik
2.326305139869999997e-03 6.981317007980000211e-01 2.235770585849999858e-06 4.614975191999999837e-01 -2.793569131540000194e-01 -6.519520736389999627e+00
3.323293056959999818e-03 6.981317007980000211e-01 4.952050587569999805e-06 4.614978713530000221e-01 -2.793580392400000223e-01 -6.121348688550000361e+00
4.747561509939999917e-03 6.981317007980000211e-01 1.187705823099999996e-05 4.614949600670000263e-01 -2.793571841479999818e-01 -5.749986913969999947e+00
6.782230728490000297e-03 6.981317007980000211e-01 2.018638676850000168e-05 4.614919645760000022e-01 -2.793672545579999889e-01 -5.478089515359999773e+00
9.688901040700000425e-03 6.981317007980000211e-01 4.753177784000000043e-05 4.614906852519999880e-01 -2.793992296419999799e-01 -5.110612369270000066e+00
1.384128720100000036e-02 6.981317007980000211e-01 8.020926123870000140e-05 4.614689768679999804e-01 -2.794091943320000104e-01 -4.876877518399999722e+00
1.977326743000000150e-02 6.981317007980000211e-01 1.723451065460000135e-04 4.614297501729999751e-01 -2.795492281970000104e-01 -4.505092973190000016e+00
2.824752490000000116e-02 6.981317007980000211e-01 4.282368441800000168e-04 4.614876763210000177e-01 -2.795524936670000238e-01 -4.198638600279999800e+00
4.035360699999999967e-02 6.981317007980000211e-01 7.458543445480000532e-04 4.616384962940000003e-01 -2.792418528030000124e-01 -3.934483704409999838e+00
5.764800999999999953e-02 6.981317007980000211e-01 1.460583719679999946e-03 4.613799868599999798e-01 -2.804578715809999956e-01 -3.607454651929999923e+00
8.235430000000000528e-02 6.981317007980000211e-01 2.754291173869999852e-03 4.611110259239999953e-01 -2.803758846270000271e-01 -3.300979736860000013e+00
1.176490000000000036e-01 6.981317007980000211e-01 6.164661646550000269e-03 4.635558664200000178e-01 -2.778484764229999793e-01 -2.956841911340000184e+00
1.680699999999999972e-01 6.981317007980000211e-01 1.084886349940000078e-02 4.618070785200000250e-01 -2.806277727390000254e-01 -2.634068891350000108e+00
2.401000000000000079e-01 6.981317007980000211e-01 1.911056478130000041e-02 4.703370371419999807e-01 -2.760120415310000075e-01 -2.422688610059999803e+00
3.430000000000000271e-01 6.981317007980000211e-01 3.362731389029999934e-02 4.740185579139999938e-01 -2.682128861709999756e-01 -2.162055035899999922e+00
4.899999999999999911e-01 6.981317007980000211e-01 6.578026314750000381e-02 4.801309586659999740e-01 -2.532392476800000014e-01 -1.885183855169999978e+00
