# L 5
# phi -0.2618
# hz 0.3
#  hx	Delta_0	Delta_2pik	r	log_Delta_0	log_Delta_2pik
2.326305139869999997e-03 2.585672965919999858e-02 9.937144842700000600e-15 3.926394081730000263e-01 -1.813414633719999891e+00 -inf
3.323293056959999818e-03 2.585672965919999858e-02 1.274602188770000113e-13 3.942084697980000052e-01 -1.812894355330000096e+00 -inf
4.747561509939999917e-03 2.585672965919999858e-02 5.656336304689999966e-13 3.929989697580000274e-01 -1.812863369180000017e+00 -inf
6.782230728490000297e-03 2.585672965919999858e-02 5.100740990989999907e-12 3.945065461639999937e-01 -1.810570513250000069e+00 -inf
9.688901040700000425e-03 2.585672965919999858e-02 3.814350505320000240e-11 3.937773238110000018e-01 -1.812960860340000036e+00 -inf
1.384128720100000036e-02 2.585672965919999858e-02 7.179903819179999779e-11 3.948130333289999738e-01 -1.806208609690000078e+00 -inf
1.977326743000000150e-02 2.585672965919999858e-02 1.311006522450000005e-09 3.984309160930000204e-01 -1.801317197849999996e+00 -inf
2.824752490000000116e-02 2.585672965919999858e-02 4.464434776670000244e-09 3.908470762110000107e-01 -1.809879646379999985e+00 -inf
4.035360699999999967e-02 2.585672965919999858e-02 1.826293116360000058e-08 3.999552940469999762e-01 -1.803131972030000085e+00 -8.819281763110000227e+00
5.764800999999999953e-02 2.585672965919999858e-02 1.955908999610000112e-07 3.903947588389999890e-01 -1.808540351170000005e+00 -8.198669775469999976e+00
8.235430000000000528e-02 2.585672965919999858e-02 7.801182699010000047e-07 3.915149048430000001e-01 -1.806694363499999900e+00 -7.281773906339999769e+00
1.176490000000000036e-01 2.585672965919999858e-02 7.902210817690000745e-06 3.963649274230000019e-01 -1.798363213220000034e+00 -6.243199743139999924e+00
1.680699999999999972e-01 2.585672965919999858e-02 2.893453704200000002e-05 3.992494542639999922e-01 -1.795216210059999984e+00 -5.807886420940000072e+00
2.401000000000000079e-01 2.585672965919999858e-02 1.609376163330000114e-04 4.094528177999999796e-01 -1.783365392729999943e+00 -4.925164743759999908e+00
3.430000000000000271e-01 2.585672965919999858e-02 5.167551888459999626e-04 4.224150006149999803e-01 -1.771765966100000034e+00 -4.262153140909999749e+00
4.899999999999999911e-01 2.585672965919999858e-02 1.340627959920000093e-03 4.367645454599999866e-01 -1.752883815969999981e+00 -3.634265987580000079e+00
