# L 4
# phi -0.1745
# hz 0.3
#  hx	Delta_0	Delta_2pik	r	log_Delta_0	log_Delta_2pik
2.326305139869999997e-03 7.757018897749999586e-02 2.622502791060000146e-11 3.774167124980000176e-01 -1.344823449079999955e+00 -inf
3.323293056959999818e-03 7.757018897749999586e-02 4.360854558119999968e-11 3.770801105880000059e-01 -1.343361255650000086e+00 -inf
4.747561509939999917e-03 7.757018897749999586e-02 2.010253944099999998e-10 3.798625539930000072e-01 -1.338839983780000020e+00 -inf
6.782230728490000297e-03 7.757018897749999586e-02 1.478105250819999974e-09 3.794643051150000113e-01 -1.338762796109999931e+00 -9.956359723880000345e+00
9.688901040700000425e-03 7.757018897749999586e-02 4.181177913360000023e-09 3.810385720860000047e-01 -1.337917729199999961e+00 -9.390770470410000570e+00
1.384128720100000036e-02 7.757018897749999586e-02 1.887301845540000022e-08 3.835415760940000252e-01 -1.332308923590000083e+00 -8.749673260099999794e+00
1.977326743000000150e-02 7.757018897749999586e-02 5.976341358460000467e-08 3.877818648849999938e-01 -1.331450907260000038e+00 -8.345988106029999187e+00
2.824752490000000116e-02 7.757018897749999586e-02 2.371680521910000003e-07 3.904214881099999923e-01 -1.325679975169999913e+00 -7.694993017709999883e+00
4.035360699999999967e-02 7.757018897749999586e-02 9.292463150289999856e-07 3.935588835370000260e-01 -1.324145163699999905e+00 -7.080737077380000244e+00
5.764800999999999953e-02 7.757018897749999586e-02 6.059943696230000255e-06 3.992701722490000216e-01 -1.321949353870000010e+00 -6.226727701189999742e+00
8.235430000000000528e-02 7.757018897749999586e-02 2.561210632030000130e-05 3.952028636370000236e-01 -1.314939596789999943e+00 -5.547513467539999965e+00
1.176490000000000036e-01 7.757018897749999586e-02 5.605778933650000013e-05 4.004202503420000170e-01 -1.308230969210000039e+00 -5.241315893020000338e+00
1.680699999999999972e-01 7.757018897749999586e-02 3.953914403090000177e-04 3.901294601779999871e-01 -1.304620958539999931e+00 -4.433130379209999639e+00
2.401000000000000079e-01 7.757018897749999586e-02 9.945090054600000482e-04 4.067763659549999966e-01 -1.300566271089999892e+00 -3.888405438890000010e+00
3.430000000000000271e-01 7.757018897749999586e-02 3.499799883160000045e-03 4.295102640440000008e-01 -1.275921488979999907e+00 -3.294750341819999928e+00
4.899999999999999911e-01 7.757018897749999586e-02 7.725361167310000089e-03 4.304161788429999858e-01 -1.274410316139999999e+00 -2.829739557339999934e+00
