# L 2
# phi 0.1745
# hz 0.3
#  hx	Delta_0	Delta_2pik	r	log_Delta_0	log_Delta_2pik
2.326305139869999997e-03 6.981317007980000211e-01 3.088026607620000137e-06 4.542532193350000136e-01 -2.797721198959999822e-01 -6.405789841549999863e+00
3.323293056959999818e-03 6.981317007980000211e-01 6.639096975299999830e-06 4.542521253249999780e-01 -2.797416074840000100e-01 -6.067883251919999665e+00
4.747561509939999917e-03 6.981317007980000211e-01 1.640115024989999965e-05 4.542617272280000118e-01 -2.794205781549999879e-01 -5.610647303010000364e+00
6.782230728490000297e-03 6.981317007980000211e-01 2.775732838909999959e-05 4.542698589990000202e-01 -2.795310674900000070e-01 -5.526616688889999907e+00
9.688901040700000425e-03 6.981317007980000211e-01 6.740840853890000487e-05 4.542866162729999879e-01 -2.791820419150000121e-01 -5.035302764569999923e+00
1.384128720100000036e-02 6.981317007980000211e-01 1.365516605730000008e-04 4.543052407429999939e-01 -2.793673804349999790e-01 -4.696130095600000054e+00
1.977326743000000150e-02 6.981317007980000211e-01 2.746280904720000229e-04 4.544024241199999814e-01 -2.778469227859999835e-01 -4.504781493170000317e+00
2.824752490000000116e-02 6.981317007980000211e-01 5.584178789220000305e-04 4.544329762040000276e-01 -2.781279535110000034e-01 -4.127773508629999810e+00
4.035360699999999967e-02 6.981317007980000211e-01 1.158806107280000060e-03 4.549084996159999950e-01 -2.771724576110000116e-01 -3.749828977680000008e+00
5.764800999999999953e-02 6.981317007980000211e-01 2.118430220260000049e-03 4.547896996349999887e-01 -2.770360276359999929e-01 -3.517542967119999808e+00
8.235430000000000528e-02 6.981317007980000211e-01 3.930218195139999725e-03 4.548236220019999942e-01 -2.758543853020000158e-01 -3.191299448900000169e+00
1.176490000000000036e-01 6.981317007980000211e-01 6.978439480740000235e-03 4.556908072320000058e-01 -2.754270209910000267e-01 -2.955180392519999977e+00
1.680699999999999972e-01 6.981317007980000211e-01 1.308858782160000032e-02 4.557568877779999972e-01 -2.745306012659999850e-01 -2.635673238679999919e+00
2.401000000000000079e-01 6.981317007980000211e-01 2.300653103849999853e-02 4.541737141830000102e-01 -2.676620059150000008e-01 -2.275199240330000094e+00
3.430000000000000271e-01 6.981317007980000211e-01 3.526997953100000083e-02 4.549610370370000267e-01 -2.638895855830000192e-01 -2.140391455440000090e+00
4.899999999999999911e-01 6.981317007980000211e-01 6.952991226219999710e-02 4.698766724219999857e-01 -2.501015630710000104e-01 -1.805349714709999942e+00
