# L 3
# phi 0.4363
# hz 0.3
#  hx	Delta_0	Delta_2pik	r	log_Delta_0	log_Delta_2pik
2.326305139869999997e-03 2.327105669329999904e-01 5.339714931290000366e-09 3.680074762450000203e-01 -8.871222301069999761e-01 -9.387579530469999156e+00
3.323293056959999818e-03 2.327105669329999904e-01 1.396652810739999950e-08 3.680566215689999865e-01 -8.894585094129999758e-01 -9.134542846649999603e+00
4.747561509939999917e-03 2.327105669329999904e-01 3.070509983410000265e-08 3.681875068920000271e-01 -8.866018087370000078e-01 -8.539083917019999248e+00
6.782230728490000297e-03 2.327105669329999904e-01 8.494838382829999345e-08 3.684141145050000010e-01 -8.885166852900000523e-01 -8.046030313030000158e+00
9.688901040700000425e-03 2.327105669329999904e-01 2.447540284799999837e-07 3.688752982590000062e-01 -8.852379734490000152e-01 -7.608037892179999595e+00
1.384128720100000036e-02 2.327105669329999904e-01 6.755365434839999524e-07 3.691211596580000198e-01 -8.798783180910000334e-01 -7.122345337459999648e+00
1.977326743000000150e-02 2.327105669329999904e-01 1.921870381359999798e-06 3.700010940260000103e-01 -8.785392984259999816e-01 -6.570145813749999952e+00
2.824752490000000116e-02 2.327105669329999904e-01 5.339237396590000139e-06 3.732555130140000066e-01 -8.723753173439999786e-01 -6.299627013990000357e+00
4.035360699999999967e-02 2.327105669329999904e-01 1.374513070250000069e-05 3.738603414580000117e-01 -8.674128206569999833e-01 -5.760684599220000202e+00
5.764800999999999953e-02 2.327105669329999904e-01 4.648328706969999705e-05 3.710393326770000111e-01 -8.683068165659999504e-01 -5.198521774349999625e+00
8.235430000000000528e-02 2.327105669329999904e-01 9.980339239070000360e-05 3.748098526320000068e-01 -8.656561474970000392e-01 -4.782222684519999767e+00
1.176490000000000036e-01 2.327105669329999904e-01 2.358817126890000058e-04 3.760881436599999850e-01 -8.614480267730000307e-01 -4.340027325150000337e+00
1.680699999999999972e-01 2.327105669329999904e-01 5.848823875600000447e-04 3.762158544629999879e-01 -8.452404555770000050e-01 -3.969963379879999810e+00
2.401000000000000079e-01 2.327105669329999904e-01 1.945378816950000048e-03 3.971372737459999969e-01 -8.195895374099999575e-01 -3.490872521240000026e+00
3.430000000000000271e-01 2.327105669329999904e-01 4.438648079600000101e-03 3.971288677359999797e-01 -8.146281144670000085e-01 -3.061959384420000152e+00
4.899999999999999911e-01 2.327105669329999904e-01 1.526052361439999942e-02 3.969740751770000076e-01 -8.133823923130000244e-01 -2.455722684980000015e+00
