
# dim_loc 4
# L 2
# n_dis 100
# JZZ 1.0
# hZ 1.0
# hX 1.0
# alphas [ 0.075+0.12990381j  1.000+0.j          0.075-0.12990381j]
# betas [ 0.1  0.7  0.1]
# lambdas [ 0.1  1.   0.1]
# phi 1.0471975511965976
# lambd 0.7
# gap 0.392699081699 4.42871442572e-31
# shifted_gap 0.293255905858 0.0636325923737
# shifted_gap_2 0.00228076441962 5.73969337973e-06
# log10_gap -0.565528534095 0.0111840094199
# log10_shifted_gap -0.806981531284 0.306530189953
# log10_shifted_gap_2 -4.0933019276 0.75862718035
# ratio 0.41061632394 0.0204467241029
# time	Re(Z)\Im(Z)	Var(Re(Z))	Var(Im(Z))
1.000000000000000000e+00 7.177990079503270282e-01 -8.133430246680132462e-06 6.420750026554529477e-02 0.000000000000000000e+00 9.968543093458609450e-01 -2.380088583400467907e-16 2.411485176923266045e-05 0.000000000000000000e+00
2.000000000000000000e+00 2.065490291194247152e-01 3.195868263508848541e-05 3.866637725123728830e-01 0.000000000000000000e+00 9.966625055767442953e-01 -1.226741932840883105e-16 1.450602569494547759e-05 0.000000000000000000e+00
4.000000000000000000e+00 9.667001675548915485e-02 5.291316875388394730e-05 3.766970784508719694e-01 0.000000000000000000e+00 9.940481905648929084e-01 -3.618137774630002704e-16 8.535431611245317227e-05 0.000000000000000000e+00
8.000000000000000000e+00 3.077953868798142048e-02 -1.502991897709834383e-04 4.514347635536358205e-01 0.000000000000000000e+00 9.908076776500537308e-01 -3.710138071923437959e-16 4.387424249382972184e-04 0.000000000000000000e+00
1.600000000000000000e+01 1.103076993675454892e-01 -6.647043599604908959e-04 4.009721571872922885e-01 0.000000000000000000e+00 9.796279751946852521e-01 -3.512650933361163186e-16 3.614134314700952547e-03 0.000000000000000000e+00
3.200000000000000000e+01 4.367089694553996648e-02 -1.177575460595932854e-03 3.870230689964234694e-01 0.000000000000000000e+00 9.580748210031453382e-01 -3.505328862302793859e-16 1.462646265165927495e-02 0.000000000000000000e+00
6.400000000000000000e+01 4.125377010133297190e-02 1.383421089227214506e-03 3.524501741348691208e-01 0.000000000000000000e+00 9.226629330153665043e-01 -3.318353972605364648e-16 1.782600202990977309e-02 0.000000000000000000e+00
1.280000000000000000e+02 -2.268861280824746758e-04 -3.633554127720599607e-04 3.145656934536372740e-01 0.000000000000000000e+00 8.394006727404470514e-01 -3.067123098817727125e-16 4.167655284741734328e-02 0.000000000000000000e+00
2.560000000000000000e+02 3.010973637370315328e-02 8.171024624301625192e-04 2.436717384407166287e-01 0.000000000000000000e+00 7.893189679497077949e-01 -2.917962009009991812e-16 5.143614907592666124e-02 0.000000000000000000e+00
5.120000000000000000e+02 -2.693662913786467120e-02 8.666013514081061112e-05 2.195385018450518311e-01 0.000000000000000000e+00 7.598281570411966612e-01 -2.704278024925859298e-16 5.583514191348088601e-02 0.000000000000000000e+00
1.024000000000000000e+03 2.312900497141158473e-02 4.478153000051828675e-03 2.119675306503143730e-01 0.000000000000000000e+00 6.976325235086792143e-01 -2.560255580955167201e-16 6.906985335455997910e-02 0.000000000000000000e+00
2.048000000000000000e+03 3.650229973052165205e-02 2.915168400154559761e-03 1.846251302990863097e-01 0.000000000000000000e+00 5.980493378375695279e-01 -2.058859113885941593e-16 7.084209413344887130e-02 0.000000000000000000e+00
4.096000000000000000e+03 -9.706511932159916228e-03 -7.271520307154539717e-03 1.437335171146064405e-01 0.000000000000000000e+00 5.138007858401650862e-01 -1.933841943680003710e-16 1.059151175291681152e-01 0.000000000000000000e+00
8.192000000000000000e+03 1.724016203132663905e-02 -2.709654751211463403e-03 1.612253026133134981e-01 0.000000000000000000e+00 4.860264005941126730e-01 -1.833526229991681388e-16 1.283723203484558040e-01 0.000000000000000000e+00
1.638400000000000000e+04 -6.203140236766315971e-03 -1.436015812121012314e-02 1.705313190715831706e-01 0.000000000000000000e+00 3.976341043538536568e-01 -1.445486035106336744e-16 1.578419041774064002e-01 0.000000000000000000e+00
3.276800000000000000e+04 5.680141183605735833e-02 -4.716921419953918650e-03 1.344154052712261127e-01 0.000000000000000000e+00 3.423890526421092817e-01 -1.297617303709954623e-16 1.693198570249637713e-01 0.000000000000000000e+00
6.553600000000000000e+04 -2.625152288245927862e-02 5.658556226186606253e-03 1.307687404144090015e-01 0.000000000000000000e+00 2.477073689397193412e-01 -8.789159052519026775e-17 1.527343645210175738e-01 0.000000000000000000e+00
1.310720000000000000e+05 5.139609280105397054e-02 3.071466040279329911e-03 1.669370289367199112e-01 0.000000000000000000e+00 1.287257750514396171e-01 -5.566597345825924259e-17 2.253402450835674808e-01 0.000000000000000000e+00
2.621440000000000000e+05 4.160795931385751628e-02 3.984383848250193372e-03 1.487864241712135160e-01 0.000000000000000000e+00 1.409931265033922687e-01 -6.305994238161354228e-17 1.685335606673792341e-01 0.000000000000000000e+00
5.242880000000000000e+05 1.091456691550699541e-02 1.737685158780219105e-02 1.000072838077517706e-01 0.000000000000000000e+00 9.788769770696861827e-02 -3.920933016802634110e-17 1.663356489971987151e-01 0.000000000000000000e+00
1.048576000000000000e+06 -1.099335080721796330e-03 2.020749020121490741e-02 1.352131630090569470e-01 0.000000000000000000e+00 5.828263055516454128e-02 -2.184281338863678736e-17 1.583273799577289420e-01 0.000000000000000000e+00
2.097152000000000000e+06 1.182109465189281824e-02 -1.270750124930308464e-02 1.385853984081727441e-01 0.000000000000000000e+00 4.255405221797486232e-02 -2.077338000663642919e-17 1.828130645356691175e-01 0.000000000000000000e+00
4.194304000000000000e+06 -1.588110518042528188e-02 -2.535675274210609856e-02 1.501756000631352117e-01 0.000000000000000000e+00 8.227312975751700785e-02 -2.388182854678702083e-17 1.569378669484690625e-01 0.000000000000000000e+00
8.388608000000000000e+06 2.107091900180074404e-02 1.222213641402785517e-02 1.337779836014811319e-01 0.000000000000000000e+00 2.549134267779602434e-02 -1.451689745773890075e-17 1.628116888859894029e-01 0.000000000000000000e+00
1.677721600000000000e+07 6.778635401611010636e-02 2.150628644055750313e-02 1.199423877467807042e-01 0.000000000000000000e+00 2.601024732067927850e-02 -5.322900393426018903e-18 1.454001804309181800e-01 0.000000000000000000e+00
3.355443200000000000e+07 2.405545913260739160e-02 1.403322820900631401e-02 1.383743805291308138e-01 0.000000000000000000e+00 -1.442604474246045147e-02 1.024527837239198585e-17 1.778752885463425748e-01 0.000000000000000000e+00
6.710886400000000000e+07 6.517912445923586089e-03 1.595280712843951537e-02 1.264311700427876439e-01 0.000000000000000000e+00 3.276364854975620522e-02 -1.038072213304292992e-17 1.865714535531056428e-01 0.000000000000000000e+00
1.342177280000000000e+08 4.909100265111521200e-02 -6.540432039114703333e-03 1.047032881458792308e-01 0.000000000000000000e+00 -3.883903639125457774e-02 1.626834066422016465e-17 1.312094877292012407e-01 0.000000000000000000e+00
2.684354560000000000e+08 1.382529068381917366e-02 -9.346823305833414780e-03 1.415860217911184271e-01 0.000000000000000000e+00 -8.009466832369371153e-03 -3.441911064550309436e-18 1.732176471924062600e-01 0.000000000000000000e+00
5.368709120000000000e+08 7.673811232171275261e-03 2.986619147986724343e-02 1.328174740559129041e-01 0.000000000000000000e+00 -2.623244615791851114e-02 5.719499351076785010e-18 1.542314711369893454e-01 0.000000000000000000e+00
1.073741824000000000e+09 1.767926187655345996e-02 -2.393642421824275848e-02 1.393538353400005370e-01 0.000000000000000000e+00 -4.318412728253966798e-02 9.891131898413618281e-18 1.630595365261803265e-01 0.000000000000000000e+00
2.147483648000000000e+09 2.028776048248970634e-02 5.056002865236283034e-02 1.356871476656059394e-01 0.000000000000000000e+00 -4.709548904285304483e-02 1.479737804434812949e-17 1.419940245780825505e-01 0.000000000000000000e+00
4.294967296000000000e+09 2.998365157275728610e-02 5.681908717633770388e-03 1.375112055271153211e-01 0.000000000000000000e+00 -1.124236743508328328e-02 3.449553630713731317e-18 1.501147713433416409e-01 0.000000000000000000e+00
8.589934592000000000e+09 2.071121529541788964e-02 -1.970222491736325909e-02 1.129344743747761337e-01 0.000000000000000000e+00 -2.319005792779777440e-03 2.064703855326008660e-18 1.713620065109500712e-01 0.000000000000000000e+00
1.717986918400000000e+10 1.389616034973689511e-02 -2.252604566113843715e-02 1.416045110012990327e-01 0.000000000000000000e+00 6.596134975283936101e-03 -1.858995221624084575e-18 1.473142990921580131e-01 0.000000000000000000e+00
3.435973836800000000e+10 -2.304362845206829602e-02 1.375469004139283011e-02 1.324159128207801628e-01 0.000000000000000000e+00 -1.358553060690046756e-02 -8.192554646643605951e-20 1.579734126306387154e-01 0.000000000000000000e+00
6.871947673600000000e+10 -2.191475549391067729e-02 1.892069770921181102e-02 1.184577469354369111e-01 0.000000000000000000e+00 2.394876926406290865e-02 -1.829396127509563053e-17 1.664071218044603784e-01 0.000000000000000000e+00
1.374389534720000000e+11 8.872728030526274082e-03 2.078052149826917303e-03 1.392279984636607959e-01 0.000000000000000000e+00 1.048242951400062909e-03 4.684057228197517050e-19 1.617545871529939283e-01 0.000000000000000000e+00
2.748779069440000000e+11 4.594009044337032249e-02 -2.230222135491201005e-02 1.455018993736355848e-01 0.000000000000000000e+00 4.124889846616063005e-02 -1.751954116018947878e-17 1.452903366468735746e-01 0.000000000000000000e+00
5.497558138880000000e+11 1.693579582724943564e-02 3.037637608600773920e-02 1.224669177950040017e-01 0.000000000000000000e+00 -6.459376459444217400e-02 2.901370849592417874e-17 1.326777875870651657e-01 0.000000000000000000e+00
