
# dim_loc 4
# L 3
# n_dis 100
# JZZ 1.0
# hZ 1.0
# hX 1.0
# alphas [ 0.025+0.04330127j  1.000+0.j          0.025-0.04330127j]
# betas [ 0.1  0.9  0.1]
# lambdas [ 0.1  1.   0.1]
# phi 1.0471975511965976
# lambd 0.9
# gap 0.0981747704247 2.33827154548e-32
# shifted_gap 0.22621498443 0.0332087159415
# shifted_gap_2 0.00141783348494 3.50906155612e-06
# log10_gap -1.20792905744 0.0036633676402
# log10_shifted_gap -0.912679203833 0.256243410517
# log10_shifted_gap_2 -4.72757463506 0.869150564835
# ratio 0.42528530806 0.00474924003486
# time	Re(Z)\Im(Z)	Var(Re(Z))	Var(Im(Z))
1.000000000000000000e+00 5.496380689851803059e-01 4.010328706231362929e-05 1.453786210828320880e-01 0.000000000000000000e+00 9.923531166543106963e-01 -2.446927364024950355e-16 9.080221272670903950e-05 0.000000000000000000e+00
2.000000000000000000e+00 -7.442033245766246918e-02 2.362323331420257226e-04 5.109883168407717280e-01 0.000000000000000000e+00 9.777422826648196619e-01 -1.091074350195677616e-16 1.131043045633016875e-03 0.000000000000000000e+00
4.000000000000000000e+00 1.114734099607064960e-01 1.725365176406241203e-04 4.146751565344315993e-01 0.000000000000000000e+00 9.436267998045044791e-01 -3.378800683267946303e-16 1.032496996795839034e-02 0.000000000000000000e+00
8.000000000000000000e+00 3.215529516927890380e-02 2.825565196561532610e-03 3.487575533462438648e-01 0.000000000000000000e+00 9.036775100515642700e-01 -3.203163788836662264e-16 4.525885715837806023e-02 0.000000000000000000e+00
1.600000000000000000e+01 -3.699934011158527002e-03 6.146064184018877521e-04 2.776103712964086978e-01 0.000000000000000000e+00 9.007778483631190269e-01 -3.177587146395771881e-16 3.232965313029809162e-02 0.000000000000000000e+00
3.200000000000000000e+01 2.983014459650402267e-02 4.995175183946798034e-03 2.981857513389113978e-01 0.000000000000000000e+00 8.827820677516594605e-01 -3.121938551557168007e-16 4.929558224087594170e-02 0.000000000000000000e+00
6.400000000000000000e+01 5.399430180271946877e-02 -2.447930622535043552e-03 2.763000887264636662e-01 0.000000000000000000e+00 8.650782666576198876e-01 -3.094984452615947408e-16 4.774391727884652603e-02 0.000000000000000000e+00
1.280000000000000000e+02 7.378400911460906986e-02 3.241823810024663244e-03 2.122116986710761710e-01 0.000000000000000000e+00 8.426650226415557388e-01 -3.030051273970927073e-16 5.190008385609379271e-02 0.000000000000000000e+00
2.560000000000000000e+02 2.566707412224834145e-02 2.384253687079726091e-04 1.773089973650341378e-01 0.000000000000000000e+00 8.047212604587460349e-01 -2.853688267295046194e-16 6.139643760186885152e-02 0.000000000000000000e+00
5.120000000000000000e+02 9.000717839962469463e-03 1.134141154891945592e-03 1.380705789439673759e-01 0.000000000000000000e+00 7.836498730665036883e-01 -2.796884720448903112e-16 5.533083924942062970e-02 0.000000000000000000e+00
1.024000000000000000e+03 1.613451889193457181e-02 -4.495411060420661576e-04 1.479357692613161579e-01 0.000000000000000000e+00 7.449026278510486598e-01 -2.645074018631242485e-16 6.484304953551656148e-02 0.000000000000000000e+00
2.048000000000000000e+03 4.648374054403592304e-02 -1.129546698588006172e-03 1.059272050043531949e-01 0.000000000000000000e+00 6.943055122539610879e-01 -2.428558422540913730e-16 7.526912512525660293e-02 0.000000000000000000e+00
4.096000000000000000e+03 3.586963960891182551e-02 5.385499984152807181e-03 1.095323433214995396e-01 0.000000000000000000e+00 6.434227356703322576e-01 -2.293842161272801848e-16 8.118900146387707240e-02 0.000000000000000000e+00
8.192000000000000000e+03 1.039808773355725517e-02 5.612500486285962754e-04 7.875645186487473248e-02 0.000000000000000000e+00 5.950185389907035605e-01 -2.113513137861932420e-16 9.342108512749543181e-02 0.000000000000000000e+00
1.638400000000000000e+04 6.071453522395704044e-03 6.177885677424641269e-04 7.835703649608931343e-02 0.000000000000000000e+00 5.672750056244991734e-01 -1.973500595234138563e-16 9.168565214567388211e-02 0.000000000000000000e+00
3.276800000000000000e+04 2.022672059291639405e-03 3.675191014552123357e-03 7.295299473125654854e-02 0.000000000000000000e+00 4.924705274745823647e-01 -1.673655434392775351e-16 1.217520546839693241e-01 0.000000000000000000e+00
6.553600000000000000e+04 5.576906398266937015e-02 3.537784232475348848e-03 7.206539651563437232e-02 0.000000000000000000e+00 3.683123601699526684e-01 -1.315757803622076104e-16 1.178416199890724436e-01 0.000000000000000000e+00
1.310720000000000000e+05 7.431090275944680738e-03 7.413749452679723427e-03 6.391220691853548297e-02 0.000000000000000000e+00 2.747848780748893827e-01 -9.680973609947073300e-17 1.477858009565433950e-01 0.000000000000000000e+00
2.621440000000000000e+05 1.757015286832771389e-02 -9.266301892445412067e-03 6.458853269662376273e-02 0.000000000000000000e+00 2.571124613574949924e-01 -9.116167431540137914e-17 1.424761114275394647e-01 0.000000000000000000e+00
5.242880000000000000e+05 4.375490384940892291e-02 1.186512353978678470e-02 6.406980561546253561e-02 0.000000000000000000e+00 1.855666780219390466e-01 -6.025303812386236459e-17 1.291603528847261040e-01 0.000000000000000000e+00
1.048576000000000000e+06 4.327814817516623114e-02 9.465579318105297318e-03 7.535939865444658825e-02 0.000000000000000000e+00 1.604438227698899988e-01 -5.610505516213398182e-17 1.293181521011131097e-01 0.000000000000000000e+00
2.097152000000000000e+06 1.578521015534200406e-02 2.227108277124072860e-02 7.270727845976919512e-02 0.000000000000000000e+00 8.099521177899203506e-02 -3.319760477276762587e-17 1.185425623840318382e-01 0.000000000000000000e+00
4.194304000000000000e+06 2.409615294851850942e-02 -1.177498849874834483e-03 6.217965361089965171e-02 0.000000000000000000e+00 7.138853645888997013e-02 -2.216263251762108164e-17 9.758398218604859287e-02 0.000000000000000000e+00
8.388608000000000000e+06 3.008081218828663472e-02 -7.481475329901515411e-03 5.366766068481686885e-02 0.000000000000000000e+00 4.727606235792781997e-02 -1.800327382203764894e-17 8.338533920112535525e-02 0.000000000000000000e+00
1.677721600000000000e+07 2.049184929066862407e-02 1.172110805204482943e-02 6.857169945677607514e-02 0.000000000000000000e+00 1.757037942940890482e-02 -4.032591643395181735e-18 1.045524668596488210e-01 0.000000000000000000e+00
3.355443200000000000e+07 2.219521110434944169e-02 -1.294606953490124411e-02 6.421077909139624729e-02 0.000000000000000000e+00 2.267899812588613714e-02 -7.688263196138524102e-18 9.106712181452206178e-02 0.000000000000000000e+00
6.710886400000000000e+07 -1.514621687434236771e-03 -9.961048731348611136e-04 6.742539398710846454e-02 0.000000000000000000e+00 3.695037535902230552e-02 -1.215779571303807510e-17 8.462649866204745297e-02 0.000000000000000000e+00
1.342177280000000000e+08 3.622308151311243868e-02 6.061306605298246233e-03 5.240957364913439304e-02 0.000000000000000000e+00 3.368319814128439144e-02 -8.411572444581491734e-18 6.910665664499733574e-02 0.000000000000000000e+00
2.684354560000000000e+08 2.060203805949957501e-02 4.069182572059222222e-03 6.438554516387375026e-02 0.000000000000000000e+00 6.135375403547947866e-03 -3.168569321572092515e-18 6.467013274412278245e-02 0.000000000000000000e+00
5.368709120000000000e+08 4.439479271378952291e-02 -7.330847222165642364e-03 6.581371670632399362e-02 0.000000000000000000e+00 4.790731482246163991e-02 -1.845437237151976949e-17 8.001091407833074709e-02 0.000000000000000000e+00
1.073741824000000000e+09 3.039762742482288865e-02 -7.702189124787299328e-03 5.823309547848552065e-02 0.000000000000000000e+00 2.354852073009229552e-02 -5.739192724472045424e-18 7.396563317247825675e-02 0.000000000000000000e+00
2.147483648000000000e+09 9.002236670879949082e-03 -5.284029180519834307e-03 6.131277116935626020e-02 0.000000000000000000e+00 3.375453894940446536e-02 -9.447064827510313495e-18 7.334422745887778095e-02 0.000000000000000000e+00
4.294967296000000000e+09 2.434738639611569097e-02 1.817490028041147607e-02 6.139889398023945510e-02 0.000000000000000000e+00 2.955901177374192518e-03 3.264032784274297186e-19 7.680147303978523965e-02 0.000000000000000000e+00
8.589934592000000000e+09 1.399313870722140342e-02 4.630871042158787691e-03 6.324128933738804026e-02 0.000000000000000000e+00 -6.911988423819177656e-03 3.704482076099347831e-18 7.106564782308782968e-02 0.000000000000000000e+00
1.717986918400000000e+10 2.192663168772018140e-02 -1.614048168850728410e-02 6.241880404192905879e-02 0.000000000000000000e+00 1.965491142990135123e-02 -5.239970723754446569e-18 8.270152808486296026e-02 0.000000000000000000e+00
3.435973836800000000e+10 5.069272808164070922e-03 2.996677483716350329e-02 5.973594556891137497e-02 0.000000000000000000e+00 5.217624695557715291e-03 1.684780317168771350e-18 7.488103511027077719e-02 0.000000000000000000e+00
6.871947673600000000e+10 2.258005810480331541e-02 -1.452341605578489313e-02 5.551771507843270004e-02 0.000000000000000000e+00 -2.608991139693816672e-02 1.409493222339634897e-17 5.738223712122139664e-02 0.000000000000000000e+00
1.374389534720000000e+11 2.268695318803272756e-02 9.561673357646283816e-03 6.085307661390516182e-02 0.000000000000000000e+00 -3.071602421386028167e-02 1.192605292334062641e-17 6.089038394467214538e-02 0.000000000000000000e+00
2.748779069440000000e+11 2.141070151891362114e-02 -2.962195942616890833e-04 5.878497886073001666e-02 0.000000000000000000e+00 -4.896894812630921481e-03 3.618846315199371254e-18 5.603004379109407379e-02 0.000000000000000000e+00
5.497558138880000000e+11 1.309869089038350615e-02 -4.416217374537156123e-04 7.004644163740451901e-02 0.000000000000000000e+00 -1.070088655291163461e-02 3.754356379998714334e-18 8.436018292633118421e-02 0.000000000000000000e+00
