
# dim_loc 4
# L 5
# n_dis 100
# JZZ 1.0
# hZ 1.0
# hX 1.0
# alphas [ 0.175+0.30310889j  1.000+0.j          0.175-0.30310889j]
# betas [ 0.1  0.3  0.1]
# lambdas [ 0.1  1.   0.1]
# phi 1.0471975511965976
# lambd 0.3
# gap 0.00613592315154 1.08032632818e-34
# shifted_gap 0.00438502213866 8.52313333309e-06
# shifted_gap_2 0.000161277996478 4.390666203e-08
# log10_gap -2.38983498355 0.000810088434833
# log10_shifted_gap -2.78286714569 0.304443377974
# log10_shifted_gap_2 -4.94807569363 0.814937942481
# ratio 0.433072631728 0.000712260321444
# time	Re(Z)\Im(Z)	Var(Re(Z))	Var(Im(Z))
1.000000000000000000e+00 9.474312004793022934e-01 -3.759999558704270843e-05 2.256477199458749219e-03 0.000000000000000000e+00 9.929677914488540535e-01 -2.443643943218376661e-16 7.105868455215115325e-05 0.000000000000000000e+00
2.000000000000000000e+00 8.599331086662878043e-01 -3.126746817738364236e-04 2.212519797722391560e-02 0.000000000000000000e+00 9.827836831218766944e-01 -1.157346130600850471e-16 7.503519843267694115e-04 0.000000000000000000e+00
4.000000000000000000e+00 7.209835816600536074e-01 -2.019830069402769792e-03 1.168834855418274671e-01 0.000000000000000000e+00 9.591933622079283905e-01 -3.495553554521370107e-16 5.828880635185075369e-03 0.000000000000000000e+00
8.000000000000000000e+00 6.260962339684225109e-01 -4.775500476258351563e-03 1.609005640391967251e-01 0.000000000000000000e+00 9.308095626938839295e-01 -3.393617098224900202e-16 1.985753205990509196e-02 0.000000000000000000e+00
1.600000000000000000e+01 5.909505779592031383e-01 -6.648378877551983264e-03 1.436206101083873921e-01 0.000000000000000000e+00 9.035984126062660549e-01 -3.279346930558418749e-16 2.766369972269889371e-02 0.000000000000000000e+00
3.200000000000000000e+01 5.238563812849813539e-01 -4.848050623887129040e-03 1.663241971881191938e-01 0.000000000000000000e+00 8.668408496309329969e-01 -3.154672809228853884e-16 4.022485183586885227e-02 0.000000000000000000e+00
6.400000000000000000e+01 4.619285386102467972e-01 -5.667936115432017398e-03 1.587899499151865512e-01 0.000000000000000000e+00 8.305220867771251347e-01 -3.029390103997990739e-16 5.238859546207481899e-02 0.000000000000000000e+00
1.280000000000000000e+02 3.712903033691540289e-01 -1.020224381753443875e-03 1.527530479133104024e-01 0.000000000000000000e+00 7.922643763033673237e-01 -2.914478503982756814e-16 5.929717548954874934e-02 0.000000000000000000e+00
2.560000000000000000e+02 2.871452172610535758e-01 -2.698794293068618438e-03 1.586615715083395384e-01 0.000000000000000000e+00 7.584640919720323504e-01 -2.753865773008593111e-16 6.757914156584815535e-02 0.000000000000000000e+00
5.120000000000000000e+02 1.969668647934278427e-01 1.296371535511831215e-03 1.476354864912732545e-01 0.000000000000000000e+00 7.329089125964646234e-01 -2.664535020793826009e-16 6.888141380659687507e-02 0.000000000000000000e+00
1.024000000000000000e+03 1.339342095381327868e-01 5.705674057724168750e-04 1.499921907535749221e-01 0.000000000000000000e+00 7.132253870398760354e-01 -2.618681431215746105e-16 6.797370761536397632e-02 0.000000000000000000e+00
2.048000000000000000e+03 1.077654607026015399e-01 1.268823943468177151e-03 1.342358078826986767e-01 0.000000000000000000e+00 6.773015775701410890e-01 -2.470027158483914302e-16 7.200948825375284856e-02 0.000000000000000000e+00
4.096000000000000000e+03 8.038916899297132712e-02 -1.335280916742354876e-03 1.063326987664525575e-01 0.000000000000000000e+00 6.127248965250883250e-01 -2.241693708018428609e-16 9.759234254290853616e-02 0.000000000000000000e+00
8.192000000000000000e+03 3.611248488554228558e-02 1.632066767011354979e-03 9.523516564003306484e-02 0.000000000000000000e+00 5.464753556864349049e-01 -2.009386381116414698e-16 1.132914454991399145e-01 0.000000000000000000e+00
1.638400000000000000e+04 2.926888491034210574e-03 4.120426262042719071e-03 9.356239600714948146e-02 0.000000000000000000e+00 5.044492213287001814e-01 -1.871415154216105252e-16 1.153103313312508621e-01 0.000000000000000000e+00
3.276800000000000000e+04 3.971591994354080855e-03 3.540793510523090361e-03 8.507316562180330943e-02 0.000000000000000000e+00 4.465226429196249569e-01 -1.629234566995479537e-16 1.256773980292407444e-01 0.000000000000000000e+00
6.553600000000000000e+04 2.152305223209583993e-02 -4.389065757040053195e-03 7.278271856310815358e-02 0.000000000000000000e+00 3.801868871128312732e-01 -1.384441484407409412e-16 1.167914148468088553e-01 0.000000000000000000e+00
1.310720000000000000e+05 -1.868886086261516968e-03 7.390471387251472011e-04 8.739801827243497134e-02 0.000000000000000000e+00 2.849350964109420570e-01 -1.075635677420715609e-16 1.195699798611847137e-01 0.000000000000000000e+00
2.621440000000000000e+05 2.249747761996275311e-02 -2.567880457117707651e-03 5.808551200896487632e-02 0.000000000000000000e+00 1.858575746301465714e-01 -6.684615645984283679e-17 1.337661766920971718e-01 0.000000000000000000e+00
5.242880000000000000e+05 -1.554091868709251215e-02 -3.520807218104130606e-03 5.351445488517175830e-02 0.000000000000000000e+00 1.958718207726648231e-01 -6.923717358050850926e-17 1.006895340359083013e-01 0.000000000000000000e+00
1.048576000000000000e+06 -1.092982751613541699e-02 1.329172770000380723e-03 6.017755529063433667e-02 0.000000000000000000e+00 1.146892380736482253e-01 -3.778491262984988613e-17 9.734313869553269660e-02 0.000000000000000000e+00
2.097152000000000000e+06 1.338783318691455157e-02 3.108604450968221588e-03 6.633885478560190563e-02 0.000000000000000000e+00 7.963536171132597208e-02 -2.893163069474635276e-17 9.152156769410176029e-02 0.000000000000000000e+00
4.194304000000000000e+06 3.797460912168825614e-02 8.410292433720047492e-03 5.934557071261020722e-02 0.000000000000000000e+00 8.237863011695063797e-02 -3.007596718508524032e-17 6.805516394228149080e-02 0.000000000000000000e+00
8.388608000000000000e+06 6.383425856824504439e-03 7.655984559420125034e-03 4.465107916076303113e-02 0.000000000000000000e+00 2.547099583168584147e-02 -8.102924039518051060e-18 6.845633889001483119e-02 0.000000000000000000e+00
1.677721600000000000e+07 -8.398516592873222705e-03 -3.369812832222126089e-03 5.039851058302975001e-02 0.000000000000000000e+00 5.356106947422399622e-02 -1.917431639299660509e-17 7.464147649196567480e-02 0.000000000000000000e+00
3.355443200000000000e+07 -3.745941520782508638e-02 3.459740098629583011e-03 4.781824255763773845e-02 0.000000000000000000e+00 7.340914679989802780e-03 -2.374873995143512223e-18 5.699212822065981982e-02 0.000000000000000000e+00
6.710886400000000000e+07 -2.955564780228807364e-02 -1.196969164381612646e-02 5.928289623225339172e-02 0.000000000000000000e+00 7.297511818397982297e-02 -3.125381196135671445e-17 8.324755005835196564e-02 0.000000000000000000e+00
1.342177280000000000e+08 1.489544120004914450e-02 -9.619498806519436937e-03 5.325702481219532491e-02 0.000000000000000000e+00 3.560196048600330204e-02 -1.055553685718775659e-17 7.066184888494735084e-02 0.000000000000000000e+00
2.684354560000000000e+08 1.008270778390252774e-03 -6.989297641766039834e-03 4.814220369489069506e-02 0.000000000000000000e+00 4.427604659092392557e-03 1.462215980266361052e-18 5.815553325794744349e-02 0.000000000000000000e+00
5.368709120000000000e+08 2.887146536175463451e-04 7.819635486479941527e-03 3.977546230577575642e-02 0.000000000000000000e+00 -5.001182441838562115e-03 6.158185331596869253e-18 5.387229934327586456e-02 0.000000000000000000e+00
1.073741824000000000e+09 1.377493358871972971e-03 6.932521237386971274e-04 5.052261249963303780e-02 0.000000000000000000e+00 -9.121426984838275354e-03 6.033695241383019762e-18 6.711689590608616029e-02 0.000000000000000000e+00
2.147483648000000000e+09 6.281092088455242535e-03 -6.718052051639736288e-03 4.867225964120980991e-02 0.000000000000000000e+00 3.766586620334083646e-02 -1.146770825949209717e-17 5.098120561115883353e-02 0.000000000000000000e+00
4.294967296000000000e+09 1.003524428510847374e-02 -1.066953070080849456e-02 4.564406634800539930e-02 0.000000000000000000e+00 -1.649014521530133351e-02 7.983962760997348994e-18 6.576819382111846746e-02 0.000000000000000000e+00
8.589934592000000000e+09 -4.492437980738330991e-03 -6.195334542065673421e-04 4.272460437658658766e-02 0.000000000000000000e+00 1.379013410965393427e-02 -5.039416765394983640e-18 4.749649104743902672e-02 0.000000000000000000e+00
1.717986918400000000e+10 1.470922565074161102e-02 1.475156799753013330e-02 5.502977872585949198e-02 0.000000000000000000e+00 -9.094883769030967166e-03 5.024002235851353320e-18 7.737279924017131938e-02 0.000000000000000000e+00
3.435973836800000000e+10 -1.157503984742924361e-02 -8.887184550982422243e-03 5.120647137315444131e-02 0.000000000000000000e+00 2.648503684653037357e-02 -4.497831649032247101e-18 4.564421014673690491e-02 0.000000000000000000e+00
6.871947673600000000e+10 1.868001802015835378e-02 8.183672664084618367e-03 4.156628752981177122e-02 0.000000000000000000e+00 -2.945905786182797040e-02 1.031072024373711915e-17 4.711386452920586498e-02 0.000000000000000000e+00
1.374389534720000000e+11 1.116231738394470041e-02 1.419335787786929308e-02 4.291509759636959881e-02 0.000000000000000000e+00 8.699889739053348614e-03 -5.081116868132747720e-18 5.726958767524666094e-02 0.000000000000000000e+00
2.748779069440000000e+11 -2.290043032173244390e-03 1.040543452545641435e-02 4.174032090246666132e-02 0.000000000000000000e+00 8.091423126286573578e-03 -3.715671481421094093e-18 5.621210905152487780e-02 0.000000000000000000e+00
5.497558138880000000e+11 5.020651001537039700e-03 -3.184948585941045629e-02 4.430347698251912991e-02 0.000000000000000000e+00 7.743841196735434806e-03 -2.761143689618904696e-18 5.327630248616144204e-02 0.000000000000000000e+00
