
# dim_loc 4
# L 5
# n_dis 100
# JZZ 1.0
# hZ 1.0
# hX 1.0
# alphas [ 0.25+0.4330127j  1.00+0.j         0.25-0.4330127j]
# betas [ 0.1  0.   0.1]
# lambdas [ 0.1  1.   0.1]
# phi 1.0471975511965976
# lambd 0.0
# gap 0.00613592315154 9.12935932623e-35
# shifted_gap 0.000107890764634 3.91424130453e-08
# shifted_gap_2 0.000107101418351 3.63070345977e-08
# log10_gap -2.4368948391 0.000620597794864
# log10_shifted_gap -5.29901689455 0.886801484157
# log10_shifted_gap_2 -5.85518679769 0.902181616011
# ratio 0.399172670258 0.000492809285931
# time	Re(Z)\Im(Z)	Var(Re(Z))	Var(Im(Z))
1.000000000000000000e+00 9.964047627649130767e-01 1.191083588245921761e-04 2.061679142190352392e-05 0.000000000000000000e+00 9.928477954644462367e-01 -2.515127705911819893e-16 7.053745297751815816e-05 0.000000000000000000e+00
2.000000000000000000e+00 9.911115875887346327e-01 -8.512954242226894344e-05 2.084017002928217910e-04 0.000000000000000000e+00 9.824562123972507832e-01 -1.229289549105672815e-16 6.325404029221079081e-04 0.000000000000000000e+00
4.000000000000000000e+00 9.771581851009185637e-01 1.812596289950049191e-04 2.196528552045716107e-03 0.000000000000000000e+00 9.557511384158760004e-01 -3.612729962785340399e-16 5.708034844096259754e-03 0.000000000000000000e+00
8.000000000000000000e+00 9.467634807030179678e-01 2.540390579467128370e-03 1.726499739606880343e-02 0.000000000000000000e+00 8.981620968099330860e-01 -3.353603366024136786e-16 3.677395298135218565e-02 0.000000000000000000e+00
1.600000000000000000e+01 9.008364117064878718e-01 7.665357128658054076e-03 7.277310508784951004e-02 0.000000000000000000e+00 8.165775863075817043e-01 -3.055453141967367730e-16 1.335757428678658598e-01 0.000000000000000000e+00
3.200000000000000000e+01 9.016359479840132529e-01 -3.023559066398025415e-03 5.565354074156739217e-02 0.000000000000000000e+00 8.216895231800813715e-01 -3.050990549820261398e-16 1.013784541868027328e-01 0.000000000000000000e+00
6.400000000000000000e+01 8.763453500710426392e-01 7.392833732810007684e-03 8.280130471397430247e-02 0.000000000000000000e+00 7.835411697309850876e-01 -2.931645855830049184e-16 1.449108533714569824e-01 0.000000000000000000e+00
1.280000000000000000e+02 8.782110450680913338e-01 4.101171959511750245e-03 7.525015004216738246e-02 0.000000000000000000e+00 7.985934892531781903e-01 -2.961871069700865967e-16 1.221900474377097257e-01 0.000000000000000000e+00
2.560000000000000000e+02 8.555889468192465763e-01 9.787740626364838537e-04 9.353677944313611159e-02 0.000000000000000000e+00 7.748824933874589593e-01 -2.874243757561177005e-16 1.385584544598174039e-01 0.000000000000000000e+00
5.120000000000000000e+02 8.525790877514305421e-01 1.145820334230271062e-02 8.616289936576862485e-02 0.000000000000000000e+00 7.842966328524944020e-01 -2.900546578637892701e-16 1.104192713753065214e-01 0.000000000000000000e+00
1.024000000000000000e+03 8.372063941590699443e-01 4.688987144816461269e-03 9.052553190461047616e-02 0.000000000000000000e+00 7.657473917573035527e-01 -2.832174871301523799e-16 1.146322232386171314e-01 0.000000000000000000e+00
2.048000000000000000e+03 8.013048231076275174e-01 8.878287405244943836e-03 1.171686643132421185e-01 0.000000000000000000e+00 7.285975170604900297e-01 -2.662020881541540167e-16 1.475289639113344653e-01 0.000000000000000000e+00
4.096000000000000000e+03 7.482568451059865566e-01 2.961378234580224790e-03 1.758364522181114775e-01 0.000000000000000000e+00 7.261789078371628792e-01 -2.716812967609548445e-16 1.359031326219585223e-01 0.000000000000000000e+00
8.192000000000000000e+03 7.310586438304036427e-01 7.110382134036192028e-03 1.734244122935579002e-01 0.000000000000000000e+00 7.079156527978498481e-01 -2.640627954735785781e-16 1.297009796039511609e-01 0.000000000000000000e+00
1.638400000000000000e+04 7.026519698022714033e-01 5.755452995017385637e-03 1.638899330771784180e-01 0.000000000000000000e+00 6.666539953703791710e-01 -2.470447583025372371e-16 1.403926049488566086e-01 0.000000000000000000e+00
3.276800000000000000e+04 6.201581990384991139e-01 6.697618206648644178e-03 2.023648529507666161e-01 0.000000000000000000e+00 6.012082152728235318e-01 -2.220652255560245654e-16 1.581310286232342766e-01 0.000000000000000000e+00
6.553600000000000000e+04 4.945488339742303840e-01 1.090393558450293739e-02 2.890993109125334914e-01 0.000000000000000000e+00 5.780525477867448636e-01 -2.158951012108162062e-16 1.545752723498846348e-01 0.000000000000000000e+00
1.310720000000000000e+05 4.426118686158347360e-01 7.995658078681352338e-03 2.756578238619008525e-01 0.000000000000000000e+00 5.058024799904764501e-01 -1.864918691705201367e-16 1.757297363212032004e-01 0.000000000000000000e+00
2.621440000000000000e+05 3.335360362879188911e-01 1.021160122350736220e-03 3.057809051927146138e-01 0.000000000000000000e+00 4.973060286876500036e-01 -1.872540802156629513e-16 1.385334110088949633e-01 0.000000000000000000e+00
5.242880000000000000e+05 2.738625064788225427e-01 -7.090181891518408447e-04 2.850511201557188179e-01 0.000000000000000000e+00 4.043178174367975108e-01 -1.549191931571881461e-16 1.643159177969236162e-01 0.000000000000000000e+00
1.048576000000000000e+06 2.063420849182204531e-01 -1.654099048487761570e-02 2.728290677571588718e-01 0.000000000000000000e+00 3.307597104426564516e-01 -1.221608332002599631e-16 1.662830073268664610e-01 0.000000000000000000e+00
2.097152000000000000e+06 1.100704213457555369e-01 -5.294858009159645208e-04 2.340074336842802305e-01 0.000000000000000000e+00 2.676580740098688516e-01 -9.896463017649569788e-17 1.486500844264452281e-01 0.000000000000000000e+00
4.194304000000000000e+06 3.087392782480492814e-02 -1.774180173163834862e-02 2.203052550696006917e-01 0.000000000000000000e+00 2.446927298124542405e-01 -9.215290208425913423e-17 1.308052616487886122e-01 0.000000000000000000e+00
8.388608000000000000e+06 2.846398693834523153e-02 1.346674217380277368e-03 1.870232024608277643e-01 0.000000000000000000e+00 1.773409144852466091e-01 -5.556231794653826421e-17 1.359769389607864976e-01 0.000000000000000000e+00
1.677721600000000000e+07 -1.224890713158838067e-02 2.025946553886359344e-02 1.798999318983043327e-01 0.000000000000000000e+00 9.591689678383036322e-02 -3.145541603470264266e-17 1.638435971077117081e-01 0.000000000000000000e+00
3.355443200000000000e+07 -1.047266631986328326e-03 -7.761983600173608805e-03 1.900908600331862319e-01 0.000000000000000000e+00 1.542901372194451781e-01 -5.297934695582719425e-17 1.347436247114240648e-01 0.000000000000000000e+00
6.710886400000000000e+07 -2.746557174418387016e-03 -1.736164976869280716e-02 1.521394558509425732e-01 0.000000000000000000e+00 1.015617769815573834e-01 -3.663335102283624011e-17 1.199894213325992109e-01 0.000000000000000000e+00
1.342177280000000000e+08 -4.073923747536306594e-02 2.424032532419939309e-02 1.362703639102769426e-01 0.000000000000000000e+00 3.107075459743886478e-02 -1.332819623950259132e-17 1.326801112970849295e-01 0.000000000000000000e+00
2.684354560000000000e+08 9.729671660424800417e-03 3.563809428862115773e-03 1.307381870631930676e-01 0.000000000000000000e+00 -4.232152214240851064e-03 -3.923980403953088918e-19 1.212629035038896436e-01 0.000000000000000000e+00
5.368709120000000000e+08 -3.807081005636032273e-02 -1.360391209666476399e-02 1.429047818564458949e-01 0.000000000000000000e+00 8.602355480834529208e-03 -4.105594111555281733e-18 1.386875393634667553e-01 0.000000000000000000e+00
1.073741824000000000e+09 -1.015393774821899547e-02 -1.797087033423229799e-02 1.615722436987809263e-01 0.000000000000000000e+00 2.764711616914538109e-02 -5.900430166484332959e-18 1.578386105897330305e-01 0.000000000000000000e+00
2.147483648000000000e+09 2.602975958082725020e-04 -3.216737777399727993e-02 1.246682147441949828e-01 0.000000000000000000e+00 6.891459780757240583e-02 -2.559260547339644260e-17 1.301868265635580391e-01 0.000000000000000000e+00
4.294967296000000000e+09 -1.078253057104167946e-02 4.570479493862431540e-03 1.537972750463006133e-01 0.000000000000000000e+00 5.306339274781043946e-02 -2.007317434943589656e-17 1.412645519209420608e-01 0.000000000000000000e+00
8.589934592000000000e+09 5.357831458164817248e-03 5.174443362475744657e-02 1.460610943618208257e-01 0.000000000000000000e+00 -1.364584283802038403e-02 1.036515404209748695e-17 1.556952261572364660e-01 0.000000000000000000e+00
1.717986918400000000e+10 -1.498275500881520415e-02 2.550062771876139903e-02 1.298665721867670042e-01 0.000000000000000000e+00 2.221739139276185555e-03 -2.823049091640942412e-18 1.106989267701926766e-01 0.000000000000000000e+00
3.435973836800000000e+10 5.408143098144298916e-02 4.949619603782612343e-02 1.468027088018486193e-01 0.000000000000000000e+00 -2.492361328587822111e-02 6.709490322854095798e-18 1.219790606496344298e-01 0.000000000000000000e+00
6.871947673600000000e+10 5.038749311273699877e-02 -3.201072838030376982e-02 1.356713459667386046e-01 0.000000000000000000e+00 -3.878107967084877539e-02 1.117129939256132887e-17 1.280633271732268263e-01 0.000000000000000000e+00
1.374389534720000000e+11 -5.705062777161880316e-03 -2.390180641978830595e-02 1.341201025146729064e-01 0.000000000000000000e+00 -7.330614205435084796e-03 2.998025650365681586e-18 1.255985051590874646e-01 0.000000000000000000e+00
2.748779069440000000e+11 -3.850512259409821780e-02 -3.538695319913790632e-02 1.455224829367631756e-01 0.000000000000000000e+00 3.078717357626045703e-02 -1.619127474474964138e-17 1.514401672180257508e-01 0.000000000000000000e+00
5.497558138880000000e+11 1.129884220159843968e-03 6.332950198488401447e-03 1.330459866956105741e-01 0.000000000000000000e+00 4.588555700543620053e-02 -1.689054855962830698e-17 1.064250463158744747e-01 0.000000000000000000e+00
