
# dim_loc 4
# L 4
# n_dis 100
# JZZ 1.0
# hZ 1.0
# hX 1.0
# alphas [ 0.25+0.4330127j  1.00+0.j         0.25-0.4330127j]
# betas [ 0.1  0.   0.1]
# lambdas [ 0.1  1.   0.1]
# phi 1.0471975511965976
# lambd 0.0
# gap 0.0245436926062 1.73478139741e-33
# shifted_gap 0.000302969907195 1.98103052689e-07
# shifted_gap_2 0.000298630434074 1.90574994854e-07
# log10_gap -1.82529142174 0.00217947531115
# log10_shifted_gap -4.65647306759 0.827760316408
# log10_shifted_gap_2 -5.2960527565 0.826506171387
# ratio 0.396803404633 0.00245650222012
# time	Re(Z)\Im(Z)	Var(Re(Z))	Var(Im(Z))
1.000000000000000000e+00 9.966680989447895822e-01 -2.038843311406226280e-05 1.826577227673906452e-05 0.000000000000000000e+00 9.933710033166257558e-01 -2.582795725662150183e-16 6.333605030322086277e-05 0.000000000000000000e+00
2.000000000000000000e+00 9.918950438232660982e-01 4.578520876291041749e-05 1.860810211391498883e-04 0.000000000000000000e+00 9.839768333953291535e-01 -1.234227020334721704e-16 5.584483141695101944e-04 0.000000000000000000e+00
4.000000000000000000e+00 9.795138287072712169e-01 -4.178606449609373460e-04 1.934189911612424441e-03 0.000000000000000000e+00 9.600103245138490449e-01 -3.718317239868711206e-16 4.977574008050036566e-03 0.000000000000000000e+00
8.000000000000000000e+00 9.554157321667057223e-01 6.378046263592477335e-04 1.375256141107004081e-02 0.000000000000000000e+00 9.133973599499366491e-01 -3.538222732283850371e-16 3.203404775501934865e-02 0.000000000000000000e+00
1.600000000000000000e+01 9.238353957081629764e-01 6.265043001561986305e-03 4.905680146747021936e-02 0.000000000000000000e+00 8.558265380430981617e-01 -3.309272566698025724e-16 1.003934651134365530e-01 0.000000000000000000e+00
3.200000000000000000e+01 9.224835046155637208e-01 -1.837343187404862641e-03 4.043755308898631246e-02 0.000000000000000000e+00 8.583964511671274833e-01 -3.325961217914117847e-16 7.833761374014144852e-02 0.000000000000000000e+00
6.400000000000000000e+01 9.091672336163847401e-01 -8.569842864920676137e-03 4.811511276644354906e-02 0.000000000000000000e+00 8.382323786090419837e-01 -3.279969155556063400e-16 8.948307044685127609e-02 0.000000000000000000e+00
1.280000000000000000e+02 9.052623131735936246e-01 1.448577420360655944e-04 4.431487509868564656e-02 0.000000000000000000e+00 8.368984229436151612e-01 -3.218340331924574770e-16 8.704866707422166672e-02 0.000000000000000000e+00
2.560000000000000000e+02 8.837672887975420721e-01 4.254397822535439105e-03 5.514355361877364831e-02 0.000000000000000000e+00 8.140153952951880711e-01 -3.155036888438245775e-16 9.732580457161199572e-02 0.000000000000000000e+00
5.120000000000000000e+02 8.556813255214645864e-01 7.967505053487670616e-03 7.575996625965512876e-02 0.000000000000000000e+00 7.806177239346996366e-01 -3.048866618556854997e-16 1.108425957919121213e-01 0.000000000000000000e+00
1.024000000000000000e+03 8.011703713661012527e-01 1.826878827368220255e-03 1.278874710978659957e-01 0.000000000000000000e+00 7.389829621851784491e-01 -2.928186231792829435e-16 1.484391110344229769e-01 0.000000000000000000e+00
2.048000000000000000e+03 7.454630885684576658e-01 1.303302130853077829e-03 1.834840251383509091e-01 0.000000000000000000e+00 7.189858126590706888e-01 -2.809150315138932944e-16 1.579140481370973348e-01 0.000000000000000000e+00
4.096000000000000000e+03 6.969873796531765864e-01 -6.015348155829522252e-03 1.849216058566386656e-01 0.000000000000000000e+00 6.839701796440004200e-01 -2.667502088010434989e-16 1.328172046836509634e-01 0.000000000000000000e+00
8.192000000000000000e+03 5.738767198688462523e-01 -7.400776615170630117e-03 2.728553502449508894e-01 0.000000000000000000e+00 6.287508259224358076e-01 -2.471477402380628338e-16 1.494397686555343219e-01 0.000000000000000000e+00
1.638400000000000000e+04 4.817446752003179955e-01 -2.725311974092012573e-03 2.809162809787852932e-01 0.000000000000000000e+00 5.383012901710036990e-01 -2.075738378804008206e-16 1.620558455193164271e-01 0.000000000000000000e+00
3.276800000000000000e+04 3.271779378742509237e-01 1.939786099970769440e-04 3.533224872725789223e-01 0.000000000000000000e+00 5.105977130915276829e-01 -1.956129094458181943e-16 1.546538612185100192e-01 0.000000000000000000e+00
6.553600000000000000e+04 2.720910927179593375e-01 -2.520490517111082917e-03 3.481875374996608041e-01 0.000000000000000000e+00 4.637564047281684809e-01 -1.764723810065086165e-16 1.554558481902058864e-01 0.000000000000000000e+00
1.310720000000000000e+05 2.166204296876271529e-01 -1.214180919452209975e-02 3.246409438666551517e-01 0.000000000000000000e+00 3.742856374516493889e-01 -1.402227607695779249e-16 1.642681887249693995e-01 0.000000000000000000e+00
2.621440000000000000e+05 1.321940248327839740e-01 -3.824927515531845098e-05 3.031903810374454444e-01 0.000000000000000000e+00 3.297903635805364275e-01 -1.234046871369217025e-16 1.774273920962514683e-01 0.000000000000000000e+00
5.242880000000000000e+05 6.954240888283187705e-02 -7.551652287927596539e-03 2.996615513954912213e-01 0.000000000000000000e+00 2.648081944989259529e-01 -9.676893598929793768e-17 1.881580558348267540e-01 0.000000000000000000e+00
1.048576000000000000e+06 6.108657483524721626e-02 1.436393744032296062e-02 2.469941241994182690e-01 0.000000000000000000e+00 2.124339367624007990e-01 -7.764318907755902991e-17 1.560038106239617917e-01 0.000000000000000000e+00
2.097152000000000000e+06 1.686388459833873185e-02 -1.330374753352961403e-02 2.154497196413556748e-01 0.000000000000000000e+00 1.176733411938049312e-01 -4.570013086296646473e-17 1.763662555608774829e-01 0.000000000000000000e+00
4.194304000000000000e+06 -2.108852726934488248e-02 -2.448195663529277588e-02 1.998258594099621144e-01 0.000000000000000000e+00 1.382830101462281802e-01 -4.425739119208425899e-17 1.695766230077447867e-01 0.000000000000000000e+00
8.388608000000000000e+06 8.815251944205536316e-02 1.076329811011396409e-02 2.082673160999768680e-01 0.000000000000000000e+00 1.008708179344530442e-01 -3.756854419310891115e-17 1.855812994041985409e-01 0.000000000000000000e+00
1.677721600000000000e+07 7.960107556810956664e-02 -2.100014872633430667e-03 1.608127905772599453e-01 0.000000000000000000e+00 -2.307538000204151923e-02 1.761154324985542267e-17 1.608565634780769471e-01 0.000000000000000000e+00
3.355443200000000000e+07 2.211822115783039500e-02 2.655281203397052980e-02 1.740152249971486931e-01 0.000000000000000000e+00 1.446116937650827015e-02 -2.298402621674410584e-18 1.496823684982152014e-01 0.000000000000000000e+00
6.710886400000000000e+07 5.109473143636772408e-03 2.738727981966935371e-02 1.583450123219637129e-01 0.000000000000000000e+00 -4.795775485501487488e-03 1.723304471931998915e-18 1.606588132160220450e-01 0.000000000000000000e+00
1.342177280000000000e+08 7.397805093811569109e-03 2.818194516799865657e-02 1.710876076218046937e-01 0.000000000000000000e+00 1.272562145118359342e-02 -2.822572430480247068e-18 1.536375176200107107e-01 0.000000000000000000e+00
2.684354560000000000e+08 1.958485014728881396e-02 7.785794842232489008e-03 1.981845583029653857e-01 0.000000000000000000e+00 1.457931247836251158e-02 -5.075206678619479512e-18 1.794065667666998876e-01 0.000000000000000000e+00
5.368709120000000000e+08 2.530854072256740958e-02 -4.698501996702358907e-02 1.584365500748484701e-01 0.000000000000000000e+00 -2.149576943086981690e-02 6.783040060912469264e-18 1.617183083102812780e-01 0.000000000000000000e+00
1.073741824000000000e+09 4.780771107838502343e-02 2.934393192808653489e-02 1.971662477131358726e-01 0.000000000000000000e+00 7.610624705097200106e-03 -1.868360529247246897e-18 2.102792906186593536e-01 0.000000000000000000e+00
2.147483648000000000e+09 -8.077443797557971872e-02 -1.367335830433334676e-02 1.588318433186445278e-01 0.000000000000000000e+00 2.224744850761373183e-02 -7.159038569494531081e-18 1.839147225010979159e-01 0.000000000000000000e+00
4.294967296000000000e+09 6.505824626379089204e-02 2.937691158895655921e-02 1.578562669502167892e-01 0.000000000000000000e+00 4.121524290531872192e-02 -1.714827541991992410e-17 1.415647461312826982e-01 0.000000000000000000e+00
8.589934592000000000e+09 1.257797472047195685e-02 5.873267462028338576e-02 1.675897422895779032e-01 0.000000000000000000e+00 -2.406615454226923925e-02 1.697849577675857750e-17 1.719557573176053733e-01 0.000000000000000000e+00
1.717986918400000000e+10 -2.363576837119012175e-02 2.957809356713081428e-02 1.527933190910186756e-01 0.000000000000000000e+00 6.799957917558992204e-02 -2.524644957759139534e-17 1.931158538805168856e-01 0.000000000000000000e+00
3.435973836800000000e+10 5.802182930354109203e-03 -1.883615906997546455e-02 1.603697323364804417e-01 0.000000000000000000e+00 4.481335753257205401e-02 -1.760490089630864565e-17 1.532393155868108092e-01 0.000000000000000000e+00
6.871947673600000000e+10 -2.594308800655399996e-02 -3.904236667558855928e-02 1.723443646785431937e-01 0.000000000000000000e+00 -3.776106881726684628e-02 1.826777447999276961e-17 1.754339276953402749e-01 0.000000000000000000e+00
1.374389534720000000e+11 -3.803622667027142801e-02 -3.037145484668202482e-03 1.678235063818878936e-01 0.000000000000000000e+00 5.859651754108276267e-03 3.354826614823859525e-18 1.852485811202328470e-01 0.000000000000000000e+00
2.748779069440000000e+11 3.166587010435684829e-02 -1.133508873432265834e-02 1.586445129485991312e-01 0.000000000000000000e+00 1.082702866605089048e-02 -1.352660383055093198e-18 1.447358422024322966e-01 0.000000000000000000e+00
5.497558138880000000e+11 2.057693871271019936e-02 1.742486748332078630e-02 1.545775853466219152e-01 0.000000000000000000e+00 -2.069620377627898883e-02 8.599204019271661626e-18 1.221540846365795630e-01 0.000000000000000000e+00
