
# L 3
# n_dis 100
# dim_loc 4
# phi 1.0471975511965976
# lambd 0.1
# betas [ 0.009  0.1    0.009]
# hX 1.0
# JZZ 1.0
# lambdas [0 1 0]
# hZ 1.0
# alphas [ 0.225+0.38971143j  1.000+0.j          0.225-0.38971143j]
# gap 0.0981747704247 2.32825670977e-32
# shifted_gap 0.00407858294899 1.8551283932e-05
# shifted_gap_2 1.12671658343e-05 1.14026530183e-09
# log10_gap -1.23436642996 0.00731387067275
# log10_shifted_gap -3.22838326459 0.687465934183
# time	Re(Z)\Im(Z)	Var(Re(Z))	Var(Im(Z))
1.000000000000000000e+00 9.944715672870816370e-01 -7.641219568376511481e-07 2.507408733901308085e-05 0.000000000000000000e+00 9.999336838665436877e-01 -2.547185887039653643e-16 5.281555468490709703e-09 0.000000000000000000e+00
3.000000000000000000e+00 9.733108429350559865e-01 -1.004781538112499873e-05 1.565516150856968713e-03 0.000000000000000000e+00 9.997332915605847692e-01 -3.814782281599129831e-18 1.782330127466701003e-07 0.000000000000000000e+00
9.000000000000000000e+00 8.919807602402523017e-01 -7.471403227023649442e-05 4.842956004615954491e-02 0.000000000000000000e+00 9.989166233528806726e-01 -2.537475647529909623e-16 5.986537419443639103e-06 0.000000000000000000e+00
2.700000000000000000e+01 8.629569629966722388e-01 -2.283942249848564920e-04 9.542029639786346606e-02 0.000000000000000000e+00 9.957028517217560992e-01 -7.866494848698790869e-18 1.961273979590880340e-04 0.000000000000000000e+00
8.100000000000000000e+01 7.938214349589417518e-01 -2.098155612220786530e-04 1.431119655147049807e-01 0.000000000000000000e+00 9.858587701515564294e-01 -2.475855605931541354e-16 6.886383210118226898e-03 0.000000000000000000e+00
2.430000000000000000e+02 6.414501989673525584e-01 -1.059403811676724741e-03 2.686150997816540986e-01 0.000000000000000000e+00 9.810513008168663118e-01 -9.302743062460440699e-18 1.571046177068452163e-02 0.000000000000000000e+00
7.290000000000000000e+02 4.945476203074298804e-01 7.543152634354600549e-04 3.343719529716440708e-01 0.000000000000000000e+00 9.826409327111192971e-01 -2.473797800487231346e-16 1.112193455635070334e-02 0.000000000000000000e+00
2.187000000000000000e+03 3.062647543692562646e-01 -3.876046098004777649e-03 4.207216973567092788e-01 0.000000000000000000e+00 9.793034442638786086e-01 -1.673583158662472894e-17 1.316221203316829923e-02 0.000000000000000000e+00
6.561000000000000000e+03 1.766808206584112861e-01 2.889400916231995957e-04 3.923469891053906755e-01 0.000000000000000000e+00 9.764522581342389707e-01 -2.394559738030934797e-16 8.220932351371812094e-03 0.000000000000000000e+00
1.968300000000000000e+04 6.939856109391030758e-02 -2.194806182974361024e-03 3.604957214794309306e-01 0.000000000000000000e+00 9.425977232773675718e-01 4.388612426489701453e-18 3.424142238960623669e-02 0.000000000000000000e+00
5.904900000000000000e+04 4.607379479315963644e-02 1.361867097457249414e-03 3.609715450005357429e-01 0.000000000000000000e+00 8.968048173279520308e-01 -2.291243667138284362e-16 5.855185795964289869e-02 0.000000000000000000e+00
1.771470000000000000e+05 5.213455424185806791e-02 -1.140605444770636601e-03 3.947590340925861696e-01 0.000000000000000000e+00 8.602272572685847329e-01 8.324096920853131234e-19 7.253249923390051035e-02 0.000000000000000000e+00
5.314410000000000000e+05 -4.022059657138798809e-03 -6.519645976684660359e-04 3.734269474752710538e-01 0.000000000000000000e+00 7.982870581522691911e-01 -1.978136317313756109e-16 8.604550695592660947e-02 0.000000000000000000e+00
1.594323000000000000e+06 -4.997136928943149078e-03 -9.398031294129161614e-04 2.728838615320718364e-01 0.000000000000000000e+00 6.858866362780616788e-01 -9.504828229838734937e-19 1.281228732412355575e-01 0.000000000000000000e+00
4.782969000000000000e+06 4.928686067426538142e-03 1.733487569875453820e-03 2.737287202532667774e-01 0.000000000000000000e+00 6.274687409424122286e-01 -1.511934607010586558e-16 1.142883725294730063e-01 0.000000000000000000e+00
1.434890700000000000e+07 -3.343916886448851378e-02 -1.161765956556605559e-03 2.314679828779167836e-01 0.000000000000000000e+00 5.679008142972421513e-01 -1.397128700153896704e-18 1.208926557679138175e-01 0.000000000000000000e+00
4.304672100000000000e+07 1.326181492180609589e-04 4.881839971514890901e-04 1.780631676736289526e-01 0.000000000000000000e+00 4.948772075202028664e-01 -1.161531408769090242e-16 1.011411578596937422e-01 0.000000000000000000e+00
1.291401630000000000e+08 9.778957846972115286e-03 -1.276373480455470031e-03 2.153732726129024833e-01 0.000000000000000000e+00 5.101618579184861169e-01 -1.219920612279922488e-19 1.130272590194095483e-01 0.000000000000000000e+00
3.874204890000000000e+08 3.587645736069852709e-02 5.793484164408541689e-04 1.864026438704598776e-01 0.000000000000000000e+00 4.411073749343949468e-01 -1.083218763905978143e-16 1.146782278919848130e-01 0.000000000000000000e+00
1.162261467000000000e+09 -6.166730567384548674e-03 6.795510028776420531e-04 1.743778992886834411e-01 0.000000000000000000e+00 4.504582124591358649e-01 -1.752577186540553398e-18 1.007319230367164642e-01 0.000000000000000000e+00
3.486784401000000000e+09 5.367808477068735165e-03 -1.283289546060427085e-03 1.908934268575767368e-01 0.000000000000000000e+00 4.997441344444069067e-01 -1.274419825530439136e-16 1.149688160709468610e-01 0.000000000000000000e+00
1.046035320300000000e+10 -5.008738909513079859e-03 3.665237689146440335e-04 2.037912559477433883e-01 0.000000000000000000e+00 5.114800537346245735e-01 5.580353039176324242e-20 9.990214500924766983e-02 0.000000000000000000e+00
3.138105960900000000e+10 5.237134967865125085e-02 -2.896460820315025549e-03 1.877525067953067506e-01 0.000000000000000000e+00 5.090591188295664482e-01 -1.339765133688805855e-16 1.094922958903690180e-01 0.000000000000000000e+00
9.414317882700000000e+10 5.617938276260652647e-02 5.131033932006030416e-04 1.821024136773428115e-01 0.000000000000000000e+00 4.598908724800650494e-01 8.037663425367497648e-19 1.061715526665733822e-01 0.000000000000000000e+00
2.824295364810000000e+11 -1.066296773254657611e-02 -2.246477764640757591e-03 1.919932297970225743e-01 0.000000000000000000e+00 5.152727299960174756e-01 -1.331199399377579798e-16 1.143876875210708688e-01 0.000000000000000000e+00
8.472886094430000000e+11 -3.886013321367486062e-02 7.596163571263257579e-04 1.821289650893890555e-01 0.000000000000000000e+00 4.705267595546797077e-01 1.490463561570367152e-18 1.101220382512635432e-01 0.000000000000000000e+00
2.541865828329000000e+12 3.501297207549084606e-02 -1.577456523355292347e-03 1.969235496100150140e-01 0.000000000000000000e+00 5.191104459286401962e-01 -1.310715837058074340e-16 1.064005659152062050e-01 0.000000000000000000e+00
7.625597484987000000e+12 -2.330708724604862656e-02 -4.958986838971352539e-04 2.262567730320119985e-01 0.000000000000000000e+00 4.858691156614211026e-01 1.899929978804558357e-18 1.051765291057832202e-01 0.000000000000000000e+00
2.287679245496100000e+13 -6.857513741649725984e-03 -6.556409651423166299e-04 2.123206322041928662e-01 0.000000000000000000e+00 4.849919839137479260e-01 -1.151083109039067718e-16 1.041625881303540474e-01 0.000000000000000000e+00
6.863037736488300000e+13 -3.226988263084014374e-02 5.829692508010277975e-03 1.829983643979956609e-01 0.000000000000000000e+00 4.960544904739931926e-01 2.970424705660357449e-18 1.051842110778053729e-01 0.000000000000000000e+00
2.058911320946490000e+14 -5.691310559855346229e-02 8.582232143504864644e-03 1.825015867993695640e-01 0.000000000000000000e+00 5.087383665119236120e-01 -1.281071334274569857e-16 9.377864612185475568e-02 0.000000000000000000e+00
6.176733962839470000e+14 2.998904707577064455e-02 2.271860472521747623e-02 1.336730778231829675e-01 0.000000000000000000e+00 3.034286064907414926e-01 -6.905076146987796995e-19 8.639587710093117601e-02 0.000000000000000000e+00
1.853020188851841000e+15 -4.536500402202890518e-03 1.578774483663424044e-02 2.162115334663640073e-02 0.000000000000000000e+00 2.702123443283978386e-03 3.164289933155798065e-18 3.131226043261377268e-02 0.000000000000000000e+00
5.559060566555523000e+15 1.004949583459998621e-03 -5.086560843316505556e-03 2.044192774131279276e-03 0.000000000000000000e+00 1.018965836555026094e-02 2.898070981749020323e-18 8.679523875278946296e-03 0.000000000000000000e+00
1.667718169966656800e+16 6.484992541976945498e-04 -3.447058755200908749e-05 2.278754329755856324e-03 0.000000000000000000e+00 -5.228280610429121393e-03 6.449209868110561790e-18 2.843440200465740825e-03 0.000000000000000000e+00
5.003154509899970400e+16 1.034436875834647795e-04 6.504870692553624799e-05 4.021262575220386347e-06 0.000000000000000000e+00 3.134380674695473948e-04 4.688166897273412948e-18 9.291101026509784224e-06 0.000000000000000000e+00
1.500946352969991360e+17 nan nan nan 0.000000000000000000e+00 nan nan nan 0.000000000000000000e+00
4.502839058909973760e+17 nan nan nan 0.000000000000000000e+00 nan nan nan 0.000000000000000000e+00
1.350851717672992000e+18 nan nan nan 0.000000000000000000e+00 nan nan nan 0.000000000000000000e+00
4.052555153018976256e+18 nan nan nan 0.000000000000000000e+00 nan nan nan 0.000000000000000000e+00
