
# dim_loc 4
# L 6
# n_dis 100
# JZZ 1.0
# hZ 1.0
# hX 1.0
# alphas [ 0.075+0.12990381j  1.000+0.j          0.075-0.12990381j]
# betas [ 0.1  0.7  0.1]
# lambdas [ 0.1  1.   0.1]
# phi 1.0471975511965976
# lambd 0.7
# gap 0.00153398078789 6.73511243247e-36
# shifted_gap 0.0127975472954 0.000671136015521
# shifted_gap_2 7.658551156e-05 1.11719561128e-08
# log10_gap -2.97491196783 0.00118172277752
# log10_shifted_gap -2.32020190089 0.252243166413
# log10_shifted_gap_2 -5.15024041626 1.22012126772
# ratio 0.450921324461 0.00118196594864
# time	Re(Z)\Im(Z)	Var(Re(Z))	Var(Im(Z))
1.000000000000000000e+00 7.031152355981477031e-01 -1.472825169931397933e-05 6.333182447037220830e-02 0.000000000000000000e+00 9.923348994655045718e-01 -2.339945231094586572e-16 8.805482689534099849e-05 0.000000000000000000e+00
2.000000000000000000e+00 2.065358756689143482e-01 -1.072198636504130174e-04 3.443324503863324781e-01 0.000000000000000000e+00 9.795587559570491099e-01 -1.104128147279187696e-16 9.785556017301978802e-04 0.000000000000000000e+00
4.000000000000000000e+00 1.548955495404143456e-01 8.627462097259884846e-04 2.398658418304191742e-01 0.000000000000000000e+00 9.500568524598886899e-01 -3.385966454686338966e-16 7.943991001635352517e-03 0.000000000000000000e+00
8.000000000000000000e+00 1.353299095269169527e-01 -1.147214972054078855e-03 1.864444983734016015e-01 0.000000000000000000e+00 9.076131296515635993e-01 -3.270536911187291430e-16 3.091982850515946624e-02 0.000000000000000000e+00
1.600000000000000000e+01 9.454788314109949243e-02 -1.984044544673366271e-04 1.724000670175169780e-01 0.000000000000000000e+00 8.715666732562852292e-01 -3.096014312886276890e-16 4.767826505798062470e-02 0.000000000000000000e+00
3.200000000000000000e+01 6.812160556281869617e-02 -8.377700018148393185e-05 1.378238219067451364e-01 0.000000000000000000e+00 8.411959883499138257e-01 -2.990400858258657868e-16 5.075473694727487134e-02 0.000000000000000000e+00
6.400000000000000000e+01 7.011500980161766705e-02 -2.441133825920832438e-04 1.048435575435460038e-01 0.000000000000000000e+00 8.014979017504977321e-01 -2.869385122896109997e-16 5.974394485169930852e-02 0.000000000000000000e+00
1.280000000000000000e+02 4.985576989934405873e-02 -1.106849335354486178e-03 7.288510106288087487e-02 0.000000000000000000e+00 7.597242686549330326e-01 -2.706889664188015465e-16 6.551338676560587715e-02 0.000000000000000000e+00
2.560000000000000000e+02 3.684843278898795177e-02 -1.076570872689869805e-03 5.317847599109303686e-02 0.000000000000000000e+00 7.191681571191637090e-01 -2.595871019394704196e-16 6.861021963224724074e-02 0.000000000000000000e+00
5.120000000000000000e+02 2.804055676967547733e-02 -2.173492500251979827e-04 4.070856502687206918e-02 0.000000000000000000e+00 6.741504472889437993e-01 -2.419469151741223393e-16 7.317669502454592079e-02 0.000000000000000000e+00
1.024000000000000000e+03 2.100658714113360845e-02 1.009567391734803218e-05 2.422960497616307232e-02 0.000000000000000000e+00 6.379779843839956666e-01 -2.288141234241101330e-16 7.641115969432250854e-02 0.000000000000000000e+00
2.048000000000000000e+03 2.167232440103235985e-02 -5.024895231267928128e-04 2.153862602364549350e-02 0.000000000000000000e+00 6.021622929529902857e-01 -2.162584546739525168e-16 7.784520870358919986e-02 0.000000000000000000e+00
4.096000000000000000e+03 1.465048212213285531e-02 -1.298475320542262761e-03 1.220468270717952469e-02 0.000000000000000000e+00 5.662878096541481554e-01 -2.035927707527564575e-16 8.445746998954083151e-02 0.000000000000000000e+00
8.192000000000000000e+03 2.550411007273629006e-03 7.402517432216522018e-05 1.905077845494567573e-02 0.000000000000000000e+00 5.252403948986547055e-01 -1.893842128129517102e-16 9.286130716850682365e-02 0.000000000000000000e+00
1.638400000000000000e+04 5.330260064321569631e-03 -7.278680737158104786e-04 1.521542414084052844e-02 0.000000000000000000e+00 4.706832489022700350e-01 -1.686651368076328568e-16 1.017609806206351136e-01 0.000000000000000000e+00
3.276800000000000000e+04 9.543108991921938483e-03 -2.913678459173763862e-05 1.214417076515086555e-02 0.000000000000000000e+00 4.160607664125644534e-01 -1.490529922303091442e-16 1.054777474736699194e-01 0.000000000000000000e+00
6.553600000000000000e+04 -1.067497730562440338e-03 8.502429476473404501e-04 7.649788886646008597e-03 0.000000000000000000e+00 3.471369831152077423e-01 -1.240542151990542776e-16 1.105894464785562997e-01 0.000000000000000000e+00
1.310720000000000000e+05 -6.767904758453609747e-03 -4.636919608413347759e-05 1.119373115384361163e-02 0.000000000000000000e+00 2.897566289277753171e-01 -1.043484949383946687e-16 1.146681272650993122e-01 0.000000000000000000e+00
2.621440000000000000e+05 -7.211910641132012259e-04 1.287763348414746201e-03 1.068104038776954492e-02 0.000000000000000000e+00 2.339329035007884361e-01 -8.320821816242129390e-17 1.094297836222622722e-01 0.000000000000000000e+00
5.242880000000000000e+05 1.010593306306099663e-02 -1.284102514826073122e-03 1.101316504853877901e-02 0.000000000000000000e+00 1.875096872958584293e-01 -6.594496062703158739e-17 9.838781921432414312e-02 0.000000000000000000e+00
1.048576000000000000e+06 1.378240205761600660e-03 -3.280867144508603462e-04 1.328390854081182813e-02 0.000000000000000000e+00 1.564125459945447660e-01 -5.457678157855257769e-17 8.878034583608809815e-02 0.000000000000000000e+00
2.097152000000000000e+06 9.760991191943518483e-03 2.122609731797780921e-03 9.918452433731501580e-03 0.000000000000000000e+00 1.376630340368918959e-01 -4.656774285044844725e-17 6.668378147397314992e-02 0.000000000000000000e+00
4.194304000000000000e+06 8.458356551177255087e-03 -3.239664445505226198e-03 7.718333325212842731e-03 0.000000000000000000e+00 9.459529218766385417e-02 -3.161709514005979663e-17 5.529998664043207779e-02 0.000000000000000000e+00
8.388608000000000000e+06 -4.563999970855175774e-03 8.153201120147040648e-04 6.721491130623578371e-03 0.000000000000000000e+00 9.044300677590902393e-02 -2.889426760606278174e-17 4.527854233750356477e-02 0.000000000000000000e+00
1.677721600000000000e+07 -1.375243977286628961e-03 2.564531536309464389e-03 1.117274409923201157e-02 0.000000000000000000e+00 5.379721376833026397e-02 -1.522913674100059957e-17 4.095685251467592186e-02 0.000000000000000000e+00
3.355443200000000000e+07 1.950860007377856406e-02 1.110106656336760087e-04 1.117326459156799644e-02 0.000000000000000000e+00 5.637726174999795059e-02 -1.708125204955956747e-17 2.658156314501168918e-02 0.000000000000000000e+00
6.710886400000000000e+07 7.244271378027262315e-03 8.134067656105593500e-04 8.872383091097162111e-03 0.000000000000000000e+00 3.649884137733337697e-02 -9.777844736469345083e-18 2.459798428511470250e-02 0.000000000000000000e+00
1.342177280000000000e+08 6.367654192498537445e-03 1.126220084432070752e-03 6.459903460845880033e-03 0.000000000000000000e+00 4.335771438702657604e-02 -1.248462213269717006e-17 2.014248008031325338e-02 0.000000000000000000e+00
2.684354560000000000e+08 1.264188223097924453e-02 9.482399452080790417e-04 8.443786206976616401e-03 0.000000000000000000e+00 1.978293907697203230e-02 -3.153928963296581155e-18 1.375755812897107994e-02 0.000000000000000000e+00
5.368709120000000000e+08 7.221760117666792787e-03 -1.991061301479812168e-03 8.641961947735397193e-03 0.000000000000000000e+00 2.269751610524177107e-02 -4.833768671003543566e-18 1.800444766383247491e-02 0.000000000000000000e+00
1.073741824000000000e+09 4.306073914715559045e-03 1.241969554780997286e-03 5.445817646718876734e-03 0.000000000000000000e+00 -8.090204866062083305e-03 6.064417220395978007e-18 1.309288870526402124e-02 0.000000000000000000e+00
2.147483648000000000e+09 1.401351506388549915e-03 -8.506268650259621311e-03 5.389605441706199832e-03 0.000000000000000000e+00 1.296574764250841248e-02 -1.604216311518910037e-18 1.213862659592369539e-02 0.000000000000000000e+00
4.294967296000000000e+09 8.736967747027641132e-03 -4.749815676665476369e-03 5.874452104832898931e-03 0.000000000000000000e+00 5.931787273392876911e-03 6.635561957609047569e-20 9.446426372137519539e-03 0.000000000000000000e+00
8.589934592000000000e+09 1.594378442804038907e-03 -4.795043092155652602e-03 5.498769468373922685e-03 0.000000000000000000e+00 -1.624510668810508901e-02 8.050596347535059724e-18 9.177985285482526123e-03 0.000000000000000000e+00
1.717986918400000000e+10 2.988428358167771054e-03 9.019968258651340533e-04 5.592350255629575939e-03 0.000000000000000000e+00 1.629672638919230001e-03 2.030912528244162243e-18 8.756017894527172440e-03 0.000000000000000000e+00
3.435973836800000000e+10 1.589511878508188553e-03 8.268107287660144203e-03 7.202322389255505150e-03 0.000000000000000000e+00 -8.260260806748433854e-03 6.686007839474473723e-18 1.257597951341311686e-02 0.000000000000000000e+00
6.871947673600000000e+10 2.547611340743851076e-04 -5.370209901402883679e-03 5.982695976876607931e-03 0.000000000000000000e+00 1.105169824475218943e-02 -1.338313519087939628e-18 1.021856588234444294e-02 0.000000000000000000e+00
1.374389534720000000e+11 5.711100396958173134e-03 4.752275433778430092e-03 6.866515054455534818e-03 0.000000000000000000e+00 1.736579201232347353e-02 -4.767487750203612844e-18 9.342536371335577114e-03 0.000000000000000000e+00
2.748779069440000000e+11 5.115998473504637482e-03 3.257532331483330417e-03 5.534850914432501955e-03 0.000000000000000000e+00 5.291510796070621019e-04 2.596532650942077280e-18 1.115929524704015706e-02 0.000000000000000000e+00
5.497558138880000000e+11 6.952148087935329165e-03 -5.980552759695072565e-03 7.080660383403751361e-03 0.000000000000000000e+00 2.628302896171087321e-03 2.600955639199128214e-18 9.879050646107648617e-03 0.000000000000000000e+00
