
# dim_loc 4
# n_dis 100
# L 2
# hZ 1.0
# phi 1.0471975511965976
# lambd 0.01
# hX 1.0
# alphas [0.2475+0.42868257j 1.    +0.j         0.2475-0.42868257j]
# JZZ 1.0
# betas [0.1  0.01 0.1 ]
# lambdas [0.1 1.  0.1]
# gap 0.39269908169872353 3.71935590860063e-31
# shifted_gap 0.0022001439835219482 4.468743688004106e-06
# shifted_gap_2 0.0021850321843661924 4.462569938313479e-06
# log10_gap -0.5709729866548656 0.016247351409190952
# log10_shifted_gap -3.0316652033733233 0.4788967889319191
# log10_shifted_gap_2 -4.161411202299331 0.65517990832903
# ratio 0.41107795773976086 0.026046839810570304
# time	Re(Z)\Im(Z)	Var(Re(Z))	Var(Im(Z))
1.000000000000000000e+00 9.981780668052053773e-01 1.194279754290913572e-05 7.888030207615188703e-06 0.000000000000000000e+00 9.964757232057779301e-01 -2.422829942788782530e-16 2.598058155593558857e-05 0.000000000000000000e+00
2.000000000000000000e+00 9.982102075582223177e-01 4.978855513887737045e-05 7.486563154192806289e-06 0.000000000000000000e+00 9.966234810435152802e-01 -1.163809775761972594e-16 2.152732691848586587e-05 0.000000000000000000e+00
4.000000000000000000e+00 9.971509056187833897e-01 8.534512086563315230e-06 2.118705570255091151e-05 0.000000000000000000e+00 9.945986985829339266e-01 -3.277191397140741458e-16 6.018231734359565696e-05 0.000000000000000000e+00
8.000000000000000000e+00 9.955265754649775811e-01 2.951400919089656235e-04 9.279461580464029189e-05 0.000000000000000000e+00 9.916878191683343724e-01 -3.320453735209345999e-16 2.211120062385145402e-04 0.000000000000000000e+00
1.600000000000000000e+01 9.934225678568932016e-01 6.990667122450248180e-04 2.220478220267291941e-04 0.000000000000000000e+00 9.880993222221255978e-01 -3.270214565959113368e-16 4.925622912190365070e-04 0.000000000000000000e+00
3.200000000000000000e+01 9.857131115981658809e-01 1.554160964457974815e-03 9.333641435037747305e-04 0.000000000000000000e+00 9.743038383404670766e-01 -3.234592846791433152e-16 2.064987531102708152e-03 0.000000000000000000e+00
6.400000000000000000e+01 9.644575452256889392e-01 1.754261602098297450e-03 4.771062638604064120e-03 0.000000000000000000e+00 9.367707802768080461e-01 -3.104093020957458394e-16 1.068032710529113333e-02 0.000000000000000000e+00
1.280000000000000000e+02 8.922856049719231075e-01 -1.527071727847774960e-03 3.076431435997959915e-02 0.000000000000000000e+00 8.250140100175344937e-01 -2.702811589501990575e-16 6.377197531794638607e-02 0.000000000000000000e+00
2.560000000000000000e+02 6.830384247758916061e-01 6.030765235060205672e-04 2.132554430110144006e-01 0.000000000000000000e+00 6.788090023956080410e-01 -2.173259389269068798e-16 1.267414053820389297e-01 0.000000000000000000e+00
5.120000000000000000e+02 4.012665367485485080e-01 -2.240137716676718956e-03 4.359974626456507574e-01 0.000000000000000000e+00 6.152200086825919678e-01 -2.091138439389550471e-16 1.196976174419353556e-01 0.000000000000000000e+00
1.024000000000000000e+03 2.387392471462656818e-01 1.779600844382685622e-03 4.432473460145670563e-01 0.000000000000000000e+00 5.227891102902701981e-01 -1.802854684039615730e-16 1.450016198732432815e-01 0.000000000000000000e+00
2.048000000000000000e+03 8.585422465431637173e-02 -2.137543449566898406e-04 5.166214841031857574e-01 0.000000000000000000e+00 5.758279258151111080e-01 -2.005040615432405649e-16 1.330965435134598696e-01 0.000000000000000000e+00
4.096000000000000000e+03 1.843562633579722831e-01 6.518857077962902057e-03 3.836558000430508875e-01 0.000000000000000000e+00 5.487990763570564923e-01 -1.862498376746398750e-16 1.403066755976640767e-01 0.000000000000000000e+00
8.192000000000000000e+03 4.709927813598512036e-02 1.532693333862848555e-02 4.038946675533010566e-01 0.000000000000000000e+00 5.502246000147830163e-01 -1.807092173741308328e-16 1.364782303167347555e-01 0.000000000000000000e+00
1.638400000000000000e+04 6.941884945189923106e-02 -5.235818816820376684e-03 2.571413873085608426e-01 0.000000000000000000e+00 4.250886849019520075e-01 -1.363261758063336930e-16 1.394521228605805352e-01 0.000000000000000000e+00
3.276800000000000000e+04 -1.498211457567308856e-02 -8.517554062665758747e-04 2.681348321861011241e-01 0.000000000000000000e+00 4.119874045323706491e-01 -1.334216520841429560e-16 1.530988762118382918e-01 0.000000000000000000e+00
6.553600000000000000e+04 7.311989453684632212e-02 -2.900092571614112935e-02 2.673355123391378818e-01 0.000000000000000000e+00 3.702466710839920627e-01 -1.256281691132090553e-16 2.083767932689293556e-01 0.000000000000000000e+00
1.310720000000000000e+05 -3.341347893577964467e-02 -4.484166937487416710e-02 2.098310810953727401e-01 0.000000000000000000e+00 2.268852536652594121e-01 -7.620623744473927973e-17 1.673779351012919525e-01 0.000000000000000000e+00
2.621440000000000000e+05 2.442635011801972886e-02 -1.169153067758937209e-02 2.390560823194472218e-01 0.000000000000000000e+00 1.730531239568588175e-01 -6.242312885222339690e-17 2.403400384479015273e-01 0.000000000000000000e+00
5.242880000000000000e+05 3.378068568389140658e-02 -1.594004436838226957e-02 2.118903507486160076e-01 0.000000000000000000e+00 1.166063259182244100e-01 -3.207576396180130178e-17 2.153197779779291443e-01 0.000000000000000000e+00
1.048576000000000000e+06 2.831767487635063630e-03 -4.671410620192060006e-03 2.718904654495862272e-01 0.000000000000000000e+00 1.195271072209632968e-01 -4.055018814982729307e-17 2.438403632526411347e-01 0.000000000000000000e+00
2.097152000000000000e+06 4.022589897104967595e-03 -3.149479796322636471e-03 2.232578125333346819e-01 0.000000000000000000e+00 2.217729660880809681e-02 -1.026822341976200900e-17 2.137349958262630967e-01 0.000000000000000000e+00
4.194304000000000000e+06 1.108514608719996485e-02 5.739445846991185658e-03 1.977920540676825212e-01 0.000000000000000000e+00 1.009626588227753863e-01 -3.452053795376997502e-17 2.051068596533779376e-01 0.000000000000000000e+00
8.388608000000000000e+06 2.780175547052199034e-02 6.253260283259842733e-02 2.670856827910365050e-01 0.000000000000000000e+00 4.051659616088872096e-02 -6.841339471167321812e-18 2.593521929276578764e-01 0.000000000000000000e+00
1.677721600000000000e+07 -2.046534051408207058e-02 1.501457054149021343e-02 2.527371952430850777e-01 0.000000000000000000e+00 2.853736105250986865e-02 -8.012041833611266659e-18 2.685173479089286164e-01 0.000000000000000000e+00
3.355443200000000000e+07 3.581800366392277890e-02 3.065069718467503326e-02 2.321225651554726932e-01 0.000000000000000000e+00 4.713980117436813305e-02 -1.622877146327456700e-17 2.405358048579497032e-01 0.000000000000000000e+00
6.710886400000000000e+07 -2.904371081798868062e-02 -6.646748910082977968e-02 2.817562218155602038e-01 0.000000000000000000e+00 2.816501994980702417e-02 -1.415121531877767438e-17 2.562102738836120053e-01 0.000000000000000000e+00
1.342177280000000000e+08 4.208688420149272330e-02 3.185298905184878043e-02 2.308229277285512027e-01 0.000000000000000000e+00 -1.967182995573461476e-02 1.094393614834339054e-17 2.326309977000098062e-01 0.000000000000000000e+00
2.684354560000000000e+08 -9.106007865096490267e-03 1.871888889427463995e-02 2.390987479736098043e-01 0.000000000000000000e+00 -4.083358399551748757e-02 3.536830553439448454e-18 2.515974706044591391e-01 0.000000000000000000e+00
5.368709120000000000e+08 -5.412465225936814034e-02 -2.430356714594058415e-02 2.378193520108251857e-01 0.000000000000000000e+00 1.325012672074523182e-02 -6.258840859202974135e-18 2.284872927844290580e-01 0.000000000000000000e+00
1.073741824000000000e+09 1.129925218134527828e-02 -2.182040058705298977e-02 2.470260114473607771e-01 0.000000000000000000e+00 1.447209533233879790e-02 1.274820804176108263e-17 2.656235059246511154e-01 0.000000000000000000e+00
2.147483648000000000e+09 -3.587161857559566930e-02 1.287449076937779296e-02 2.358407926836467994e-01 0.000000000000000000e+00 4.037143148032191348e-02 6.967188136924695512e-19 2.565549809859137831e-01 0.000000000000000000e+00
4.294967296000000000e+09 -4.928114855402854905e-02 1.379651701801941702e-02 2.421005522776448760e-01 0.000000000000000000e+00 -2.157289702544369983e-02 5.693859967062758871e-18 2.679158170824199048e-01 0.000000000000000000e+00
8.589934592000000000e+09 4.509597238771784200e-02 7.309981898856671156e-02 2.356947914992661708e-01 0.000000000000000000e+00 5.458253582097627454e-02 -2.548898699747157360e-17 2.207005967163419291e-01 0.000000000000000000e+00
1.717986918400000000e+10 1.190940235119844134e-02 3.160427436824189001e-02 2.448412192505584062e-01 0.000000000000000000e+00 -1.019596413501051985e-01 5.227902476557923283e-17 2.742832957208630740e-01 0.000000000000000000e+00
3.435973836800000000e+10 -7.825608004580365124e-04 5.970585690628683190e-02 2.360061488271217311e-01 0.000000000000000000e+00 8.545003975537363364e-03 -4.041329767227772242e-18 2.205122293025266744e-01 0.000000000000000000e+00
6.871947673600000000e+10 -2.038505877919463347e-02 -1.753623770538747378e-02 2.034269966768840754e-01 0.000000000000000000e+00 -4.410173114683333014e-03 -4.914830031892464094e-18 2.295865466662677379e-01 0.000000000000000000e+00
1.374389534720000000e+11 1.283803811885231294e-02 7.810207858780944361e-03 2.416263987126700818e-01 0.000000000000000000e+00 1.416864494306087525e-02 -9.883695404665599462e-18 2.189592326207388251e-01 0.000000000000000000e+00
2.748779069440000000e+11 3.820473632162105226e-02 2.550053935786854992e-02 2.024979406798613768e-01 0.000000000000000000e+00 -8.917441400400414123e-03 1.134402903015579543e-17 1.915106268451836624e-01 0.000000000000000000e+00
5.497558138880000000e+11 5.043272465616793071e-03 8.734437320852114685e-04 2.405511194989911339e-01 0.000000000000000000e+00 -3.857267856666253547e-02 1.185292789692205666e-17 2.259873671784748961e-01 0.000000000000000000e+00
