
# n_dis 100
# dim_loc 4
# L 3
# betas [0.1  0.99 0.1 ]
# lambdas [0.1 1.  0.1]
# alphas [0.0025+0.00433013j 1.    +0.j         0.0025-0.00433013j]
# hZ 1.0
# JZZ 1.0
# hX 1.0
# lambd 0.99
# phi 1.0471975511965976
# gap 0.09817477042468087 2.801650290100112e-32
# shifted_gap 0.24551528968972408 0.04463410765366185
# shifted_gap_2 0.0011949543768253843 3.577061194761734e-06
# log10_gap -1.2294300372090559 0.006632505885722657
# log10_shifted_gap -0.8738461405404265 0.1943785419578448
# log10_shifted_gap_2 -5.736924274963604 1.2700842594961592
# ratio 0.4033596441886727 0.0063912142855976975
# time	Re(Z)\Im(Z)	Var(Re(Z))	Var(Im(Z))
1.000000000000000000e+00 4.991659826668365385e-01 -1.409092904472266898e-05 1.791850210164452895e-01 0.000000000000000000e+00 9.933765670961748340e-01 -2.575599040233605240e-16 7.286953149067788100e-05 0.000000000000000000e+00
2.000000000000000000e+00 -1.301116125873617024e-01 -2.292337970074815226e-05 5.169126853876920835e-01 0.000000000000000000e+00 9.833228827229492097e-01 -1.294621254847749197e-16 7.011432844965382986e-04 0.000000000000000000e+00
4.000000000000000000e+00 8.859927017502615409e-02 4.402839548460959888e-05 4.420724779065383636e-01 0.000000000000000000e+00 9.620241768039781149e-01 -3.620899409169022931e-16 5.903323623995965393e-03 0.000000000000000000e+00
8.000000000000000000e+00 -4.046241707466811249e-02 3.939128564591513806e-04 4.269973336786425100e-01 0.000000000000000000e+00 9.377636321790897567e-01 -3.654304806571049784e-16 1.895976366680277372e-02 0.000000000000000000e+00
1.600000000000000000e+01 4.784790283284205800e-04 9.351357456732517937e-04 4.133805989124757496e-01 0.000000000000000000e+00 9.326290027949760697e-01 -3.542429919322173803e-16 2.304941079006576909e-02 0.000000000000000000e+00
3.200000000000000000e+01 3.390289782289722387e-02 -2.798707782944252504e-03 4.140170363941893528e-01 0.000000000000000000e+00 9.145681141717479923e-01 -3.428957487232744149e-16 3.564096964552555813e-02 0.000000000000000000e+00
6.400000000000000000e+01 2.547130621735658323e-02 2.212151739185283170e-03 4.046679926955724094e-01 0.000000000000000000e+00 9.084923272889592338e-01 -3.438788655043059439e-16 3.006106496226831556e-02 0.000000000000000000e+00
1.280000000000000000e+02 5.785028170313644830e-02 1.419869693453151274e-03 3.896351726633460744e-01 0.000000000000000000e+00 8.916106904289313739e-01 -3.346940985767512781e-16 3.073346055926216847e-02 0.000000000000000000e+00
2.560000000000000000e+02 6.242825805330873973e-02 5.603905032366878446e-03 3.464420612010336020e-01 0.000000000000000000e+00 8.624519908499939103e-01 -3.305350402255141307e-16 4.537860799655807353e-02 0.000000000000000000e+00
5.120000000000000000e+02 3.410743071542555321e-02 5.933187727519798234e-04 3.148626745993410858e-01 0.000000000000000000e+00 8.512871397800360063e-01 -3.227215983234914102e-16 3.429971754265349199e-02 0.000000000000000000e+00
1.024000000000000000e+03 2.678626450838399176e-02 1.836178964738872715e-03 2.619309557520081988e-01 0.000000000000000000e+00 8.117006854781823044e-01 -3.185279980983736632e-16 4.297291780705925213e-02 0.000000000000000000e+00
2.048000000000000000e+03 1.173502108225335516e-02 5.336998798735591472e-03 2.601402592691569038e-01 0.000000000000000000e+00 7.670973513209456973e-01 -2.919115273209833170e-16 6.278366347434974348e-02 0.000000000000000000e+00
4.096000000000000000e+03 9.766313751540878219e-02 -3.707677034876567281e-03 1.887925557360466688e-01 0.000000000000000000e+00 7.380610096952325838e-01 -2.852221166020488923e-16 4.791076104827423493e-02 0.000000000000000000e+00
8.192000000000000000e+03 9.566031367863728208e-03 4.612753634306158740e-04 1.540146792260499720e-01 0.000000000000000000e+00 7.205552726633497329e-01 -2.797370962618851420e-16 6.941057128221550521e-02 0.000000000000000000e+00
1.638400000000000000e+04 -1.338949682153402383e-02 9.984968486348633123e-04 1.383187533030966199e-01 0.000000000000000000e+00 6.769479785210689160e-01 -2.663265215359282715e-16 6.276933336252030204e-02 0.000000000000000000e+00
3.276800000000000000e+04 3.495050172905631719e-02 -6.043772764277880773e-03 1.037776355941878725e-01 0.000000000000000000e+00 6.386813072714074835e-01 -2.455643587397986428e-16 7.682642774546538655e-02 0.000000000000000000e+00
6.553600000000000000e+04 3.365485404653104085e-02 1.736385627769361029e-03 1.146648759127028433e-01 0.000000000000000000e+00 6.083585492976492093e-01 -2.360059856421579181e-16 8.976087845354394079e-02 0.000000000000000000e+00
1.310720000000000000e+05 1.385673623950501795e-02 4.117096630349216177e-03 1.008882041240246885e-01 0.000000000000000000e+00 5.823233389760694712e-01 -2.200384618375123712e-16 8.258379012621376580e-02 0.000000000000000000e+00
2.621440000000000000e+05 2.048463372430507287e-02 1.070715452544021735e-02 8.553753508867910360e-02 0.000000000000000000e+00 5.085335411267750683e-01 -1.970735439713422348e-16 9.699409475071311959e-02 0.000000000000000000e+00
5.242880000000000000e+05 5.680003298143226562e-03 -6.878523799724979917e-03 9.263315456112951318e-02 0.000000000000000000e+00 4.709088422381825234e-01 -1.871090005707881028e-16 1.020672946323737118e-01 0.000000000000000000e+00
1.048576000000000000e+06 3.171576053524614858e-02 2.473944069833833651e-04 7.470957852597924498e-02 0.000000000000000000e+00 4.259447420149493624e-01 -1.670483462656933521e-16 9.365749665037464977e-02 0.000000000000000000e+00
2.097152000000000000e+06 3.018607656320847210e-02 2.727738537107229303e-03 6.852184277257565570e-02 0.000000000000000000e+00 3.766389716057222947e-01 -1.469519525073310028e-16 1.106710638360722532e-01 0.000000000000000000e+00
4.194304000000000000e+06 3.909944775785269971e-02 3.205264520037307691e-03 6.616194578094562739e-02 0.000000000000000000e+00 3.436775350840117760e-01 -1.330334602728452515e-16 1.113828244877820839e-01 0.000000000000000000e+00
8.388608000000000000e+06 3.565928556350671588e-03 3.664027867704963692e-03 6.804621801234055078e-02 0.000000000000000000e+00 2.845487386758634996e-01 -1.129249847983350150e-16 8.441903463150537967e-02 0.000000000000000000e+00
1.677721600000000000e+07 2.918352093801640859e-02 7.111346277473367360e-03 7.368170438162641167e-02 0.000000000000000000e+00 2.102812115027489215e-01 -8.655935316121204456e-17 9.572005150708137733e-02 0.000000000000000000e+00
3.355443200000000000e+07 1.163178547287942351e-02 -2.221104210785956184e-02 6.418018594833616031e-02 0.000000000000000000e+00 1.794917938937772017e-01 -7.388655902817112212e-17 9.159683928818067311e-02 0.000000000000000000e+00
6.710886400000000000e+07 3.567460815630268262e-02 9.704776852017047220e-03 6.186660010166553092e-02 0.000000000000000000e+00 1.349822094810910478e-01 -5.432412872050978158e-17 8.205073738216318857e-02 0.000000000000000000e+00
1.342177280000000000e+08 1.728960025380426799e-02 -1.750488988039881205e-02 7.237914581808400916e-02 0.000000000000000000e+00 8.326075039633216990e-02 -3.390025761366019139e-17 9.341681234436717551e-02 0.000000000000000000e+00
2.684354560000000000e+08 3.846959265198308942e-02 -9.601606079475050182e-03 6.066704986548495521e-02 0.000000000000000000e+00 2.937522780824368407e-02 -1.796138152931985479e-17 6.905482782106064921e-02 0.000000000000000000e+00
5.368709120000000000e+08 2.562052523618763011e-02 9.383330804306342504e-03 5.978473762216889725e-02 0.000000000000000000e+00 7.370975544696996284e-02 -3.158182323892223043e-17 6.632298664649194375e-02 0.000000000000000000e+00
1.073741824000000000e+09 1.788021428815225744e-02 -8.229574469005424692e-03 5.473139129628552119e-02 0.000000000000000000e+00 -1.842340931754215053e-03 -3.922405037019769992e-18 7.160391205171330598e-02 0.000000000000000000e+00
2.147483648000000000e+09 2.677192301440868213e-02 8.709510495625313528e-03 6.154686206538227677e-02 0.000000000000000000e+00 -2.447088550179662286e-02 7.333784910759126941e-18 7.243897014659103628e-02 0.000000000000000000e+00
4.294967296000000000e+09 2.004824950200984404e-02 -1.172372502922757343e-03 6.282597906850963254e-02 0.000000000000000000e+00 5.567025741181622772e-03 -1.914555296258404902e-18 6.937823866804995743e-02 0.000000000000000000e+00
8.589934592000000000e+09 3.426109625759580363e-02 3.377808312289007960e-03 6.403653610355471149e-02 0.000000000000000000e+00 3.295082952284748845e-02 -1.442160620160864896e-17 7.143305584736997504e-02 0.000000000000000000e+00
1.717986918400000000e+10 3.891936268501357959e-02 -7.990887385772083885e-05 6.791401322386995953e-02 0.000000000000000000e+00 1.965305467636634454e-02 -8.758077984890974414e-18 8.267449395970301318e-02 0.000000000000000000e+00
3.435973836800000000e+10 2.681546505283178075e-02 -1.002185899215967367e-02 6.298034238797528550e-02 0.000000000000000000e+00 -6.917849948215962566e-03 -4.389413882129783301e-18 6.737669061498029188e-02 0.000000000000000000e+00
6.871947673600000000e+10 1.521610803573414036e-02 -8.779500356590180105e-03 5.714051890180071175e-02 0.000000000000000000e+00 2.237870699572526434e-02 -1.392210980871068659e-17 8.469762319952887919e-02 0.000000000000000000e+00
1.374389534720000000e+11 2.753846286870028151e-02 5.751115241665844891e-04 6.167775275339870689e-02 0.000000000000000000e+00 2.567521695364487905e-02 -9.883355407105733797e-18 9.572856025042394967e-02 0.000000000000000000e+00
2.748779069440000000e+11 3.148614678626251301e-02 1.839760695471726829e-03 6.886636324797586195e-02 0.000000000000000000e+00 3.198672361264438130e-02 -1.502698983301665736e-17 7.731949588281024355e-02 0.000000000000000000e+00
5.497558138880000000e+11 1.741673101524489689e-02 7.275258227931160650e-03 6.084805618960573842e-02 0.000000000000000000e+00 -4.968915142647864491e-02 1.818444100792767010e-17 5.649946576230480133e-02 0.000000000000000000e+00
