
# dim_loc 4
# L 6
# n_dis 100
# JZZ 1.0
# hZ 1.0
# hX 1.0
# alphas [ 0.125+0.21650635j  1.000+0.j          0.125-0.21650635j]
# betas [ 0.1  0.5  0.1]
# lambdas [ 0.1  1.   0.1]
# phi 1.0471975511965976
# lambd 0.5
# gap 0.00153398078789 6.78824477713e-36
# shifted_gap 0.0038809823111 9.74891130207e-06
# shifted_gap_2 0.000111550702668 1.15383291297e-08
# log10_gap -2.94583906545 0.00158762238586
# log10_shifted_gap -2.74471301465 0.198532320313
# log10_shifted_gap_2 -4.69846937587 0.753150966464
# ratio 0.483880189076 0.00210845075706
# time	Re(Z)\Im(Z)	Var(Re(Z))	Var(Im(Z))
1.000000000000000000e+00 8.474130825722694382e-01 4.902252925047592274e-05 1.631804506541015623e-02 0.000000000000000000e+00 9.923961243549497269e-01 -2.577771018065310633e-16 8.145247548411764721e-05 0.000000000000000000e+00
2.000000000000000000e+00 5.868132357104054453e-01 8.636606775786938989e-05 1.215875839384520374e-01 0.000000000000000000e+00 9.807313991889125004e-01 -1.266496898465401060e-16 8.943330143172986257e-04 0.000000000000000000e+00
4.000000000000000000e+00 4.079536015084435641e-01 -6.762998491182076015e-04 2.076956096001106311e-01 0.000000000000000000e+00 9.534135169404708288e-01 -3.483058561080863788e-16 7.455778610976185154e-03 0.000000000000000000e+00
8.000000000000000000e+00 3.647901908085517952e-01 -2.431269352328031843e-05 1.595258066523211338e-01 0.000000000000000000e+00 9.115891572819680988e-01 -3.358814335633123050e-16 3.313663389721398234e-02 0.000000000000000000e+00
1.600000000000000000e+01 3.084033000971661553e-01 -2.697133587375179740e-04 1.400141538897518301e-01 0.000000000000000000e+00 8.719898219070334466e-01 -3.169268036375487045e-16 5.350230688841310644e-02 0.000000000000000000e+00
3.200000000000000000e+01 2.463531102778633020e-01 -9.389198017497266677e-05 1.219413862660039399e-01 0.000000000000000000e+00 8.332947573009834574e-01 -3.071658360237208010e-16 5.006654246065905811e-02 0.000000000000000000e+00
6.400000000000000000e+01 1.924547607652747905e-01 2.786299070519875206e-04 9.147392198711717937e-02 0.000000000000000000e+00 7.789952491400128354e-01 -2.864299842085181091e-16 5.882978825834626890e-02 0.000000000000000000e+00
1.280000000000000000e+02 1.133104730327083864e-01 -1.220084010768573502e-03 7.502360691033141404e-02 0.000000000000000000e+00 7.212102710574632702e-01 -2.659730142478668910e-16 6.778520074729743605e-02 0.000000000000000000e+00
2.560000000000000000e+02 9.755451624754929441e-02 1.269107254600453571e-03 6.467228626970240868e-02 0.000000000000000000e+00 6.611057682111203260e-01 -2.438915086507844014e-16 7.444187485713786578e-02 0.000000000000000000e+00
5.120000000000000000e+02 7.228151299103147132e-02 2.878186496098805508e-04 4.889879287539770913e-02 0.000000000000000000e+00 6.006128836414952321e-01 -2.234038140145449927e-16 8.000153106225958710e-02 0.000000000000000000e+00
1.024000000000000000e+03 3.524433191075971444e-02 6.501847384874191596e-04 4.175722342668703596e-02 0.000000000000000000e+00 5.372005843018585747e-01 -2.010547885766942689e-16 8.752263921002909064e-02 0.000000000000000000e+00
2.048000000000000000e+03 3.593627291800152723e-02 1.617730064793721986e-04 3.338112406850352043e-02 0.000000000000000000e+00 4.924477945280561486e-01 -1.830365040357916355e-16 8.717893897982657847e-02 0.000000000000000000e+00
4.096000000000000000e+03 2.425580369006953563e-02 -1.045528757916274631e-04 2.838210184061763439e-02 0.000000000000000000e+00 4.481951266988155602e-01 -1.684038263225931118e-16 9.254201846484111371e-02 0.000000000000000000e+00
8.192000000000000000e+03 1.358028095537820203e-02 4.003290581778033361e-04 1.988891867383383791e-02 0.000000000000000000e+00 4.026744265383846444e-01 -1.509923456322819118e-16 9.987235261370992767e-02 0.000000000000000000e+00
1.638400000000000000e+04 -2.075773993033123987e-03 -1.278919488647295584e-04 1.582737126845456394e-02 0.000000000000000000e+00 3.374638834414493416e-01 -1.265831070644736270e-16 1.093178445851779174e-01 0.000000000000000000e+00
3.276800000000000000e+04 2.962363656322699289e-03 1.400959449263187214e-03 1.283082241316791001e-02 0.000000000000000000e+00 2.864841330021845600e-01 -1.077861823036719038e-16 1.062792165756002855e-01 0.000000000000000000e+00
6.553600000000000000e+04 -1.438182181985262799e-02 1.328952605531998239e-03 1.606185213568305653e-02 0.000000000000000000e+00 2.308618918829799527e-01 -8.800388445399782864e-17 9.561403709692281594e-02 0.000000000000000000e+00
1.310720000000000000e+05 -1.382741936155248812e-02 -2.493650988643165197e-03 1.263169928344718383e-02 0.000000000000000000e+00 1.776782956870652241e-01 -6.680448638523520316e-17 8.328238377129461301e-02 0.000000000000000000e+00
2.621440000000000000e+05 -3.209125148200390500e-03 -2.915530712303793584e-03 1.031648859408709415e-02 0.000000000000000000e+00 1.448101073606377354e-01 -5.516960484425379422e-17 6.593121085673328552e-02 0.000000000000000000e+00
5.242880000000000000e+05 3.695879687644825634e-03 1.148816954363446547e-03 9.067340397436708666e-03 0.000000000000000000e+00 1.080493028614389894e-01 -4.100258630375489598e-17 5.250475595029394787e-02 0.000000000000000000e+00
1.048576000000000000e+06 -5.696727707280295483e-03 7.049296670125651185e-03 1.161445557016564829e-02 0.000000000000000000e+00 7.721071570121496030e-02 -2.803946006016635385e-17 4.280591579539654717e-02 0.000000000000000000e+00
2.097152000000000000e+06 5.442925199969949820e-03 2.421768099224565120e-03 1.054990467976246217e-02 0.000000000000000000e+00 5.046460879213475470e-02 -1.857661621838991248e-17 4.129520263706824845e-02 0.000000000000000000e+00
4.194304000000000000e+06 5.260184245864065432e-03 -5.510060967435860373e-03 1.325168203104238815e-02 0.000000000000000000e+00 4.289282036302510814e-02 -1.594363642114999095e-17 3.748864798999689690e-02 0.000000000000000000e+00
8.388608000000000000e+06 7.995180141395347856e-03 -2.138560761965405555e-03 1.130148931225441813e-02 0.000000000000000000e+00 1.490143567801104595e-02 -4.648385895634393790e-18 4.114954768630740140e-02 0.000000000000000000e+00
1.677721600000000000e+07 -5.613961764192256128e-03 7.056473502416789768e-04 1.089152219367916542e-02 0.000000000000000000e+00 3.284983774692566000e-02 -1.298341055640398774e-17 2.591126998186957242e-02 0.000000000000000000e+00
3.355443200000000000e+07 -1.910218189192919346e-03 6.269719456322404329e-03 6.982720189020285954e-03 0.000000000000000000e+00 1.775398100934805212e-02 -9.475872648917910060e-18 3.056707894321244665e-02 0.000000000000000000e+00
6.710886400000000000e+07 -8.885870233381075456e-03 7.834625438700795752e-03 1.202043394247315385e-02 0.000000000000000000e+00 6.525760802186748692e-03 -3.962617344285479365e-18 2.047830053715471096e-02 0.000000000000000000e+00
1.342177280000000000e+08 7.767627155295992250e-03 3.496092246943370823e-03 1.164641970106422217e-02 0.000000000000000000e+00 -2.432802240661031002e-03 -1.618799059068974854e-18 1.773503082722893698e-02 0.000000000000000000e+00
2.684354560000000000e+08 1.172585695914267305e-02 2.841776142270347806e-04 6.791670951385036376e-03 0.000000000000000000e+00 1.393879047527087078e-02 -7.687486083134950072e-18 1.402110982486578193e-02 0.000000000000000000e+00
5.368709120000000000e+08 -1.645456158297451104e-03 3.873407859440210124e-03 7.898197929961523617e-03 0.000000000000000000e+00 -5.890695814277465379e-03 2.044295642352996646e-18 1.471932496448270442e-02 0.000000000000000000e+00
1.073741824000000000e+09 -1.257241768195706353e-03 7.356661106900697945e-04 7.713921679296598458e-03 0.000000000000000000e+00 8.407792877435402851e-03 -4.710364747103728635e-18 1.454111417590350612e-02 0.000000000000000000e+00
2.147483648000000000e+09 3.211260887433423257e-03 1.867422304633208074e-03 1.115454459457545372e-02 0.000000000000000000e+00 -6.837871996698544584e-03 3.482521039412488756e-18 1.442780108773516687e-02 0.000000000000000000e+00
4.294967296000000000e+09 5.732140034937627596e-03 -2.674481395181014468e-03 1.042540293910711006e-02 0.000000000000000000e+00 -5.658216695897414113e-03 3.613840440370165424e-18 1.932250304250422018e-02 0.000000000000000000e+00
8.589934592000000000e+09 7.098205080452947048e-03 2.968998579942038873e-03 8.737264060192088955e-03 0.000000000000000000e+00 9.451167244095396575e-03 -4.329376508877908581e-18 1.367034787508081620e-02 0.000000000000000000e+00
1.717986918400000000e+10 -2.212864249404700601e-03 1.210010212425644211e-03 6.468654401008141520e-03 0.000000000000000000e+00 6.548976088117134005e-03 -2.984598093003353946e-18 9.001488354786079185e-03 0.000000000000000000e+00
3.435973836800000000e+10 -1.675964817905905169e-03 -1.901414457706179784e-02 9.973001702860731857e-03 0.000000000000000000e+00 -5.991495518531326277e-04 1.498392219763661179e-19 1.687764567751854142e-02 0.000000000000000000e+00
6.871947673600000000e+10 -3.551257386166843232e-03 -2.842505838164583257e-03 9.617345052887244297e-03 0.000000000000000000e+00 -6.293443112119853459e-03 1.733077310730550563e-18 1.332662090865801945e-02 0.000000000000000000e+00
1.374389534720000000e+11 1.541381564991637851e-02 3.596729760009730395e-03 1.207450592697976652e-02 0.000000000000000000e+00 8.247594595750600346e-03 -3.339477159062750443e-18 2.137799951223458284e-02 0.000000000000000000e+00
2.748779069440000000e+11 6.513841626191694233e-03 8.001692393506913822e-04 8.591198537270226115e-03 0.000000000000000000e+00 2.337187432150040350e-02 -8.818887149335948754e-18 1.534711471059403351e-02 0.000000000000000000e+00
5.497558138880000000e+11 -3.909650782983112131e-03 3.089234840995715072e-03 9.052976652568121840e-03 0.000000000000000000e+00 1.447306956321628424e-02 -6.325587486474319964e-18 1.265207718629418610e-02 0.000000000000000000e+00
