
# dim_loc 4
# L 4
# n_dis 100
# JZZ 1.0
# hZ 1.0
# hX 1.0
# alphas [ 0.05+0.08660254j  1.00+0.j          0.05-0.08660254j]
# betas [ 0.1  0.8  0.1]
# lambdas [ 0.1  1.   0.1]
# phi 1.0471975511965976
# lambd 0.8
# gap 0.0245436926062 1.74356845278e-33
# shifted_gap 0.10450891017 0.0169188516127
# shifted_gap_2 0.000378044576289 3.70869046916e-07
# log10_gap -1.79851215526 0.00147534161465
# log10_shifted_gap -1.36083306698 0.261899090345
# log10_shifted_gap_2 -4.98187680737 0.953106903762
# ratio 0.417464768838 0.00156556197607
# time	Re(Z)\Im(Z)	Var(Re(Z))	Var(Im(Z))
1.000000000000000000e+00 6.129586655959489150e-01 -3.803240525593946751e-05 1.041020432478673152e-01 0.000000000000000000e+00 9.924148956876229777e-01 -2.565575171752556216e-16 8.799245336722385624e-05 0.000000000000000000e+00
2.000000000000000000e+00 1.922923072720511203e-02 -2.924067283847281754e-04 4.623713182777482444e-01 0.000000000000000000e+00 9.799461226898210642e-01 -1.244812447854717183e-16 9.354817979532712184e-04 0.000000000000000000e+00
4.000000000000000000e+00 1.278654447745606326e-01 7.817536901987134435e-05 3.503217442494217515e-01 0.000000000000000000e+00 9.528418840782214572e-01 -3.584359700187858335e-16 7.687119550047577868e-03 0.000000000000000000e+00
8.000000000000000000e+00 1.088806365936837994e-01 -1.600349708661286379e-03 2.722720435088950008e-01 0.000000000000000000e+00 9.170224410091912803e-01 -3.461342284644921023e-16 3.149270070116923920e-02 0.000000000000000000e+00
1.600000000000000000e+01 6.057702166499518565e-02 -5.248261801091057797e-03 2.408707505340595412e-01 0.000000000000000000e+00 8.919203477035323457e-01 -3.452169011707322315e-16 4.225020505984461439e-02 0.000000000000000000e+00
3.200000000000000000e+01 3.970942878224575923e-02 -5.646855131317426654e-03 2.142188483596072501e-01 0.000000000000000000e+00 8.667000929464440118e-01 -3.380624118292574808e-16 4.996275818871111218e-02 0.000000000000000000e+00
6.400000000000000000e+01 3.435848097741512480e-02 -3.263555217297112610e-03 1.698211665598561848e-01 0.000000000000000000e+00 8.430980779429737559e-01 -3.234906518137335001e-16 5.972865397834580675e-02 0.000000000000000000e+00
1.280000000000000000e+02 1.738707395288295945e-02 -8.091321317639502326e-05 1.473032933335160222e-01 0.000000000000000000e+00 8.226627068027480005e-01 -3.140018867125413243e-16 5.809499851871312986e-02 0.000000000000000000e+00
2.560000000000000000e+02 5.633159482291467263e-02 -1.423627325342151882e-04 9.990304937002894570e-02 0.000000000000000000e+00 8.001709082478239976e-01 -3.059678704985755330e-16 6.216054128592243821e-02 0.000000000000000000e+00
5.120000000000000000e+02 2.689538587663397803e-02 1.117335503694993383e-03 7.842755443638466106e-02 0.000000000000000000e+00 7.702940114877226963e-01 -2.961258591223030995e-16 6.568720943763016462e-02 0.000000000000000000e+00
1.024000000000000000e+03 2.789814724376502714e-02 -1.761368101167619122e-03 7.799503798333203008e-02 0.000000000000000000e+00 7.489912732763182035e-01 -2.906049922110400209e-16 6.648786247437464547e-02 0.000000000000000000e+00
2.048000000000000000e+03 1.900332877774265142e-02 -2.225405353442527160e-03 6.102181861746593106e-02 0.000000000000000000e+00 7.122729070030974219e-01 -2.808950075507447601e-16 7.257525919143956172e-02 0.000000000000000000e+00
4.096000000000000000e+03 7.935240231728500626e-03 -2.712331815740350819e-03 5.814733452839401795e-02 0.000000000000000000e+00 6.614542580530395899e-01 -2.594385211946803907e-16 9.935384338149655381e-02 0.000000000000000000e+00
8.192000000000000000e+03 3.934001489453774203e-02 -5.846687557547560789e-03 5.268822046660449204e-02 0.000000000000000000e+00 6.152772921505434978e-01 -2.433762137206739617e-16 1.039683134222357253e-01 0.000000000000000000e+00
1.638400000000000000e+04 2.186580225308683983e-02 -4.598536402105666762e-03 5.223460197247847825e-02 0.000000000000000000e+00 5.446568708177802476e-01 -2.172715111460532061e-16 1.274400275381590564e-01 0.000000000000000000e+00
3.276800000000000000e+04 3.570779824347957571e-02 -3.613642062628636461e-03 5.675269118238048666e-02 0.000000000000000000e+00 4.800678281669168990e-01 -1.910640268463950725e-16 1.302417807326238242e-01 0.000000000000000000e+00
6.553600000000000000e+04 2.401957004963374553e-02 6.363165774991813399e-04 4.723079688825884692e-02 0.000000000000000000e+00 4.354969441487764881e-01 -1.746735414551992281e-16 1.226501788763340595e-01 0.000000000000000000e+00
1.310720000000000000e+05 3.464963590103219832e-02 2.651579061127968374e-05 4.262259071573223923e-02 0.000000000000000000e+00 3.860053212807546541e-01 -1.548292098292817119e-16 1.171709516251994709e-01 0.000000000000000000e+00
2.621440000000000000e+05 2.642654224206770347e-02 -5.436165482490104908e-03 4.580579084169572601e-02 0.000000000000000000e+00 2.840873897615980859e-01 -1.175868315066770787e-16 1.132263671987060322e-01 0.000000000000000000e+00
5.242880000000000000e+05 2.282823455059125942e-02 5.226536752037808271e-03 3.947733893520402604e-02 0.000000000000000000e+00 2.300132946133716105e-01 -9.339052664558878773e-17 9.919171856751027305e-02 0.000000000000000000e+00
1.048576000000000000e+06 2.340241465417886024e-02 -1.605864013660412981e-02 3.525241368834076267e-02 0.000000000000000000e+00 1.645971626503499596e-01 -7.098544273707772661e-17 1.002357096517719620e-01 0.000000000000000000e+00
2.097152000000000000e+06 5.816409888320733627e-03 4.733540010570473806e-03 3.476481409108906490e-02 0.000000000000000000e+00 1.367322124129262961e-01 -5.692853472538209925e-17 8.438513537581780743e-02 0.000000000000000000e+00
4.194304000000000000e+06 8.534174916574512743e-03 6.969027121179815348e-03 3.481918557866163499e-02 0.000000000000000000e+00 1.038658782012404080e-01 -4.461355473831922079e-17 6.416225221236553089e-02 0.000000000000000000e+00
8.388608000000000000e+06 1.397679304204103336e-02 1.311871848318905617e-02 2.982313222543828135e-02 0.000000000000000000e+00 7.528841989869623774e-02 -3.447887167095579088e-17 6.117247268328043774e-02 0.000000000000000000e+00
1.677721600000000000e+07 2.290509240781242808e-02 -1.577707480700894479e-03 3.110447923559564454e-02 0.000000000000000000e+00 1.733061533408052773e-02 -1.126989389982594662e-17 4.012240909075772549e-02 0.000000000000000000e+00
3.355443200000000000e+07 2.169820268773129009e-03 -3.372944236791323210e-03 3.458004103783801630e-02 0.000000000000000000e+00 3.152176144399803769e-03 -3.913666559058066667e-18 4.735105844335266156e-02 0.000000000000000000e+00
6.710886400000000000e+07 1.255752389881139783e-02 -1.676442114163743339e-03 2.749235425508313527e-02 0.000000000000000000e+00 2.676577862403926866e-02 -9.198904305882172622e-18 3.999193495374679663e-02 0.000000000000000000e+00
1.342177280000000000e+08 2.718877151495322983e-02 2.285787267666325364e-03 3.022106256721666245e-02 0.000000000000000000e+00 1.643504605884648717e-03 -3.225537395648732375e-19 4.583524769246068165e-02 0.000000000000000000e+00
2.684354560000000000e+08 1.677197729756617350e-02 6.050862537307091999e-04 3.457675180814873128e-02 0.000000000000000000e+00 -1.287382256551319881e-02 9.534915744351428534e-19 4.469297995427783804e-02 0.000000000000000000e+00
5.368709120000000000e+08 6.577518074509175819e-03 -2.233422752276349385e-03 2.967774208032187416e-02 0.000000000000000000e+00 -6.945218456115711571e-03 7.066840609054200267e-18 4.717159697712416250e-02 0.000000000000000000e+00
1.073741824000000000e+09 5.203999745469564502e-03 -6.021067935250638825e-03 3.301118518057288842e-02 0.000000000000000000e+00 1.779727396275913864e-02 -1.097805609906220972e-17 4.829380702697434052e-02 0.000000000000000000e+00
2.147483648000000000e+09 1.740925979526545403e-02 -1.221466433180483889e-02 2.868912840096725370e-02 0.000000000000000000e+00 1.581781831878810787e-02 -6.643712554850402001e-18 3.686786166495385764e-02 0.000000000000000000e+00
4.294967296000000000e+09 1.775398465239258136e-02 4.165642778067937119e-03 2.769978782075467605e-02 0.000000000000000000e+00 -2.123789167667142815e-03 -2.303356418009660600e-18 3.730418315968132836e-02 0.000000000000000000e+00
8.589934592000000000e+09 2.122562623842262977e-02 -6.572078101672293275e-03 2.780588181157208141e-02 0.000000000000000000e+00 1.397877904605569245e-02 -7.127613683170378406e-18 4.577200929550036268e-02 0.000000000000000000e+00
1.717986918400000000e+10 9.771410166775339537e-03 8.533045698523193667e-03 3.086643206665326544e-02 0.000000000000000000e+00 1.778781206866241263e-02 -6.601056093587742402e-18 3.502153289288552351e-02 0.000000000000000000e+00
3.435973836800000000e+10 1.815244013942199017e-02 -2.358768976981483363e-03 3.239796567851960934e-02 0.000000000000000000e+00 -3.656786430387294791e-03 -1.960608696246813148e-18 4.205263585419798111e-02 0.000000000000000000e+00
6.871947673600000000e+10 2.076362551927024916e-02 -4.114029916239905077e-03 2.756687041109074157e-02 0.000000000000000000e+00 -9.977843003392250151e-03 5.149629136754873128e-18 3.808840037353913854e-02 0.000000000000000000e+00
1.374389534720000000e+11 2.460559776072536713e-03 7.835630582085185286e-03 3.149824662214065207e-02 0.000000000000000000e+00 9.141034680053795533e-04 -1.512087423586291774e-18 4.611707001300021508e-02 0.000000000000000000e+00
2.748779069440000000e+11 8.117953626502669856e-03 -5.820618765286395295e-04 2.882522918580580212e-02 0.000000000000000000e+00 -2.432225503526755372e-02 6.409826055404889936e-18 3.797795207233108095e-02 0.000000000000000000e+00
5.497558138880000000e+11 2.026665196525650331e-02 -7.105764629893168531e-03 3.123296035992723790e-02 0.000000000000000000e+00 -6.397327755429475446e-03 -3.460654133852721361e-18 3.703586598713466682e-02 0.000000000000000000e+00
