
# dim_loc 4
# L 4
# n_dis 100
# JZZ 1.0
# hZ 1.0
# hX 1.0
# alphas [ 0.+0.j  1.+0.j  0.+0.j]
# betas [ 0.1  1.   0.1]
# lambdas [ 0.1  1.   0.1]
# phi 1.0471975511965976
# lambd 1.0
# gap 0.0245436926062 1.44829931818e-33
# shifted_gap 0.11319738624 0.0169021302122
# shifted_gap_2 0.000179744565632 1.15643140558e-07
# log10_gap -1.84626481247 0.00349472849183
# log10_shifted_gap -1.31567946407 0.266712417826
# log10_shifted_gap_2 -inf nan
# ratio 0.388771826222 0.00150825769005
# time	Re(Z)\Im(Z)	Var(Re(Z))	Var(Im(Z))
1.000000000000000000e+00 4.873942855679646025e-01 -1.562117932566884930e-06 1.981652937986852214e-01 0.000000000000000000e+00 9.927661192453804961e-01 -2.447241588183144190e-16 7.902843449580005980e-05 0.000000000000000000e+00
2.000000000000000000e+00 -1.133644395741915528e-01 -1.350136065952984221e-04 4.911770858903772297e-01 0.000000000000000000e+00 9.806224826924151428e-01 -1.155202148027143801e-16 8.277806301891338066e-04 0.000000000000000000e+00
4.000000000000000000e+00 2.972126262788454820e-02 5.614963554457469246e-04 4.359996979179605603e-01 0.000000000000000000e+00 9.533841137579557312e-01 -3.518787876516659854e-16 7.002312126264335045e-03 0.000000000000000000e+00
8.000000000000000000e+00 -5.766077679523252258e-02 6.909905283229762383e-04 4.284302440313954574e-01 0.000000000000000000e+00 9.226488135221062592e-01 -3.393216651072474698e-16 2.874308882611331661e-02 0.000000000000000000e+00
1.600000000000000000e+01 4.282622287092533592e-02 -2.622100048373980207e-03 4.367358529200612849e-01 0.000000000000000000e+00 9.208490922665736322e-01 -3.323073815773489735e-16 3.058768896807461182e-02 0.000000000000000000e+00
3.200000000000000000e+01 9.019805787620850668e-02 2.099584609904364956e-04 4.313355660080209208e-01 0.000000000000000000e+00 9.115348263073318469e-01 -3.307007046220465352e-16 3.860111937494241363e-02 0.000000000000000000e+00
6.400000000000000000e+01 5.111132999836116853e-02 -1.639444773952566416e-03 3.969067109345493782e-01 0.000000000000000000e+00 9.030590509671277966e-01 -3.291289405185962018e-16 4.441003567364664589e-02 0.000000000000000000e+00
1.280000000000000000e+02 1.248753208363255485e-02 -9.595520871045535140e-04 3.797924752648407232e-01 0.000000000000000000e+00 9.025409983564909311e-01 -3.307135630195738707e-16 3.620472070419802207e-02 0.000000000000000000e+00
2.560000000000000000e+02 6.555802797333181581e-03 -2.468537603047463017e-04 3.480710758165919128e-01 0.000000000000000000e+00 8.949295060556176074e-01 -3.265935388199566798e-16 3.418668412743679219e-02 0.000000000000000000e+00
5.120000000000000000e+02 1.219119998082631058e-02 -2.475371102927760906e-04 3.290806116810655046e-01 0.000000000000000000e+00 8.907681781407522648e-01 -3.280373294615985265e-16 3.194331757277452111e-02 0.000000000000000000e+00
1.024000000000000000e+03 -2.756508642049274819e-03 -1.451441725563884077e-03 2.852618492618706481e-01 0.000000000000000000e+00 8.733340341908096827e-01 -3.212898276501944542e-16 3.498562957335306367e-02 0.000000000000000000e+00
2.048000000000000000e+03 -4.749620808466008953e-03 -2.266566964725019295e-03 2.627502445945704701e-01 0.000000000000000000e+00 8.636685200300409093e-01 -3.217298481324595490e-16 3.242508620995942364e-02 0.000000000000000000e+00
4.096000000000000000e+03 2.738050546563368381e-02 2.050723909137874964e-04 2.578112605175081895e-01 0.000000000000000000e+00 8.542163841731558183e-01 -3.092336378979271610e-16 3.167761978819879504e-02 0.000000000000000000e+00
8.192000000000000000e+03 4.820687987838297855e-02 -1.798769500152764883e-03 2.134421373707315051e-01 0.000000000000000000e+00 8.370747345304189180e-01 -3.059808497357922789e-16 4.057824550197666053e-02 0.000000000000000000e+00
1.638400000000000000e+04 3.650101957734704083e-02 -9.820024593602491060e-04 1.755361167882656392e-01 0.000000000000000000e+00 8.079388046340705287e-01 -2.961641587113693878e-16 4.727472919500347315e-02 0.000000000000000000e+00
3.276800000000000000e+04 1.274190267716914307e-02 -1.138592702297674345e-03 1.686605895189478566e-01 0.000000000000000000e+00 8.005906044545415545e-01 -2.943425092313641652e-16 4.271547332327836621e-02 0.000000000000000000e+00
6.553600000000000000e+04 5.133741337955965989e-02 -2.417612860032861306e-03 1.589863166931796135e-01 0.000000000000000000e+00 7.810546472191970402e-01 -2.907583730607934892e-16 4.240629494359472729e-02 0.000000000000000000e+00
1.310720000000000000e+05 5.773263059960538623e-02 -3.224938112354774032e-03 1.134211511535604400e-01 0.000000000000000000e+00 7.457093411085419232e-01 -2.764077858151445607e-16 4.972914839236653589e-02 0.000000000000000000e+00
2.621440000000000000e+05 1.657024180342126646e-02 -2.380203716281335466e-03 1.026157308577370780e-01 0.000000000000000000e+00 7.319678615453897308e-01 -2.690077762482581093e-16 5.547279058449041539e-02 0.000000000000000000e+00
5.242880000000000000e+05 2.135887577585128191e-02 -1.496336360067878962e-03 9.386010987555887253e-02 0.000000000000000000e+00 6.943328545661822115e-01 -2.535953344251834071e-16 5.560855571088949706e-02 0.000000000000000000e+00
1.048576000000000000e+06 2.297063512144137398e-02 -2.706215554726018580e-04 9.353246893833683240e-02 0.000000000000000000e+00 6.541538846994739975e-01 -2.388552192910650251e-16 6.516007875525026138e-02 0.000000000000000000e+00
2.097152000000000000e+06 3.086141502865916500e-02 -2.780179253616797946e-03 7.373239448350711600e-02 0.000000000000000000e+00 6.387304593573172040e-01 -2.332509611949497048e-16 6.146066517116997169e-02 0.000000000000000000e+00
4.194304000000000000e+06 3.690030955281191349e-02 -2.524992897108741668e-03 7.409496789197630995e-02 0.000000000000000000e+00 6.024649575213275599e-01 -2.202431455117402628e-16 6.628426543986490338e-02 0.000000000000000000e+00
8.388608000000000000e+06 2.588120514324316473e-02 2.517572357765199449e-03 5.987409347407918886e-02 0.000000000000000000e+00 5.706662395758514972e-01 -2.126903629508976533e-16 7.449428533001573038e-02 0.000000000000000000e+00
1.677721600000000000e+07 2.550741715636592466e-02 -4.956333339631951301e-03 5.268016138657853620e-02 0.000000000000000000e+00 5.197681431943246277e-01 -1.922259616676140709e-16 7.319819000320147706e-02 0.000000000000000000e+00
3.355443200000000000e+07 3.314801365301294628e-02 -2.740820372060438596e-03 5.418147762281573521e-02 0.000000000000000000e+00 4.930526438829164748e-01 -1.826967341216854845e-16 8.361425309768166780e-02 0.000000000000000000e+00
6.710886400000000000e+07 1.022699868630725685e-02 -1.591482002490112032e-03 5.217823612052893689e-02 0.000000000000000000e+00 4.661795005032941530e-01 -1.713390300801460657e-16 7.859812815691041843e-02 0.000000000000000000e+00
1.342177280000000000e+08 9.916636190707098925e-03 1.642393182284334133e-03 4.517381081545415039e-02 0.000000000000000000e+00 4.329345484400347610e-01 -1.573135875205392571e-16 7.461231267601203809e-02 0.000000000000000000e+00
2.684354560000000000e+08 2.982629380486495618e-02 -2.233080954573764786e-03 3.745844833719961381e-02 0.000000000000000000e+00 4.019775544685857960e-01 -1.463969525394042224e-16 6.671157281028039510e-02 0.000000000000000000e+00
5.368709120000000000e+08 2.169101631924842330e-02 -2.907050923476672626e-04 4.132960573346435018e-02 0.000000000000000000e+00 3.866699875251340957e-01 -1.412950386704452801e-16 7.101058221549298721e-02 0.000000000000000000e+00
1.073741824000000000e+09 1.803836256274396824e-02 -2.080789777988410229e-03 4.001395329616227320e-02 0.000000000000000000e+00 3.536159925737583087e-01 -1.262462550407803264e-16 7.961792008579708646e-02 0.000000000000000000e+00
2.147483648000000000e+09 1.479233375011544671e-02 -7.448790450276244514e-03 4.006348549402024423e-02 0.000000000000000000e+00 3.121357947544105005e-01 -1.114865642476846445e-16 7.378750630768955709e-02 0.000000000000000000e+00
4.294967296000000000e+09 2.986241577742614409e-02 2.097986730249607780e-03 3.655853084990449975e-02 0.000000000000000000e+00 3.002956835399281932e-01 -1.111314296918352909e-16 6.964711838368760344e-02 0.000000000000000000e+00
8.589934592000000000e+09 2.453655112702364180e-02 -7.358586460560344496e-04 3.817020131418601830e-02 0.000000000000000000e+00 2.313258194365709897e-01 -8.374015047411191564e-17 8.141186147676536533e-02 0.000000000000000000e+00
1.717986918400000000e+10 2.274547764018241755e-02 3.536576110462449560e-03 3.339268359466661396e-02 0.000000000000000000e+00 2.437525218644072678e-01 -8.886960032633021122e-17 6.569113695739099701e-02 0.000000000000000000e+00
3.435973836800000000e+10 2.077965370081201121e-02 9.136568835506972061e-03 3.696730162698894095e-02 0.000000000000000000e+00 2.272177727308505035e-01 -8.312851084725757020e-17 6.785337432736093799e-02 0.000000000000000000e+00
6.871947673600000000e+10 1.722101012554105512e-02 -4.455154706759971960e-03 3.516346064318228576e-02 0.000000000000000000e+00 1.923035402574546082e-01 -6.791634071344371515e-17 5.428698159808678647e-02 0.000000000000000000e+00
1.374389534720000000e+11 2.382367335101163303e-02 -3.302464027919623025e-06 3.615174986556907860e-02 0.000000000000000000e+00 1.691294266875935925e-01 -6.184342802384495445e-17 5.221338732108909975e-02 0.000000000000000000e+00
2.748779069440000000e+11 1.760668417035845743e-02 3.528909784047545850e-03 3.089233097429808922e-02 0.000000000000000000e+00 1.508401918480001269e-01 -4.995426345290316830e-17 4.962375663315283375e-02 0.000000000000000000e+00
5.497558138880000000e+11 1.780444110090213458e-02 1.456984595357470932e-03 3.479405188412785371e-02 0.000000000000000000e+00 1.191298549488913339e-01 -4.307629289541409199e-17 4.827912483353451190e-02 0.000000000000000000e+00
