
# dim_loc 4
# L 2
# n_dis 100
# JZZ 1.0
# hZ 1.0
# hX 1.0
# alphas [ 0.05+0.08660254j  1.00+0.j          0.05-0.08660254j]
# betas [ 0.1  0.8  0.1]
# lambdas [ 0.1  1.   0.1]
# phi 1.0471975511965976
# lambd 0.8
# gap 0.392699081699 3.73537964574e-31
# shifted_gap 0.360714370346 0.091059640758
# shifted_gap_2 0.00251427563109 5.82001386305e-06
# log10_gap -0.590848747422 0.0152784822287
# log10_shifted_gap -0.675336844148 0.268762970638
# log10_shifted_gap_2 -4.02967749628 0.669063660185
# ratio 0.387357535119 0.0188719990019
# time	Re(Z)\Im(Z)	Var(Re(Z))	Var(Im(Z))
1.000000000000000000e+00 6.377571552055124604e-01 2.008591992275059009e-05 9.700688098924842295e-02 0.000000000000000000e+00 9.961724598314239953e-01 -2.437410633693610530e-16 3.192196495129643349e-05 0.000000000000000000e+00
2.000000000000000000e+00 3.638747380992600478e-02 8.437979540934850697e-05 4.789108690811745284e-01 0.000000000000000000e+00 9.962661493822670966e-01 -1.111476315076548144e-16 1.990168158516212462e-05 0.000000000000000000e+00
4.000000000000000000e+00 7.729103365062582609e-02 -2.397705545058823897e-04 4.086149342955415764e-01 0.000000000000000000e+00 9.922630954914585244e-01 -3.589092035480024462e-16 1.408692123845119507e-04 0.000000000000000000e+00
8.000000000000000000e+00 6.556692282847127740e-02 -7.683590260363980066e-04 3.806195349582977561e-01 0.000000000000000000e+00 9.853278060447978604e-01 -3.516542427050296629e-16 1.067656336179121594e-03 0.000000000000000000e+00
1.600000000000000000e+01 3.927031469400919100e-02 -2.269133632717497753e-03 3.478535878382942870e-01 0.000000000000000000e+00 9.700431065334460534e-01 -3.484496620030127818e-16 7.179351950890787600e-03 0.000000000000000000e+00
3.200000000000000000e+01 -5.873916649018789266e-02 2.544113046600025244e-03 4.056122325475239876e-01 0.000000000000000000e+00 9.467870823322500629e-01 -3.342539112116937466e-16 1.556795269972855410e-02 0.000000000000000000e+00
6.400000000000000000e+01 8.678254391225906361e-02 -2.031902044916185715e-03 3.602992490357373456e-01 0.000000000000000000e+00 8.959602234385604103e-01 -3.108958046121082667e-16 3.516713010730017352e-02 0.000000000000000000e+00
1.280000000000000000e+02 4.373587222393045953e-02 -4.943154125031805389e-04 3.192136080001641840e-01 0.000000000000000000e+00 8.439808838835898275e-01 -3.009436223241037433e-16 3.694309599856276938e-02 0.000000000000000000e+00
2.560000000000000000e+02 4.659536912965266814e-02 -2.028978381748827286e-03 2.959397880734992992e-01 0.000000000000000000e+00 7.732211282454737322e-01 -2.750288264285357578e-16 6.027808150023318545e-02 0.000000000000000000e+00
5.120000000000000000e+02 1.137073692868533770e-01 -3.801229011598517438e-03 2.197069680244210232e-01 0.000000000000000000e+00 6.956690948989870948e-01 -2.561084308010749087e-16 6.894473670100881302e-02 0.000000000000000000e+00
1.024000000000000000e+03 4.217114173639994329e-02 -5.176823695673667645e-03 2.028036542173897172e-01 0.000000000000000000e+00 6.751597424550880300e-01 -2.432056140853182085e-16 6.432841693255028637e-02 0.000000000000000000e+00
2.048000000000000000e+03 8.472576181104921056e-02 5.713246840781077522e-03 1.712479075705065079e-01 0.000000000000000000e+00 6.149099860368290038e-01 -2.201033766956440427e-16 8.599106890477191401e-02 0.000000000000000000e+00
4.096000000000000000e+03 -7.591651176166630587e-04 -1.691724742672650814e-02 1.785652001597639593e-01 0.000000000000000000e+00 5.086585860058657760e-01 -1.824527355073403725e-16 1.192268003665060278e-01 0.000000000000000000e+00
8.192000000000000000e+03 4.225403045586340056e-02 -1.058076248703480708e-02 1.464211570680561958e-01 0.000000000000000000e+00 4.264478986469394939e-01 -1.546499506327858525e-16 1.526974373571498012e-01 0.000000000000000000e+00
1.638400000000000000e+04 2.929885358821558705e-02 -3.293279611161567619e-03 1.491052180423146079e-01 0.000000000000000000e+00 3.781455745751307607e-01 -1.436382831109041566e-16 1.336557565985069251e-01 0.000000000000000000e+00
3.276800000000000000e+04 2.811843108852959917e-04 3.570546834351006216e-03 1.198275179826146092e-01 0.000000000000000000e+00 3.437878440136661884e-01 -1.136962866679685402e-16 1.431988896188413352e-01 0.000000000000000000e+00
6.553600000000000000e+04 3.032826315794817998e-02 1.651179339845781219e-02 1.437657750920567079e-01 0.000000000000000000e+00 2.579363120369238538e-01 -8.665937829829138059e-17 1.841464404147754308e-01 0.000000000000000000e+00
1.310720000000000000e+05 7.416623401150623796e-03 2.665189626543608067e-02 1.295225440003568707e-01 0.000000000000000000e+00 1.769135047269407290e-01 -6.274470743051870955e-17 1.697389197288848572e-01 0.000000000000000000e+00
2.621440000000000000e+05 2.998612659063808195e-02 -1.116195712676300474e-02 1.314671163734179860e-01 0.000000000000000000e+00 1.482670967587403632e-01 -5.131430877503866978e-17 1.319437879177340900e-01 0.000000000000000000e+00
5.242880000000000000e+05 2.161156134160604689e-02 -1.366060768700023270e-02 1.262551607898655948e-01 0.000000000000000000e+00 2.392285059821677370e-02 -1.126607655840343306e-17 1.853685081989703276e-01 0.000000000000000000e+00
1.048576000000000000e+06 2.450200505629401143e-02 3.968353963080371513e-03 1.332162967722699820e-01 0.000000000000000000e+00 1.181247726024258621e-01 -4.132515696255818128e-17 1.517638195029857029e-01 0.000000000000000000e+00
2.097152000000000000e+06 -2.136586662445746562e-02 -9.742431752425999292e-03 1.156430331393014099e-01 0.000000000000000000e+00 -8.593689864046960558e-03 1.247566472483870785e-19 1.501358539479037135e-01 0.000000000000000000e+00
4.194304000000000000e+06 2.970666408337902312e-02 -3.060121028188008199e-02 1.454386123718198476e-01 0.000000000000000000e+00 9.769360409221978722e-03 3.885456382016112873e-18 1.680195768723682093e-01 0.000000000000000000e+00
8.388608000000000000e+06 2.300381526774469484e-02 -3.224951250956959586e-02 1.192926277926447259e-01 0.000000000000000000e+00 1.460473046395748507e-02 4.012268201012054522e-19 1.729262536738997436e-01 0.000000000000000000e+00
1.677721600000000000e+07 -5.335675136531603524e-03 2.392270606783985717e-02 1.185597067114004255e-01 0.000000000000000000e+00 5.957524193314607530e-02 -1.614185388570497534e-17 1.434630865140305578e-01 0.000000000000000000e+00
3.355443200000000000e+07 2.799851921063952441e-03 7.051209242833462662e-03 1.121541825927475367e-01 0.000000000000000000e+00 3.221511179819386977e-02 -1.397419840065196916e-17 1.399086868342405698e-01 0.000000000000000000e+00
6.710886400000000000e+07 4.384683641709782864e-02 1.872116812710168665e-02 1.293876811213595657e-01 0.000000000000000000e+00 -2.525770073267255209e-02 -5.253710215873682356e-18 1.949344220855462329e-01 0.000000000000000000e+00
1.342177280000000000e+08 4.949722556565196857e-02 1.546056360238674300e-02 1.101943341706835139e-01 0.000000000000000000e+00 6.442832969041190072e-02 -2.517005475930364213e-17 1.257898907550858703e-01 0.000000000000000000e+00
2.684354560000000000e+08 2.125503041501627249e-02 2.011010162489116487e-03 1.237029623020172997e-01 0.000000000000000000e+00 -1.642805006705702967e-02 -1.945801108833844301e-18 1.709809170806863010e-01 0.000000000000000000e+00
5.368709120000000000e+08 8.026550023101016243e-03 -1.530356385654578835e-02 1.124565187222312801e-01 0.000000000000000000e+00 4.480006647229628491e-02 -1.822941412988559555e-17 1.517611463575765096e-01 0.000000000000000000e+00
1.073741824000000000e+09 4.027596739491242500e-02 2.834479790614945899e-02 1.172367311556734432e-01 0.000000000000000000e+00 -1.317260585385596379e-02 3.888574969544744522e-18 1.454332333702965385e-01 0.000000000000000000e+00
2.147483648000000000e+09 1.815541646437978870e-02 -2.868655585356778143e-03 1.250157720585337584e-01 0.000000000000000000e+00 4.718561602264921551e-02 -2.050661245675871198e-17 1.296739113099901752e-01 0.000000000000000000e+00
4.294967296000000000e+09 5.419644122906858846e-02 -9.723962406812683423e-03 1.513612764619775286e-01 0.000000000000000000e+00 1.850179909625934357e-02 -7.402948976826962915e-18 1.544354463261218557e-01 0.000000000000000000e+00
8.589934592000000000e+09 2.617123320561920083e-02 -3.336209898603390619e-03 1.090658995430560385e-01 0.000000000000000000e+00 -1.690125767102675786e-02 2.265023280708549767e-18 1.193461454465962190e-01 0.000000000000000000e+00
1.717986918400000000e+10 2.162377409934070419e-02 1.336953082483980336e-02 1.227146832845429913e-01 0.000000000000000000e+00 -7.973343398305209051e-02 2.309136437016413524e-17 1.671734765603110628e-01 0.000000000000000000e+00
3.435973836800000000e+10 7.258145911385273374e-02 1.920269622599507162e-02 1.338541570767672328e-01 0.000000000000000000e+00 -1.829017985576769645e-02 1.104205183070006311e-18 1.705270663605900072e-01 0.000000000000000000e+00
6.871947673600000000e+10 2.686514993145211472e-02 4.088998032109754377e-02 1.241541198645138289e-01 0.000000000000000000e+00 6.099504508305621242e-02 -2.005714306392858205e-17 1.554616703185075777e-01 0.000000000000000000e+00
1.374389534720000000e+11 4.235740206092942356e-02 2.086411028315142413e-02 1.267287381205118579e-01 0.000000000000000000e+00 8.025631759901535878e-03 -5.957126889201079642e-18 1.505685415973663788e-01 0.000000000000000000e+00
2.748779069440000000e+11 1.102629482498008497e-02 -2.037866465034944303e-03 1.304847274498200649e-01 0.000000000000000000e+00 -3.297743620953495769e-02 8.108839525865588440e-18 1.495721067119296643e-01 0.000000000000000000e+00
5.497558138880000000e+11 1.617815352602266360e-02 -1.171418760780050007e-02 1.287653070534593436e-01 0.000000000000000000e+00 3.271602027335455271e-02 -1.635825967340786407e-17 1.413892409685432172e-01 0.000000000000000000e+00
