
# dim_loc 4
# L 2
# n_dis 100
# JZZ 1.0
# hZ 1.0
# hX 1.0
# alphas [ 0.125+0.21650635j  1.000+0.j          0.125-0.21650635j]
# betas [ 0.1  0.5  0.1]
# lambdas [ 0.1  1.   0.1]
# phi 1.0471975511965976
# lambd 0.5
# gap 0.392699081699 3.71750701585e-31
# shifted_gap 0.17570808705 0.0198529142432
# shifted_gap_2 0.00231429647858 5.89295496984e-06
# log10_gap -0.581745683829 0.0112500903874
# log10_shifted_gap -1.0089068867 0.230904362983
# log10_shifted_gap_2 -4.01156531538 0.520103507847
# ratio 0.418463637819 0.0155665752026
# time	Re(Z)\Im(Z)	Var(Re(Z))	Var(Im(Z))
1.000000000000000000e+00 8.436594144094625713e-01 5.943656803033890945e-05 1.927826449418580668e-02 0.000000000000000000e+00 9.969236290323383320e-01 -2.607349531715152268e-16 2.438975465853445438e-05 0.000000000000000000e+00
2.000000000000000000e+00 5.356248706701660645e-01 1.904286057341397068e-05 1.594725022430817651e-01 0.000000000000000000e+00 9.970737821959626546e-01 -1.182374393623791544e-16 1.592252454161903073e-05 0.000000000000000000e+00
4.000000000000000000e+00 2.684910865923764711e-01 4.027775733199593744e-05 4.182623328867379198e-01 0.000000000000000000e+00 9.946910897678772345e-01 -3.784755715877760377e-16 6.185825274682416454e-05 0.000000000000000000e+00
8.000000000000000000e+00 1.788756164323459796e-01 -3.975655926878777320e-04 3.815618401763927192e-01 0.000000000000000000e+00 9.908708978442135606e-01 -3.742723733376932021e-16 2.353963224034863076e-04 0.000000000000000000e+00
1.600000000000000000e+01 4.986982558602516546e-02 -1.708329543971881992e-04 3.757885630268676391e-01 0.000000000000000000e+00 9.823488361020049631e-01 -3.586335322516240643e-16 1.202748702602996845e-03 0.000000000000000000e+00
3.200000000000000000e+01 -8.503322744951939335e-03 1.849112874202759531e-04 4.111886101734356092e-01 0.000000000000000000e+00 9.601648916827356661e-01 -3.515474397952319537e-16 6.757622644663540019e-03 0.000000000000000000e+00
6.400000000000000000e+01 1.114972074557171178e-01 4.312196667937104761e-05 3.171301583599529517e-01 0.000000000000000000e+00 9.211678086721677428e-01 -3.402790635051434425e-16 1.873934661889924483e-02 0.000000000000000000e+00
1.280000000000000000e+02 -5.374099442533009086e-02 -1.160141230809480121e-04 3.103106541872662216e-01 0.000000000000000000e+00 8.474160376333736977e-01 -3.198661721476295972e-16 3.645780603702876432e-02 0.000000000000000000e+00
2.560000000000000000e+02 -2.151817475109324158e-03 5.150942838529093968e-04 3.002469411437965197e-01 0.000000000000000000e+00 7.846829844261031806e-01 -2.938654485942253248e-16 5.273657332144730120e-02 0.000000000000000000e+00
5.120000000000000000e+02 5.713915802845443564e-02 1.094239200785043781e-04 1.990975162727391945e-01 0.000000000000000000e+00 7.121372141580029069e-01 -2.643166585648053215e-16 6.822857827731181046e-02 0.000000000000000000e+00
1.024000000000000000e+03 -5.914304693942340485e-02 1.547871998308267792e-03 2.062106255985177161e-01 0.000000000000000000e+00 6.197761087856915596e-01 -2.271074167125121841e-16 8.627909090228269573e-02 0.000000000000000000e+00
2.048000000000000000e+03 2.599887179610089333e-02 -2.210482056009573874e-03 1.766402680372033962e-01 0.000000000000000000e+00 5.561749546992890147e-01 -2.011872639522953386e-16 1.002018394271249196e-01 0.000000000000000000e+00
4.096000000000000000e+03 4.426274293951167060e-02 -1.951777436340133322e-03 1.726820621445277482e-01 0.000000000000000000e+00 5.394488974617797084e-01 -2.018704135518439476e-16 1.087486502894940421e-01 0.000000000000000000e+00
8.192000000000000000e+03 -2.893508864927050658e-02 1.294430572425146753e-02 1.627138383390417387e-01 0.000000000000000000e+00 4.121039637328987038e-01 -1.496042128232937974e-16 1.250884475181474609e-01 0.000000000000000000e+00
1.638400000000000000e+04 -1.968391075793199732e-02 -1.235904153467039246e-02 1.659802805873818454e-01 0.000000000000000000e+00 4.008177723203583120e-01 -1.417703883590673697e-16 1.342829992100232350e-01 0.000000000000000000e+00
3.276800000000000000e+04 -2.141364468165622009e-02 1.818088209782112510e-02 1.445456952100259151e-01 0.000000000000000000e+00 2.652543611176366722e-01 -9.708444634809637454e-17 1.988288597463053753e-01 0.000000000000000000e+00
6.553600000000000000e+04 2.772961965229304646e-02 2.249739183870166567e-02 1.632803227966226345e-01 0.000000000000000000e+00 2.184753556525624585e-01 -7.811685294522282739e-17 2.127020070481573100e-01 0.000000000000000000e+00
1.310720000000000000e+05 -2.090953220952706387e-02 6.398848274305611594e-03 1.755276324740459026e-01 0.000000000000000000e+00 2.073803901622346402e-01 -7.531294770945509040e-17 2.327749753117499820e-01 0.000000000000000000e+00
2.621440000000000000e+05 3.014934968824524875e-03 -5.386990897405299732e-03 1.465523547154935491e-01 0.000000000000000000e+00 1.846785741371664014e-01 -6.744038657568735990e-17 1.681973196174539609e-01 0.000000000000000000e+00
5.242880000000000000e+05 2.318822391959477619e-02 -2.495913412977561821e-02 1.417703411881496012e-01 0.000000000000000000e+00 1.101625583163535205e-01 -4.562712259360022174e-17 1.641354694737858222e-01 0.000000000000000000e+00
1.048576000000000000e+06 4.978105780250027812e-02 -2.707215366634422443e-02 1.443720158408954013e-01 0.000000000000000000e+00 5.236363207559464883e-02 -1.906014531761379420e-17 1.787628592709651909e-01 0.000000000000000000e+00
2.097152000000000000e+06 9.015092466337807503e-03 -2.916904702191677051e-02 1.565183745306016894e-01 0.000000000000000000e+00 2.466956743545907840e-02 -7.824546897862821721e-18 1.969959350227867001e-01 0.000000000000000000e+00
4.194304000000000000e+06 -3.049019264106344815e-02 -2.367891066405524922e-02 1.324555384555541615e-01 0.000000000000000000e+00 7.436535441183381168e-02 -2.383578912839002577e-17 1.683210384105777724e-01 0.000000000000000000e+00
8.388608000000000000e+06 -2.276810631537010132e-02 -5.714067768643426443e-02 1.430177186878535400e-01 0.000000000000000000e+00 -2.853256407777943898e-02 6.993426475313612029e-18 1.864909992230235625e-01 0.000000000000000000e+00
1.677721600000000000e+07 8.569885217705203173e-02 -1.904031594284903012e-02 1.583617596552230056e-01 0.000000000000000000e+00 4.543009211259010222e-02 -1.320548778160242014e-17 1.713546513858930365e-01 0.000000000000000000e+00
3.355443200000000000e+07 1.801015500868700936e-02 1.762119670236986235e-02 1.411506919119388803e-01 0.000000000000000000e+00 -3.175660025293961658e-02 1.249763641715421171e-17 1.558071985436262352e-01 0.000000000000000000e+00
6.710886400000000000e+07 2.247782246436188375e-02 -4.289730112838581466e-02 1.521518807785898764e-01 0.000000000000000000e+00 -1.915701443981300892e-02 1.086878822133104466e-18 1.572082888128327749e-01 0.000000000000000000e+00
1.342177280000000000e+08 1.541400793830268595e-02 2.319821231498994663e-02 1.540926124301423283e-01 0.000000000000000000e+00 -4.881424301448765782e-03 -7.544772655255866369e-19 1.870637313925175016e-01 0.000000000000000000e+00
2.684354560000000000e+08 -3.358036634758859718e-02 2.652907460737504580e-02 1.329063771720040144e-01 0.000000000000000000e+00 7.310771732009058166e-02 -3.077323474019053628e-17 1.625992508743550891e-01 0.000000000000000000e+00
5.368709120000000000e+08 -1.551373460779813945e-02 -6.976442944027505706e-03 1.524083626540560232e-01 0.000000000000000000e+00 2.469830288949948979e-02 -1.270738348077178068e-17 1.785497368554697650e-01 0.000000000000000000e+00
1.073741824000000000e+09 -3.160245954033310406e-02 -3.191954046534721534e-02 1.348355930894352406e-01 0.000000000000000000e+00 -9.696342510617324273e-02 2.806529547704373427e-17 1.797845868717609097e-01 0.000000000000000000e+00
2.147483648000000000e+09 3.491744190245026774e-02 8.766025558836288215e-03 1.552569415371123085e-01 0.000000000000000000e+00 5.253734312843201353e-03 2.434866828624686841e-18 1.792865750625736720e-01 0.000000000000000000e+00
4.294967296000000000e+09 4.923872013733312375e-02 -1.312805368843200475e-02 1.465124181084388189e-01 0.000000000000000000e+00 7.766310336596675412e-02 -2.877247729460755347e-17 1.540524527979029168e-01 0.000000000000000000e+00
8.589934592000000000e+09 1.631287362817707837e-02 -9.323648610926996844e-03 1.352811832024021221e-01 0.000000000000000000e+00 2.574578815345322791e-02 -1.256291833386998617e-17 1.614898665892117169e-01 0.000000000000000000e+00
1.717986918400000000e+10 -7.894286517931213901e-03 -3.022569870843064884e-03 1.405206383413045990e-01 0.000000000000000000e+00 -8.380788023512442120e-03 1.185507248955404847e-17 1.319614607716131927e-01 0.000000000000000000e+00
3.435973836800000000e+10 -3.609320095250109078e-02 -4.414016935762871824e-02 1.270726534188807433e-01 0.000000000000000000e+00 3.198379793676123933e-02 -6.148136413993311548e-18 1.488605567717546652e-01 0.000000000000000000e+00
6.871947673600000000e+10 2.186237708558103413e-02 -3.198354051675117438e-02 1.219009979000173494e-01 0.000000000000000000e+00 1.281436894031730625e-02 -6.162150900293776587e-18 1.587741995737798062e-01 0.000000000000000000e+00
1.374389534720000000e+11 2.038051526740592215e-02 -2.635028435578376169e-02 1.342758847510970299e-01 0.000000000000000000e+00 4.479595734874973478e-02 -4.707272363141600770e-18 1.486148965991314075e-01 0.000000000000000000e+00
2.748779069440000000e+11 -3.713160569432608082e-02 -5.463253398442573933e-02 1.478862747351461504e-01 0.000000000000000000e+00 -3.082292901971887128e-02 1.644092588952520684e-17 1.520436888981394064e-01 0.000000000000000000e+00
5.497558138880000000e+11 -1.479378686004447115e-02 -3.853549400053654650e-03 1.515664476660814608e-01 0.000000000000000000e+00 2.283612192506107377e-02 -1.030171509592104569e-17 1.745830678412345349e-01 0.000000000000000000e+00
