
# dim_loc 4
# L 6
# n_dis 100
# JZZ 1.0
# hZ 1.0
# hX 1.0
# alphas [ 0.25+0.4330127j  1.00+0.j         0.25-0.4330127j]
# betas [ 0.1  0.   0.1]
# lambdas [ 0.1  1.   0.1]
# phi 1.0471975511965976
# lambd 0.0
# gap 0.00153398078789 5.69503503086e-36
# shifted_gap 1.75077935466e-05 6.94823725474e-10
# shifted_gap_2 1.78400183393e-05 7.13715803087e-10
# log10_gap -3.04880741373 0.000240075308044
# log10_shifted_gap -inf nan
# log10_shifted_gap_2 -inf nan
# ratio 0.39502137584 0.00013415168816
# time	Re(Z)\Im(Z)	Var(Re(Z))	Var(Im(Z))
1.000000000000000000e+00 9.963057286742160734e-01 -6.010192393633678038e-05 2.135080108348242381e-05 0.000000000000000000e+00 9.926508297413292325e-01 -2.502963857457287073e-16 7.404335139368039794e-05 0.000000000000000000e+00
2.000000000000000000e+00 9.914227611306217769e-01 -2.521038578162523793e-04 2.018087421555875174e-04 0.000000000000000000e+00 9.830734451590473766e-01 -1.197064732319309049e-16 6.072710363470092175e-04 0.000000000000000000e+00
4.000000000000000000e+00 9.788523477056521038e-01 -9.122409312532787353e-04 2.106760407732920400e-03 0.000000000000000000e+00 9.588909837810606351e-01 -3.535057167202905531e-16 5.371304838801078431e-03 0.000000000000000000e+00
8.000000000000000000e+00 9.508268647151344455e-01 -2.148141317705208608e-03 1.593049372529498076e-02 0.000000000000000000e+00 9.068166443183912628e-01 -3.383530765766935344e-16 3.617536598959340821e-02 0.000000000000000000e+00
1.600000000000000000e+01 9.140615897169285242e-01 -1.173990686332042170e-03 6.000632892151202408e-02 0.000000000000000000e+00 8.454590599703741827e-01 -3.175741481063714873e-16 1.135490991762293789e-01 0.000000000000000000e+00
3.200000000000000000e+01 9.103077961386855099e-01 8.128482048420586359e-03 5.706722007480181241e-02 0.000000000000000000e+00 8.445067634197068740e-01 -3.181519688699883008e-16 1.018095390582122728e-01 0.000000000000000000e+00
6.400000000000000000e+01 8.989485288102551097e-01 1.145315008952948457e-03 6.983671180700536107e-02 0.000000000000000000e+00 8.245641727715947722e-01 -3.097675972531052142e-16 1.199277872925513799e-01 0.000000000000000000e+00
1.280000000000000000e+02 9.062512409456608964e-01 -3.766250669814498204e-03 4.672623588581841653e-02 0.000000000000000000e+00 8.408572607929372111e-01 -3.142158173495474814e-16 8.599820549391497260e-02 0.000000000000000000e+00
2.560000000000000000e+02 8.861375220093641314e-01 -6.414572512192772032e-03 6.191553843792451522e-02 0.000000000000000000e+00 8.068281688594105550e-01 -3.028579721724208006e-16 1.121979237710511307e-01 0.000000000000000000e+00
5.120000000000000000e+02 8.812272596766485000e-01 -2.033815437515004709e-03 6.327095524287729145e-02 0.000000000000000000e+00 7.972220499345650246e-01 -2.994291898003445943e-16 1.135702840735247493e-01 0.000000000000000000e+00
1.024000000000000000e+03 8.682485130049797384e-01 1.000681453970230531e-04 7.503900757034562274e-02 0.000000000000000000e+00 7.908571444646050885e-01 -2.957156100773488498e-16 1.186513328169468973e-01 0.000000000000000000e+00
2.048000000000000000e+03 8.642939438725665280e-01 3.166337911931789168e-03 7.873859790265883007e-02 0.000000000000000000e+00 7.790443452350961362e-01 -2.896094990633131459e-16 1.310971474882540178e-01 0.000000000000000000e+00
4.096000000000000000e+03 8.602140180146209403e-01 -2.430351184393714139e-03 6.984889296266631742e-02 0.000000000000000000e+00 7.834773585755425707e-01 -2.936889802565460781e-16 1.075490809087733118e-01 0.000000000000000000e+00
8.192000000000000000e+03 8.432784927561632893e-01 4.152208627272321005e-03 7.529726250986536196e-02 0.000000000000000000e+00 7.698111543703847204e-01 -2.869374446381463976e-16 1.097425876836482933e-01 0.000000000000000000e+00
1.638400000000000000e+04 8.102477262463478880e-01 4.277254905678320833e-03 9.924808639873866634e-02 0.000000000000000000e+00 7.422548610694741367e-01 -2.753677020345753153e-16 1.190473120420568603e-01 0.000000000000000000e+00
3.276800000000000000e+04 7.677986378173287108e-01 -3.058358261140051160e-03 1.287104915825134921e-01 0.000000000000000000e+00 7.227722311320987636e-01 -2.650693753023812320e-16 1.234049830111577789e-01 0.000000000000000000e+00
6.553600000000000000e+04 7.294189582202585953e-01 -4.163257809012246152e-03 1.524771058865398432e-01 0.000000000000000000e+00 6.934663475921607478e-01 -2.565826964437128099e-16 1.334444671269016391e-01 0.000000000000000000e+00
1.310720000000000000e+05 6.566142574883442329e-01 -5.581702019361382307e-03 1.769531255723249541e-01 0.000000000000000000e+00 6.266160999929871744e-01 -2.278724843880032769e-16 1.566657542282131055e-01 0.000000000000000000e+00
2.621440000000000000e+05 5.502616743926680432e-01 -6.068324548841371596e-03 2.584077813127227952e-01 0.000000000000000000e+00 5.851259488544967580e-01 -2.164806037381161399e-16 1.621526101798495823e-01 0.000000000000000000e+00
5.242880000000000000e+05 4.943592595646485455e-01 1.390453596749141032e-03 2.594577043824616291e-01 0.000000000000000000e+00 5.245589247120320264e-01 -1.910205389282414180e-16 1.949302229417368137e-01 0.000000000000000000e+00
1.048576000000000000e+06 4.153648049201733583e-01 5.735287712365245288e-03 2.862805191461729182e-01 0.000000000000000000e+00 4.866248381728987549e-01 -1.790996885559962986e-16 1.624901807271273424e-01 0.000000000000000000e+00
2.097152000000000000e+06 3.273873875962489688e-01 1.897975936565485851e-03 2.804324339845255532e-01 0.000000000000000000e+00 4.066941337935421896e-01 -1.474469231782507455e-16 1.835507840843007277e-01 0.000000000000000000e+00
4.194304000000000000e+06 2.195310597912652206e-01 1.739657559221517019e-02 3.155067164764274734e-01 0.000000000000000000e+00 3.686354033517509343e-01 -1.291751250139068790e-16 1.737918174210341116e-01 0.000000000000000000e+00
8.388608000000000000e+06 1.981799379286461882e-01 -9.523645323397667006e-03 2.539458145034206860e-01 0.000000000000000000e+00 2.926517292887674815e-01 -1.076101024964273166e-16 1.680614779726034846e-01 0.000000000000000000e+00
1.677721600000000000e+07 1.391487202057236083e-01 2.060965294409718932e-03 2.348125535189688196e-01 0.000000000000000000e+00 2.296680144336057661e-01 -8.006040612058745638e-17 1.638931690765874916e-01 0.000000000000000000e+00
3.355443200000000000e+07 6.374069195378127828e-02 3.448097312175749107e-02 2.362791750098331423e-01 0.000000000000000000e+00 1.532070083021988272e-01 -5.059960222296875437e-17 1.740575608479727476e-01 0.000000000000000000e+00
6.710886400000000000e+07 7.898530182648408338e-02 8.941849930386370354e-03 2.018181678341098295e-01 0.000000000000000000e+00 1.287943632073337563e-01 -4.286604210339203690e-17 1.555878916114721844e-01 0.000000000000000000e+00
1.342177280000000000e+08 2.564444812641266183e-02 2.194697449797390273e-02 1.738054035691772858e-01 0.000000000000000000e+00 1.086170276122577494e-01 -3.409828897143202535e-17 1.441137961414288016e-01 0.000000000000000000e+00
2.684354560000000000e+08 1.770309983867041775e-02 -5.878422498389273762e-03 1.495651990848517743e-01 0.000000000000000000e+00 1.033264193183979912e-01 -3.609377694714258937e-17 1.637287323943004413e-01 0.000000000000000000e+00
5.368709120000000000e+08 8.003186070636405386e-03 5.288097004003945029e-03 1.701503672496377795e-01 0.000000000000000000e+00 8.906269439286428058e-02 -3.184898137973024747e-17 1.393126560195261932e-01 0.000000000000000000e+00
1.073741824000000000e+09 3.158086268220114401e-02 -2.152780198546370288e-03 1.601411834321964378e-01 0.000000000000000000e+00 5.427116251230701405e-02 -1.524750785662456196e-17 1.415156211069633074e-01 0.000000000000000000e+00
2.147483648000000000e+09 -7.897115464555645378e-03 7.603324766071044988e-03 1.583644794123579280e-01 0.000000000000000000e+00 1.049175839008839768e-02 -2.151826546278642243e-18 1.412177547591113858e-01 0.000000000000000000e+00
4.294967296000000000e+09 9.003349631470916256e-03 6.690177735817220582e-04 1.629668031943660722e-01 0.000000000000000000e+00 4.273082054262476032e-02 -1.465525854436916612e-17 1.550526861983778648e-01 0.000000000000000000e+00
8.589934592000000000e+09 2.163897859603093610e-02 1.702447484706292192e-03 1.499376570983752266e-01 0.000000000000000000e+00 6.045429788302166679e-02 -2.025704365968379333e-17 1.464659642696841124e-01 0.000000000000000000e+00
1.717986918400000000e+10 2.199563322418773403e-03 -2.627388623386884246e-03 1.460207843344862866e-01 0.000000000000000000e+00 4.929071022214971676e-02 -2.118136087207373593e-17 1.164100942120427362e-01 0.000000000000000000e+00
3.435973836800000000e+10 -2.842602126778510235e-02 3.591795898133171711e-02 1.392450587535625783e-01 0.000000000000000000e+00 3.094810717423385205e-02 -1.317188663837228682e-17 1.190643660560205125e-01 0.000000000000000000e+00
6.871947673600000000e+10 -3.193515427197053669e-02 -9.887992983613215145e-03 1.397797436217791678e-01 0.000000000000000000e+00 -4.676928942758424614e-03 4.186070145839686605e-19 1.219116069792209878e-01 0.000000000000000000e+00
1.374389534720000000e+11 -7.266957992494488174e-04 -2.914961088401421888e-02 1.440878328973225209e-01 0.000000000000000000e+00 -1.236389376385683102e-02 4.150136659522986051e-18 1.327623246458785322e-01 0.000000000000000000e+00
2.748779069440000000e+11 6.545513462147485584e-02 1.090918937029758222e-02 1.185485137874987271e-01 0.000000000000000000e+00 1.041033048884647434e-02 -3.504420581111051442e-19 1.298071112065962707e-01 0.000000000000000000e+00
5.497558138880000000e+11 8.426863524782540055e-03 2.094939067713838185e-02 1.343851319919542320e-01 0.000000000000000000e+00 6.783979178678705389e-03 5.272080998498229629e-19 1.386272966025387798e-01 0.000000000000000000e+00
