
# dim_loc 4
# L 3
# n_dis 100
# JZZ 1.0
# hZ 1.0
# hX 1.0
# alphas [ 0.05+0.08660254j  1.00+0.j          0.05-0.08660254j]
# betas [ 0.1  0.8  0.1]
# lambdas [ 0.1  1.   0.1]
# phi 1.0471975511965976
# lambd 0.8
# gap 0.0981747704247 2.76756133008e-32
# shifted_gap 0.211844708711 0.0381648035075
# shifted_gap_2 0.00189966467427 7.5808118531e-06
# log10_gap -1.18236752664 0.00421561695405
# log10_shifted_gap -0.959019279949 0.235451030394
# log10_shifted_gap_2 -4.27733893354 0.744486972403
# ratio 0.43410199677 0.00530481408776
# time	Re(Z)\Im(Z)	Var(Re(Z))	Var(Im(Z))
1.000000000000000000e+00 6.235969005700288115e-01 4.356921096350227827e-05 9.566933043797692937e-02 0.000000000000000000e+00 9.922696508831827522e-01 -2.400757498125647499e-16 9.576749619040516291e-05 0.000000000000000000e+00
2.000000000000000000e+00 2.677417401398773933e-02 8.388134244345258760e-05 4.245994297976649623e-01 0.000000000000000000e+00 9.777081131316143203e-01 -1.278894109021893790e-16 1.077236758616922831e-03 0.000000000000000000e+00
4.000000000000000000e+00 5.720747724769568998e-02 2.288825191380295971e-04 3.472971676975815103e-01 0.000000000000000000e+00 9.444372799799072293e-01 -3.581605635475858679e-16 9.183763624637379316e-03 0.000000000000000000e+00
8.000000000000000000e+00 1.156653432948653998e-01 2.159924765384377103e-03 2.511485606578853225e-01 0.000000000000000000e+00 9.055781268607457912e-01 -3.423393772731786474e-16 3.577978820094645379e-02 0.000000000000000000e+00
1.600000000000000000e+01 3.139300237959008651e-03 1.137508964488633673e-03 2.352794008945469639e-01 0.000000000000000000e+00 8.865582860688829836e-01 -3.327461379681534372e-16 3.908910207785300933e-02 0.000000000000000000e+00
3.200000000000000000e+01 5.464563680240393934e-02 3.549421050831331418e-03 1.810581587317726115e-01 0.000000000000000000e+00 8.584119023649542379e-01 -3.248302311220521871e-16 4.641095378601735322e-02 0.000000000000000000e+00
6.400000000000000000e+01 6.063247751555202528e-03 4.023639295854323757e-04 1.667231458368078345e-01 0.000000000000000000e+00 8.318207554498432410e-01 -3.154230122818995883e-16 5.759669134269428808e-02 0.000000000000000000e+00
1.280000000000000000e+02 5.630148042553226317e-02 -3.953434347933827610e-04 1.436314163732746174e-01 0.000000000000000000e+00 8.036307056228644274e-01 -3.009123906707327872e-16 6.541845164487515574e-02 0.000000000000000000e+00
2.560000000000000000e+02 -1.076415166743972199e-03 3.947461033917841824e-03 1.228674988106038812e-01 0.000000000000000000e+00 7.810497593595637777e-01 -2.984588474800121211e-16 7.145001073865815677e-02 0.000000000000000000e+00
5.120000000000000000e+02 8.787202994261318276e-03 -6.850534121284492352e-04 1.228766665162847743e-01 0.000000000000000000e+00 7.583367448251375764e-01 -2.907613482104212304e-16 6.924013812816469382e-02 0.000000000000000000e+00
1.024000000000000000e+03 6.553758546726592971e-02 3.229224712044330339e-03 9.853154258187139802e-02 0.000000000000000000e+00 6.872445274235242652e-01 -2.590947645895414375e-16 9.134009692705528927e-02 0.000000000000000000e+00
2.048000000000000000e+03 2.964693690579676966e-02 -1.261105272883910776e-03 7.622458649510638340e-02 0.000000000000000000e+00 6.241308672614690467e-01 -2.408465448007950592e-16 1.075189836027425905e-01 0.000000000000000000e+00
4.096000000000000000e+03 1.452811417145018387e-02 -3.064539497154793700e-03 9.344846528284395104e-02 0.000000000000000000e+00 5.757921052917539528e-01 -2.193638143330354421e-16 1.146957738892616097e-01 0.000000000000000000e+00
8.192000000000000000e+03 1.580992954044734000e-02 -4.047406633328190159e-03 7.630773736230418713e-02 0.000000000000000000e+00 4.946473352025778092e-01 -1.933716500455768561e-16 1.264170876106827379e-01 0.000000000000000000e+00
1.638400000000000000e+04 3.883044325833486660e-02 2.903617356477089864e-03 8.279701583232193518e-02 0.000000000000000000e+00 3.861018417051208518e-01 -1.539298680270695181e-16 1.509938546592269060e-01 0.000000000000000000e+00
3.276800000000000000e+04 1.843395012820724143e-03 1.053555243980116348e-03 9.053559629359822503e-02 0.000000000000000000e+00 3.315135582211503618e-01 -1.329277326652067627e-16 1.489373015957487223e-01 0.000000000000000000e+00
6.553600000000000000e+04 3.385152315022413316e-02 -1.680863105184772673e-03 7.746751725221846796e-02 0.000000000000000000e+00 2.767328171553742888e-01 -1.167299976781219584e-16 1.378674492967262855e-01 0.000000000000000000e+00
1.310720000000000000e+05 1.729847011769709494e-02 -7.566242533108351667e-03 7.765791614020819966e-02 0.000000000000000000e+00 2.255369422711277216e-01 -8.965299772889128517e-17 1.449621778528417948e-01 0.000000000000000000e+00
2.621440000000000000e+05 -1.132578102627479185e-03 -1.406405458273045275e-03 6.345507278826711950e-02 0.000000000000000000e+00 1.774241345323002150e-01 -7.183190237539222493e-17 1.259493450767639744e-01 0.000000000000000000e+00
5.242880000000000000e+05 -1.451685427886520094e-02 -1.118897065487913477e-02 6.126073866522552952e-02 0.000000000000000000e+00 1.490810677345754953e-01 -6.465690908727804843e-17 1.133964975128148034e-01 0.000000000000000000e+00
1.048576000000000000e+06 6.542457011195676984e-03 8.125096425165118444e-03 6.591710264965756905e-02 0.000000000000000000e+00 9.812064261717637348e-02 -4.092712998580963649e-17 9.750527021771673852e-02 0.000000000000000000e+00
2.097152000000000000e+06 1.291517000970502857e-02 1.081547532162119296e-02 5.676019383934522572e-02 0.000000000000000000e+00 5.273175125687726283e-02 -2.957769972965230737e-17 9.276410850964166011e-02 0.000000000000000000e+00
4.194304000000000000e+06 2.195189424605835382e-02 -1.159954368009304647e-02 6.081315195345630281e-02 0.000000000000000000e+00 4.109487237530599912e-02 -2.626969266665881887e-17 1.170651444195670160e-01 0.000000000000000000e+00
8.388608000000000000e+06 3.320171852441062416e-02 1.439224316834152029e-03 6.003529774857959550e-02 0.000000000000000000e+00 3.301575409417038809e-02 -1.509109506390930960e-17 9.884838106374799205e-02 0.000000000000000000e+00
1.677721600000000000e+07 4.494427558589597811e-03 -2.385010583881442669e-03 5.637889420243809985e-02 0.000000000000000000e+00 3.564505546467928304e-02 -2.283913738820021648e-17 8.351432736903623144e-02 0.000000000000000000e+00
3.355443200000000000e+07 -8.402330457981123032e-03 -8.614636397087148054e-03 6.493998861630974340e-02 0.000000000000000000e+00 2.599173770918989518e-02 -1.677352749530003357e-17 9.888363194825945668e-02 0.000000000000000000e+00
6.710886400000000000e+07 1.293943196048083499e-02 -3.021259992033579513e-03 6.152691176924544175e-02 0.000000000000000000e+00 -1.194448222107820541e-02 -1.296483249762244225e-18 7.359568903112025107e-02 0.000000000000000000e+00
1.342177280000000000e+08 2.060371596112025444e-02 1.765311805148640084e-02 6.536378918910780433e-02 0.000000000000000000e+00 -2.895769754170157695e-02 4.860153425594204281e-18 7.795144516086807696e-02 0.000000000000000000e+00
2.684354560000000000e+08 -3.001327937239366660e-04 -1.015711351995841720e-02 5.560864987594521525e-02 0.000000000000000000e+00 -1.645789274977076458e-02 -3.367693791272628795e-18 7.824328104824097851e-02 0.000000000000000000e+00
5.368709120000000000e+08 1.167375214159165411e-02 5.029537831773309674e-03 5.172032339317905736e-02 0.000000000000000000e+00 -2.749598012979710682e-02 2.169066441079755255e-18 7.931323326240057037e-02 0.000000000000000000e+00
1.073741824000000000e+09 1.271716927399584897e-02 -4.081015340565765379e-04 5.815645067272933594e-02 0.000000000000000000e+00 4.163538160873554717e-02 -3.001408560073136361e-17 8.362323372934789278e-02 0.000000000000000000e+00
2.147483648000000000e+09 1.838300981357491107e-03 -8.823573915324263786e-03 5.688097140160031095e-02 0.000000000000000000e+00 1.776416305884732233e-02 -1.127857653336995734e-17 8.253448888377967751e-02 0.000000000000000000e+00
4.294967296000000000e+09 2.266907857271996049e-02 -1.499835893714072726e-03 5.692039615251155704e-02 0.000000000000000000e+00 -1.768540519308231876e-02 -1.829673908663837002e-18 7.217874669842344604e-02 0.000000000000000000e+00
8.589934592000000000e+09 1.000400236441950641e-02 2.555513370183917516e-03 5.471691118103891999e-02 0.000000000000000000e+00 -5.559591232263261240e-02 1.240276967941598229e-17 7.197632220405517089e-02 0.000000000000000000e+00
1.717986918400000000e+10 3.868474081390597952e-02 -4.508070855996584468e-04 5.807037134176945559e-02 0.000000000000000000e+00 5.288262192802534872e-02 -2.781965989101997628e-17 8.519998579495599578e-02 0.000000000000000000e+00
3.435973836800000000e+10 5.428259210085132833e-03 -3.481887655507781218e-03 5.453592577955838211e-02 0.000000000000000000e+00 -2.102100253490853457e-02 -9.471012756135516146e-19 6.894580423296658989e-02 0.000000000000000000e+00
6.871947673600000000e+10 1.775152157523486943e-02 3.250994608861810468e-03 6.292317069859229561e-02 0.000000000000000000e+00 -5.548277062383017572e-02 1.785590276852882549e-17 8.329134754861175494e-02 0.000000000000000000e+00
1.374389534720000000e+11 2.543923295555728173e-02 -2.297034617849429139e-02 5.321923262668705468e-02 0.000000000000000000e+00 -2.025214982206009762e-02 -2.812195353807247634e-18 7.883783738066638125e-02 0.000000000000000000e+00
2.748779069440000000e+11 3.120465186149808459e-02 -1.199260079667922516e-02 6.129703550020076247e-02 0.000000000000000000e+00 2.572191112344751965e-02 -1.977185471832055289e-17 8.347109959235576859e-02 0.000000000000000000e+00
5.497558138880000000e+11 -1.129172435017987072e-02 2.551326973449115701e-02 7.176072517945537854e-02 0.000000000000000000e+00 1.995068145801675435e-02 -1.539643464869989708e-17 8.999774205574151420e-02 0.000000000000000000e+00
