
# dim_loc 4
# L 4
# n_dis 100
# JZZ 1.0
# hZ 1.0
# hX 1.0
# alphas [ 0.225+0.38971143j  1.000+0.j          0.225-0.38971143j]
# betas [ 0.1  0.1  0.1]
# lambdas [ 0.1  1.   0.1]
# phi 1.0471975511965976
# lambd 0.1
# gap 0.0245436926062 1.47706789672e-33
# shifted_gap 0.00132417146461 3.55037551575e-06
# shifted_gap_2 0.000443810495973 6.38283408445e-07
# log10_gap -1.81203874893 0.00181126371576
# log10_shifted_gap -3.83867557652 0.839960582438
# log10_shifted_gap_2 -5.05569757645 0.979734158612
# ratio 0.409143599756 0.00168666543341
# time	Re(Z)\Im(Z)	Var(Re(Z))	Var(Im(Z))
1.000000000000000000e+00 9.914907623195357012e-01 -4.472389311075205967e-05 7.479734373401506961e-05 0.000000000000000000e+00 9.928822025784321825e-01 -2.506753530065943559e-16 7.106103629798754063e-05 0.000000000000000000e+00
2.000000000000000000e+00 9.792393607812669432e-01 -2.773346464900642932e-04 6.654566877745056756e-04 0.000000000000000000e+00 9.832678985957338247e-01 -1.206685690557745740e-16 5.271819684612120971e-04 0.000000000000000000e+00
4.000000000000000000e+00 9.485858543725474989e-01 -3.426292968885150765e-04 5.939974803055339883e-03 0.000000000000000000e+00 9.612699767760147784e-01 -3.488999595822482718e-16 3.939909024608798625e-03 0.000000000000000000e+00
8.000000000000000000e+00 8.903857953788423263e-01 4.392135325334973182e-04 3.796319784087849591e-02 0.000000000000000000e+00 9.227919008650138366e-01 -3.322888964740058531e-16 2.233733485582538661e-02 0.000000000000000000e+00
1.600000000000000000e+01 8.261821952203268760e-01 6.510529116170500228e-04 1.057356973177484560e-01 0.000000000000000000e+00 8.747659774746648909e-01 -3.166931690458574469e-16 7.368902847711235327e-02 0.000000000000000000e+00
3.200000000000000000e+01 8.176464299455211693e-01 8.565680842341437048e-03 1.003364427688623606e-01 0.000000000000000000e+00 8.639563759478767757e-01 -3.097818366340462244e-16 7.778709374384304431e-02 0.000000000000000000e+00
6.400000000000000000e+01 8.065460853822280507e-01 -1.406331511390410084e-03 9.312886838493877883e-02 0.000000000000000000e+00 8.555454346087110196e-01 -3.132503003536156346e-16 7.575927556840289512e-02 0.000000000000000000e+00
1.280000000000000000e+02 7.790775132589917717e-01 3.342014350109434855e-03 9.947055853107421297e-02 0.000000000000000000e+00 8.454469303345633069e-01 -3.104159367774242812e-16 7.329935413846040693e-02 0.000000000000000000e+00
2.560000000000000000e+02 7.082010778542323637e-01 8.450581010560666035e-04 1.579636054384449539e-01 0.000000000000000000e+00 8.108104151826637240e-01 -3.019557852455401546e-16 9.792013514664085760e-02 0.000000000000000000e+00
5.120000000000000000e+02 6.517045928426123957e-01 1.248503315256752977e-03 1.909737906858190171e-01 0.000000000000000000e+00 7.919165689304317191e-01 -2.877056058315805805e-16 9.910342817595804710e-02 0.000000000000000000e+00
1.024000000000000000e+03 5.849500108626820571e-01 2.070230901634769177e-03 2.259209868199913152e-01 0.000000000000000000e+00 7.618477419579118282e-01 -2.794361535594413921e-16 1.040039605392175798e-01 0.000000000000000000e+00
2.048000000000000000e+03 4.763716486065671663e-01 7.619200122557824584e-03 2.657452384108008880e-01 0.000000000000000000e+00 7.361861023591409481e-01 -2.690476706282780414e-16 1.065642847314736547e-01 0.000000000000000000e+00
4.096000000000000000e+03 4.221443934799883335e-01 9.876274936500749335e-03 2.552523896254532687e-01 0.000000000000000000e+00 6.675565938988697878e-01 -2.527225361275174913e-16 1.392129164073374892e-01 0.000000000000000000e+00
8.192000000000000000e+03 3.414221076710138303e-01 7.048093397785309966e-03 2.435638004961771241e-01 0.000000000000000000e+00 6.276082315956653668e-01 -2.320531225112338465e-16 1.309274322451247086e-01 0.000000000000000000e+00
1.638400000000000000e+04 2.266377786619407086e-01 6.325090629548960931e-03 2.845405798574532352e-01 0.000000000000000000e+00 5.824798754798282685e-01 -2.087270613516623569e-16 1.335736899398952682e-01 0.000000000000000000e+00
3.276800000000000000e+04 2.058578721975618808e-01 1.422531143916351808e-03 2.319539704028591165e-01 0.000000000000000000e+00 4.874579893345293846e-01 -1.756806786171669939e-16 1.506799780046809423e-01 0.000000000000000000e+00
6.553600000000000000e+04 1.785574575583263879e-01 7.952492582797221965e-04 2.087033864053681742e-01 0.000000000000000000e+00 4.199322348371579139e-01 -1.517238256361189498e-16 1.609784174973948323e-01 0.000000000000000000e+00
1.310720000000000000e+05 1.575150884155859521e-01 8.515092703655281758e-03 2.097004416858413434e-01 0.000000000000000000e+00 4.075332114680668694e-01 -1.545827072849430277e-16 1.666089258728390698e-01 0.000000000000000000e+00
2.621440000000000000e+05 1.043972874425161956e-01 -3.717446791205456739e-03 1.830205971281681221e-01 0.000000000000000000e+00 3.580418606498126932e-01 -1.290658742548792361e-16 1.643717306108424259e-01 0.000000000000000000e+00
5.242880000000000000e+05 -1.586025333089394890e-02 7.321725577151171754e-03 1.846998090906127876e-01 0.000000000000000000e+00 2.744354967596884798e-01 -9.639158730141748994e-17 1.665499630249801244e-01 0.000000000000000000e+00
1.048576000000000000e+06 6.012514170361773352e-02 1.907188089995331265e-02 1.874467990882167368e-01 0.000000000000000000e+00 1.891002930492117484e-01 -7.558934157157646777e-17 1.871238902213941124e-01 0.000000000000000000e+00
2.097152000000000000e+06 5.464411670526218845e-02 -5.255006034172319401e-02 1.713510151230723255e-01 0.000000000000000000e+00 1.547729899903163842e-01 -6.036755267494571224e-17 1.818196798633265610e-01 0.000000000000000000e+00
4.194304000000000000e+06 4.531378478781240837e-02 -7.293720153482789043e-03 1.392256858981020529e-01 0.000000000000000000e+00 1.596817800831149825e-01 -6.176615092072616083e-17 1.583220345710251997e-01 0.000000000000000000e+00
8.388608000000000000e+06 3.236205287710982453e-02 -1.725043058504160606e-02 1.413704452039980519e-01 0.000000000000000000e+00 1.014340633660443525e-01 -3.279295376649864080e-17 1.751438829159750465e-01 0.000000000000000000e+00
1.677721600000000000e+07 -2.241412135837697606e-02 4.548538164717635772e-03 1.480822971277594435e-01 0.000000000000000000e+00 8.823154677220103326e-02 -3.240113103320397632e-17 1.563003424706726763e-01 0.000000000000000000e+00
3.355443200000000000e+07 3.076670626267361680e-02 -2.040731587657321905e-02 1.228389354358037089e-01 0.000000000000000000e+00 6.332796272045236596e-02 -2.398406087185534907e-17 1.375301116210036201e-01 0.000000000000000000e+00
6.710886400000000000e+07 1.768528013198646456e-02 -4.808258159561137196e-02 1.307413112217985229e-01 0.000000000000000000e+00 9.148504154211688222e-02 -3.495318735867155570e-17 1.660023365787266503e-01 0.000000000000000000e+00
1.342177280000000000e+08 -4.343669208798466019e-02 9.009536523521113893e-03 9.909610666544967084e-02 0.000000000000000000e+00 1.227523397687510925e-01 -4.508306598033062360e-17 1.370421149844872621e-01 0.000000000000000000e+00
2.684354560000000000e+08 -2.145802642335400967e-02 -4.678169811785014981e-02 1.264567023818157776e-01 0.000000000000000000e+00 4.926229708851401906e-02 -1.985823444700903955e-17 1.256414009361128681e-01 0.000000000000000000e+00
5.368709120000000000e+08 -8.821799784911696363e-03 -2.775354246724587651e-02 1.559588784595185851e-01 0.000000000000000000e+00 -1.948183868764026203e-02 8.786514621443179669e-18 1.390665493123961760e-01 0.000000000000000000e+00
1.073741824000000000e+09 1.507892868675163658e-02 -2.837387338975238746e-02 1.617395232405552108e-01 0.000000000000000000e+00 -3.084851199569069603e-03 6.737774619830253931e-18 1.574737705138574695e-01 0.000000000000000000e+00
2.147483648000000000e+09 -1.885719147146338801e-02 -1.986865105217242716e-02 1.403906062691561707e-01 0.000000000000000000e+00 1.752425479765637971e-03 3.346104117147255580e-18 1.309402632346646778e-01 0.000000000000000000e+00
4.294967296000000000e+09 -4.230181457464435649e-03 -1.140451149210916330e-02 1.074196010479263053e-01 0.000000000000000000e+00 -3.384352956092621240e-02 8.382675509559420791e-18 1.175287439942207107e-01 0.000000000000000000e+00
8.589934592000000000e+09 6.910136158036170838e-03 7.201095559467052569e-04 1.681459753341013053e-01 0.000000000000000000e+00 -5.540808002655538134e-02 2.170837541545415257e-17 1.604454373031574399e-01 0.000000000000000000e+00
1.717986918400000000e+10 -1.537395180009159742e-02 -7.145670856870162298e-04 1.296286454035658342e-01 0.000000000000000000e+00 -4.221989990801119225e-02 1.318345516717632710e-17 1.277237956872428748e-01 0.000000000000000000e+00
3.435973836800000000e+10 2.837661367610997635e-03 2.565041413374907764e-03 1.404930960540079488e-01 0.000000000000000000e+00 1.643543779653602009e-03 7.447164370366093529e-19 1.424776451896624940e-01 0.000000000000000000e+00
6.871947673600000000e+10 -3.432228539050923965e-03 -2.811826206253431951e-02 1.415010358271757140e-01 0.000000000000000000e+00 -3.661326388910987606e-02 1.203176568728863832e-17 1.503362220196965970e-01 0.000000000000000000e+00
1.374389534720000000e+11 -9.076741521917756558e-03 3.418826670296586795e-02 1.580215923336479034e-01 0.000000000000000000e+00 -3.126788172185124282e-02 1.408422597122595698e-17 1.750841573646786664e-01 0.000000000000000000e+00
2.748779069440000000e+11 2.567218927408253942e-02 3.364602927263089793e-02 1.430211832060409860e-01 0.000000000000000000e+00 -2.060291685686101507e-02 1.173400872986864649e-17 1.481213009735903030e-01 0.000000000000000000e+00
5.497558138880000000e+11 -7.905075522081909944e-03 4.585592938244665434e-03 1.793659104459598141e-01 0.000000000000000000e+00 -6.413327240697219711e-02 2.135356197342646565e-17 1.668415713796679856e-01 0.000000000000000000e+00
