
# dim_loc 4
# L 2
# n_dis 100
# JZZ 1.0
# hZ 1.0
# hX 1.0
# alphas [ 0.15+0.25980762j  1.00+0.j          0.15-0.25980762j]
# betas [ 0.1  0.4  0.1]
# lambdas [ 0.1  1.   0.1]
# phi 1.0471975511965976
# lambd 0.4
# gap 0.392699081699 3.73291445541e-31
# shifted_gap 0.128347450505 0.0108134859823
# shifted_gap_2 0.0021152779903 4.35596977736e-06
# log10_gap -0.567659653911 0.0100293295427
# log10_shifted_gap -1.19196349182 0.352144170717
# log10_shifted_gap_2 -4.0544756018 0.601152251168
# ratio 0.42769043512 0.0134375706029
# time	Re(Z)\Im(Z)	Var(Re(Z))	Var(Im(Z))
1.000000000000000000e+00 9.134999670616291700e-01 4.128421456301684220e-05 6.583317595322829216e-03 0.000000000000000000e+00 9.964381002782572994e-01 -2.440028297409274825e-16 3.125151842647963860e-05 0.000000000000000000e+00
2.000000000000000000e+00 7.439618281636862784e-01 -4.861131704817161050e-05 5.843814174276465434e-02 0.000000000000000000e+00 9.969158614269068019e-01 -1.171425480851085130e-16 1.319080141452945597e-05 0.000000000000000000e+00
4.000000000000000000e+00 5.572640838364014693e-01 8.599868675084474854e-05 2.273243871909100822e-01 0.000000000000000000e+00 9.942303960754990122e-01 -3.605903567842275929e-16 7.252860846717359934e-05 0.000000000000000000e+00
8.000000000000000000e+00 3.324577434839589007e-01 1.542856162989329934e-04 3.791108831506149746e-01 0.000000000000000000e+00 9.900986006708097920e-01 -3.553974320326441740e-16 3.175246648938171595e-04 0.000000000000000000e+00
1.600000000000000000e+01 1.319546750099711563e-01 7.955099380784395966e-04 4.274227530547121123e-01 0.000000000000000000e+00 9.823052965353219479e-01 -3.642634242677156085e-16 1.367949959086904328e-03 0.000000000000000000e+00
3.200000000000000000e+01 1.031969362375224075e-01 2.152196113125572703e-04 4.026989976940473226e-01 0.000000000000000000e+00 9.671852508467293497e-01 -3.505571284625806444e-16 3.315221600047122373e-03 0.000000000000000000e+00
6.400000000000000000e+01 8.139014018212359369e-02 1.151814082463030681e-03 3.920009302029161535e-01 0.000000000000000000e+00 9.256622625986210551e-01 -3.362554981176368089e-16 1.408774637709299393e-02 0.000000000000000000e+00
1.280000000000000000e+02 9.634455190734533825e-02 4.113099193815642081e-04 3.005256255932817755e-01 0.000000000000000000e+00 8.520158698360105198e-01 -3.134030173783871060e-16 4.118176767344930433e-02 0.000000000000000000e+00
2.560000000000000000e+02 -4.004609163169398078e-02 2.098449310528909505e-03 2.902226952381868341e-01 0.000000000000000000e+00 7.706652710787241789e-01 -2.794582979435814864e-16 6.286159574753584500e-02 0.000000000000000000e+00
5.120000000000000000e+02 -7.559100326572474812e-03 -4.413311022758861259e-03 2.486074970167914955e-01 0.000000000000000000e+00 6.962155897692337003e-01 -2.534273798656692020e-16 9.447681163715383745e-02 0.000000000000000000e+00
1.024000000000000000e+03 8.034409584090749026e-03 3.377615602577043429e-03 2.423300753312578326e-01 0.000000000000000000e+00 6.432986442130365079e-01 -2.334387842657814925e-16 8.651806551421764580e-02 0.000000000000000000e+00
2.048000000000000000e+03 2.279496056509089721e-02 -9.786736424130895208e-05 1.712378457255292197e-01 0.000000000000000000e+00 5.549167842318187827e-01 -1.963944614622516130e-16 1.033135820285681905e-01 0.000000000000000000e+00
4.096000000000000000e+03 -2.212464845499087854e-02 7.790153857680255124e-03 2.058138885462766077e-01 0.000000000000000000e+00 5.081442763929533424e-01 -1.800351444619392751e-16 9.921109595366256473e-02 0.000000000000000000e+00
8.192000000000000000e+03 1.127542507661354748e-02 -4.333127087886902602e-03 1.847366968204979532e-01 0.000000000000000000e+00 4.174615605914427929e-01 -1.453420811953112869e-16 1.796986876966973068e-01 0.000000000000000000e+00
1.638400000000000000e+04 -3.201013320957186992e-02 -4.018791812866278484e-03 1.595349645868359423e-01 0.000000000000000000e+00 3.699224513642766499e-01 -1.331038068041671324e-16 1.533196426392886280e-01 0.000000000000000000e+00
3.276800000000000000e+04 1.484431555979490343e-02 2.270325333327830389e-02 1.644336051964707945e-01 0.000000000000000000e+00 3.203772905955266093e-01 -1.080599336389597041e-16 1.593140722996467529e-01 0.000000000000000000e+00
6.553600000000000000e+04 2.603809899400896799e-02 -3.356165855483366628e-02 1.773196558697015535e-01 0.000000000000000000e+00 3.055805843351026008e-01 -1.180931790899326691e-16 1.495955670124766990e-01 0.000000000000000000e+00
1.310720000000000000e+05 2.972439200742731796e-02 -2.228878533553450142e-02 1.845080921666353013e-01 0.000000000000000000e+00 1.534277225287242474e-01 -5.773119548156703979e-17 1.906203999532554982e-01 0.000000000000000000e+00
2.621440000000000000e+05 -1.671378699265862675e-02 4.475848480544817459e-02 1.624159511249553267e-01 0.000000000000000000e+00 5.943079719829501978e-02 -2.328867479243119910e-17 2.093500541040097251e-01 0.000000000000000000e+00
5.242880000000000000e+05 8.405380749149520686e-03 -2.423019810063619696e-03 1.649611529006041744e-01 0.000000000000000000e+00 3.522518348367998514e-02 -1.387949624263473072e-17 2.099751448294498168e-01 0.000000000000000000e+00
1.048576000000000000e+06 8.807401033799460918e-03 2.257029680540803204e-02 1.717984842403280643e-01 0.000000000000000000e+00 1.089859735594432694e-01 -4.288550826915048880e-17 2.243530895340840881e-01 0.000000000000000000e+00
2.097152000000000000e+06 6.930879677102991764e-03 1.580219863663195196e-02 1.740027922530012761e-01 0.000000000000000000e+00 8.133585805544069069e-02 -3.711976839497360386e-17 2.134232357951938164e-01 0.000000000000000000e+00
4.194304000000000000e+06 2.274765012399591196e-02 4.909152194014150539e-02 1.625353630397869953e-01 0.000000000000000000e+00 3.206839842571745924e-02 -8.398100216036670987e-18 2.273677242508666541e-01 0.000000000000000000e+00
8.388608000000000000e+06 -3.619959317566952273e-02 4.715126540049848630e-03 1.568048685866805791e-01 0.000000000000000000e+00 8.568187530295624799e-02 -2.839073799536862014e-17 2.053964991120994787e-01 0.000000000000000000e+00
1.677721600000000000e+07 -7.541932518303811651e-03 2.654998371561169759e-02 1.543925591879200809e-01 0.000000000000000000e+00 7.157933070904078099e-02 -1.930824466817086622e-17 1.448157268827507949e-01 0.000000000000000000e+00
3.355443200000000000e+07 -1.400645817984562044e-02 1.161706421948119523e-02 1.741502877409474292e-01 0.000000000000000000e+00 -1.067743676525253517e-02 1.022829759880798708e-17 2.192568360201498923e-01 0.000000000000000000e+00
6.710886400000000000e+07 -2.686259468814736207e-02 1.384304866267255837e-04 1.556289009755480734e-01 0.000000000000000000e+00 1.848668594031935980e-02 -1.375135737989306045e-17 1.879864002422162172e-01 0.000000000000000000e+00
1.342177280000000000e+08 -4.297402904875985636e-04 -3.447326657741289074e-02 1.589882048695180072e-01 0.000000000000000000e+00 1.037688201751620423e-02 -1.085818484882920821e-17 1.743879901968525548e-01 0.000000000000000000e+00
2.684354560000000000e+08 -1.955906576691829324e-02 -1.472194037919000685e-02 1.504501243754273188e-01 0.000000000000000000e+00 -3.061731006181300091e-02 1.284964493373069288e-17 2.333029869053281635e-01 0.000000000000000000e+00
5.368709120000000000e+08 -1.336604880789284524e-03 1.971861959209363774e-02 1.417061969106809260e-01 0.000000000000000000e+00 3.476117920125407212e-02 -5.057673507477808865e-19 1.672710572755066738e-01 0.000000000000000000e+00
1.073741824000000000e+09 8.946995139681735917e-03 -5.760349026861459783e-03 1.677096304096704626e-01 0.000000000000000000e+00 -4.428074079001673158e-02 2.614530135338423874e-17 1.614134220008949239e-01 0.000000000000000000e+00
2.147483648000000000e+09 2.336917684868469649e-03 -1.014618332721911875e-01 1.672397180919986959e-01 0.000000000000000000e+00 -4.511063319113425840e-02 1.699140227995921889e-17 2.170593339150927170e-01 0.000000000000000000e+00
4.294967296000000000e+09 1.961778859737352558e-04 2.850460833317242787e-02 1.583838733970938106e-01 0.000000000000000000e+00 -1.071253290220736294e-02 2.900723889461430851e-18 1.743516796401828328e-01 0.000000000000000000e+00
8.589934592000000000e+09 2.406250491959430193e-02 -4.653990649696974902e-02 1.692773184076777626e-01 0.000000000000000000e+00 -1.856854397414780047e-02 1.339344301279516878e-17 2.039484864978855228e-01 0.000000000000000000e+00
1.717986918400000000e+10 -7.382646234093681592e-02 1.602605311704792621e-03 1.612404964264527174e-01 0.000000000000000000e+00 7.476708375900234516e-02 -2.814352746666451865e-17 1.905300489743137204e-01 0.000000000000000000e+00
3.435973836800000000e+10 -1.551899045390190985e-03 4.771975651564142745e-02 1.698827936945354333e-01 0.000000000000000000e+00 3.737999305793946597e-02 -7.297484121740084044e-18 1.905283054151273303e-01 0.000000000000000000e+00
6.871947673600000000e+10 -8.752978334758810749e-03 -2.881874213044877120e-02 1.602825668759288724e-01 0.000000000000000000e+00 9.993753243365922218e-03 -4.020689379855494432e-18 1.967036182839443648e-01 0.000000000000000000e+00
1.374389534720000000e+11 -4.647883399725075831e-02 -1.631117645000167843e-02 1.418011035619026472e-01 0.000000000000000000e+00 1.104861322976806275e-02 -3.265386664129391154e-18 1.636418258058323361e-01 0.000000000000000000e+00
2.748779069440000000e+11 3.199813072123999097e-02 -1.514312786136318145e-02 1.649483691154658427e-01 0.000000000000000000e+00 2.999092138015261449e-02 -1.251867443980269955e-17 1.880726531371146037e-01 0.000000000000000000e+00
5.497558138880000000e+11 -1.013198192461453118e-03 1.298316466074265173e-02 1.480960503026197139e-01 0.000000000000000000e+00 -8.959127226423488355e-02 3.254610777742745817e-17 1.751419373582139005e-01 0.000000000000000000e+00
