
# dim_loc 4
# L 6
# n_dis 100
# JZZ 1.0
# hZ 1.0
# hX 1.0
# alphas [ 0.175+0.30310889j  1.000+0.j          0.175-0.30310889j]
# betas [ 0.1  0.3  0.1]
# lambdas [ 0.1  1.   0.1]
# phi 1.0471975511965976
# lambd 0.3
# gap 0.00153398078789 5.72653827947e-36
# shifted_gap 0.00132166258687 8.59300892108e-07
# shifted_gap_2 6.20868440811e-05 8.02989163348e-09
# log10_gap -2.9904344623 0.00154301015774
# log10_shifted_gap -3.33226734943 0.347136868206
# log10_shifted_gap_2 -5.43647198592 1.31275964845
# ratio 0.438491169623 0.00140920019161
# time	Re(Z)\Im(Z)	Var(Re(Z))	Var(Im(Z))
1.000000000000000000e+00 9.509067035345522001e-01 -8.282507374614962614e-06 2.289510484257469003e-03 0.000000000000000000e+00 9.933353604306963680e-01 -2.418916972759677550e-16 7.399809453618406215e-05 0.000000000000000000e+00
2.000000000000000000e+00 8.688182866368949764e-01 -4.595035922493712169e-05 2.305999045680769133e-02 0.000000000000000000e+00 9.834073569317955954e-01 -1.214271056894174561e-16 7.547349549123180158e-04 0.000000000000000000e+00
4.000000000000000000e+00 7.335507777902491311e-01 -7.984094418549590125e-04 1.243651079883290045e-01 0.000000000000000000e+00 9.585883018358345442e-01 -3.487089660766453894e-16 6.098795903761776958e-03 0.000000000000000000e+00
8.000000000000000000e+00 6.358752418604585177e-01 -2.245331998379068369e-03 1.811644105098979274e-01 0.000000000000000000e+00 9.215187962424036261e-01 -3.391931124158227996e-16 2.980159837401728795e-02 0.000000000000000000e+00
1.600000000000000000e+01 5.964946938311685987e-01 -1.516715092017399420e-03 1.739014128668241732e-01 0.000000000000000000e+00 8.902724259205750945e-01 -3.255897325230645477e-16 4.717060769107071089e-02 0.000000000000000000e+00
3.200000000000000000e+01 5.735097040233341215e-01 -4.013860595789942726e-03 1.485316989153533385e-01 0.000000000000000000e+00 8.548533320609562614e-01 -3.120261882134813606e-16 6.153157225120681889e-02 0.000000000000000000e+00
6.400000000000000000e+01 5.065918095151568101e-01 -6.196234929636998574e-03 1.621436620598264988e-01 0.000000000000000000e+00 8.122306178326701431e-01 -2.990205909350412858e-16 7.306742590074621901e-02 0.000000000000000000e+00
1.280000000000000000e+02 4.481989994780489761e-01 -8.157443759840513758e-03 1.563100381468774946e-01 0.000000000000000000e+00 7.898978919365707840e-01 -2.888912224737918944e-16 6.955055234730742053e-02 0.000000000000000000e+00
2.560000000000000000e+02 3.798327936221918000e-01 -3.602455078300014976e-03 1.501995887995660472e-01 0.000000000000000000e+00 7.464675726229491604e-01 -2.728821419461679421e-16 7.750131303901831858e-02 0.000000000000000000e+00
5.120000000000000000e+02 3.060946815259448228e-01 -3.137371910415286472e-03 1.558034767960043976e-01 0.000000000000000000e+00 7.100196990078495585e-01 -2.598787087072712310e-16 8.567513260889816906e-02 0.000000000000000000e+00
1.024000000000000000e+03 2.660157819426172132e-01 -5.926459012270686444e-03 1.302758911638524641e-01 0.000000000000000000e+00 6.706880752717833127e-01 -2.457723489456232746e-16 9.264903514560707265e-02 0.000000000000000000e+00
2.048000000000000000e+03 1.995998903551712278e-01 -4.543549717818072368e-03 1.204504194501983955e-01 0.000000000000000000e+00 6.470679348589597479e-01 -2.377670874687491253e-16 9.246942009967969167e-02 0.000000000000000000e+00
4.096000000000000000e+03 1.537467057836771067e-01 -2.472139657393545784e-03 1.074448312984205012e-01 0.000000000000000000e+00 6.116109833540747109e-01 -2.232490682693230384e-16 1.009391140152444827e-01 0.000000000000000000e+00
8.192000000000000000e+03 1.045268529150234355e-01 -2.109880406818127972e-03 9.817501051793442457e-02 0.000000000000000000e+00 5.754814745083307592e-01 -2.107825603861833092e-16 1.114474198164876612e-01 0.000000000000000000e+00
1.638400000000000000e+04 6.901419397154209823e-02 -3.387576821899850911e-03 6.758228744753462525e-02 0.000000000000000000e+00 5.277813177011629886e-01 -1.925163877822547327e-16 1.139459966274729841e-01 0.000000000000000000e+00
3.276800000000000000e+04 1.565230154347535541e-02 2.035250926146012478e-03 6.072582967424917932e-02 0.000000000000000000e+00 4.746696802929852854e-01 -1.724663883538042536e-16 1.199355843341737698e-01 0.000000000000000000e+00
6.553600000000000000e+04 -9.354133600650208977e-03 -9.150244213662385179e-04 5.939194695934778279e-02 0.000000000000000000e+00 4.164322566100093770e-01 -1.518034689013058765e-16 1.287245700949483929e-01 0.000000000000000000e+00
1.310720000000000000e+05 2.475609479167874272e-02 1.089319287918221217e-03 4.635844365498704989e-02 0.000000000000000000e+00 3.715444604608589829e-01 -1.349509180182625206e-16 1.246422084414449682e-01 0.000000000000000000e+00
2.621440000000000000e+05 1.099210702618102359e-02 -4.460071682844093249e-03 5.911460689989835038e-02 0.000000000000000000e+00 2.895139157272872410e-01 -1.035721065447390581e-16 1.283733110091840601e-01 0.000000000000000000e+00
5.242880000000000000e+05 3.281964583675129471e-02 4.918014445640482048e-03 4.408391559827253697e-02 0.000000000000000000e+00 2.485508450701015282e-01 -9.248846993162954069e-17 1.074011744240373212e-01 0.000000000000000000e+00
1.048576000000000000e+06 9.497244207635919047e-03 -1.286672818979315127e-03 4.069047427348690404e-02 0.000000000000000000e+00 1.675153531127196727e-01 -6.117082899340546268e-17 1.092806557935166734e-01 0.000000000000000000e+00
2.097152000000000000e+06 -8.642501203553051500e-03 -4.652271866963125779e-03 4.001961998531791687e-02 0.000000000000000000e+00 1.433437427985344848e-01 -5.279109345002488390e-17 9.415974289997793012e-02 0.000000000000000000e+00
4.194304000000000000e+06 9.470176904438618037e-03 3.532431133446312533e-03 3.043206059508576575e-02 0.000000000000000000e+00 1.388579887524968859e-01 -4.993608347839228781e-17 7.667522395148512748e-02 0.000000000000000000e+00
8.388608000000000000e+06 9.585604289956747154e-03 -5.639865546657953262e-03 3.817158622176167887e-02 0.000000000000000000e+00 1.174744304271892192e-01 -4.121743895911564286e-17 7.646995909719128681e-02 0.000000000000000000e+00
1.677721600000000000e+07 7.944379487827273045e-03 -5.240016208794503506e-04 2.587115535990561210e-02 0.000000000000000000e+00 5.775817564874789062e-02 -1.821771895072239812e-17 5.714832710887526868e-02 0.000000000000000000e+00
3.355443200000000000e+07 2.232167704789997029e-02 4.001192046755385791e-03 3.088584514697348057e-02 0.000000000000000000e+00 4.250223804163935637e-02 -1.509616331116526211e-17 4.926090909780303506e-02 0.000000000000000000e+00
6.710886400000000000e+07 -4.962599609939907438e-03 1.064216046533486386e-02 2.744978139162177616e-02 0.000000000000000000e+00 3.026990307585774101e-02 -1.029753813080306282e-17 4.936599943360159976e-02 0.000000000000000000e+00
1.342177280000000000e+08 -1.151359928135619118e-02 -1.605031989834261597e-02 3.563111217374963224e-02 0.000000000000000000e+00 2.691691893410815689e-02 -8.730739863573382596e-18 4.736912774192875847e-02 0.000000000000000000e+00
2.684354560000000000e+08 -9.510526743435476424e-03 9.786751339205722322e-03 2.771698275565562600e-02 0.000000000000000000e+00 2.920201816021229628e-03 -3.429613198201786271e-18 3.767576401472320924e-02 0.000000000000000000e+00
5.368709120000000000e+08 -1.311218452626412498e-02 -1.671833410385996366e-02 3.555655662187814231e-02 0.000000000000000000e+00 -1.327143359210248424e-02 5.562813277100015487e-18 3.793589463108530679e-02 0.000000000000000000e+00
1.073741824000000000e+09 1.113988202557799484e-02 -2.671248208070772442e-02 3.862935787272951671e-02 0.000000000000000000e+00 -8.424730896866312185e-03 1.819698651512792392e-18 4.448050190156097039e-02 0.000000000000000000e+00
2.147483648000000000e+09 6.706093269083037746e-03 -1.753823987212838054e-02 3.892155354480479612e-02 0.000000000000000000e+00 2.415154073069960064e-02 -1.114750262959989943e-17 3.463639182572690600e-02 0.000000000000000000e+00
4.294967296000000000e+09 3.116674874482023086e-03 -1.011683824721603710e-02 3.070994182231497061e-02 0.000000000000000000e+00 -2.556410459170291999e-02 9.010374297471882121e-18 3.712425095707908712e-02 0.000000000000000000e+00
8.589934592000000000e+09 3.761769418946200091e-03 -1.616571669663846231e-02 2.809305046662043809e-02 0.000000000000000000e+00 -1.137371040889167961e-02 4.982434986795154483e-18 4.118382843986682224e-02 0.000000000000000000e+00
1.717986918400000000e+10 1.875345739980401050e-02 1.219842889123833214e-02 3.155002350682913764e-02 0.000000000000000000e+00 1.759957717895184112e-02 -5.660142149438742972e-18 3.846597890903804412e-02 0.000000000000000000e+00
3.435973836800000000e+10 -4.496544498344501838e-03 -6.744221353807389532e-03 3.240785625795382374e-02 0.000000000000000000e+00 -1.527424695471525477e-02 6.653053991200917371e-18 3.695852198791465398e-02 0.000000000000000000e+00
6.871947673600000000e+10 -7.067551653779950357e-03 2.781463323673951174e-02 3.492963202360619551e-02 0.000000000000000000e+00 -2.049099893556579483e-02 7.583512777388373245e-18 4.768745412857070681e-02 0.000000000000000000e+00
1.374389534720000000e+11 -5.495238737756708534e-03 1.014468870285154629e-03 2.355902112615531480e-02 0.000000000000000000e+00 -2.541995393077549348e-02 1.056331161947300839e-17 3.128121289832962171e-02 0.000000000000000000e+00
2.748779069440000000e+11 4.801393229824141642e-03 -1.861984636770271789e-02 2.888370786888737329e-02 0.000000000000000000e+00 1.750059944718459354e-02 -6.756620148060087837e-18 4.119553514170391784e-02 0.000000000000000000e+00
5.497558138880000000e+11 -1.450273959067401724e-02 3.355948281335485815e-03 2.832922058699644668e-02 0.000000000000000000e+00 -3.289972150562203712e-03 1.782644954129136048e-19 3.524712355743511022e-02 0.000000000000000000e+00
