
# dim_loc 4
# L 4
# n_dis 100
# JZZ 1.0
# hZ 1.0
# hX 1.0
# alphas [ 0.075+0.12990381j  1.000+0.j          0.075-0.12990381j]
# betas [ 0.1  0.7  0.1]
# lambdas [ 0.1  1.   0.1]
# phi 1.0471975511965976
# lambd 0.7
# gap 0.0245436926062 1.46274379276e-33
# shifted_gap 0.0592837743467 0.00415345578043
# shifted_gap_2 0.00047546401568 6.29400876204e-07
# log10_gap -1.78756702864 0.00123239149735
# log10_shifted_gap -1.59040292124 0.251502643269
# log10_shifted_gap_2 -4.78031938752 1.0004541958
# ratio 0.42834133492 0.00137104226175
# time	Re(Z)\Im(Z)	Var(Re(Z))	Var(Im(Z))
1.000000000000000000e+00 7.162436955388753468e-01 -1.685214486182398346e-05 5.967849579260078169e-02 0.000000000000000000e+00 9.928860724404210414e-01 -2.464291364151720913e-16 8.028456347699458910e-05 0.000000000000000000e+00
2.000000000000000000e+00 2.354723862407171464e-01 -2.196992144379790771e-04 3.292023580344223266e-01 0.000000000000000000e+00 9.802711942304418447e-01 -1.184645467456539542e-16 9.717360681767632340e-04 0.000000000000000000e+00
4.000000000000000000e+00 1.599063854647958249e-01 -3.323619407525643210e-04 2.676075899910329015e-01 0.000000000000000000e+00 9.527589083589658170e-01 -3.469483970506302072e-16 8.387888665958380049e-03 0.000000000000000000e+00
8.000000000000000000e+00 1.444262029644168832e-01 8.193834800776972392e-04 2.265782021415726211e-01 0.000000000000000000e+00 9.143439877329132548e-01 -3.287473622845979296e-16 3.339997030526865168e-02 0.000000000000000000e+00
1.600000000000000000e+01 7.656924436584280902e-02 -2.106577953013730534e-03 2.045338961956369161e-01 0.000000000000000000e+00 8.884461923120303695e-01 -3.226036695536395104e-16 4.302478595087752544e-02 0.000000000000000000e+00
3.200000000000000000e+01 3.212565507456709851e-02 -1.675333059378685116e-03 1.746564352693960875e-01 0.000000000000000000e+00 8.603957412381908476e-01 -3.127622458077533035e-16 4.594182399211468176e-02 0.000000000000000000e+00
6.400000000000000000e+01 1.059717024449293443e-01 -5.704708384306027280e-04 1.230610762492944238e-01 0.000000000000000000e+00 8.262663063597827096e-01 -3.032571947953988993e-16 5.717562401365956781e-02 0.000000000000000000e+00
1.280000000000000000e+02 4.917789891785634415e-02 -1.186391827234635574e-03 9.525185002048849880e-02 0.000000000000000000e+00 8.096783632540354159e-01 -2.956656783670070634e-16 5.552815746063471253e-02 0.000000000000000000e+00
2.560000000000000000e+02 1.585824852993372377e-02 -2.292073788739116495e-03 8.093270552998997613e-02 0.000000000000000000e+00 7.891062296145632260e-01 -2.863387757253984340e-16 5.370950268127987898e-02 0.000000000000000000e+00
5.120000000000000000e+02 3.022593474865377036e-02 5.379439953412405630e-04 7.761271528994469204e-02 0.000000000000000000e+00 7.657875559221765105e-01 -2.770380586059711719e-16 6.033112516763362160e-02 0.000000000000000000e+00
1.024000000000000000e+03 5.276336423812072636e-03 -1.877817306627761155e-04 6.828933132190520561e-02 0.000000000000000000e+00 7.366276365106307900e-01 -2.669530678971783696e-16 6.260054941510015403e-02 0.000000000000000000e+00
2.048000000000000000e+03 4.879846573826085790e-03 -2.568144211919728363e-03 6.633313866821269333e-02 0.000000000000000000e+00 6.961935370966327863e-01 -2.536792374528823751e-16 7.521341609654351446e-02 0.000000000000000000e+00
4.096000000000000000e+03 1.997867192605465997e-02 3.043192685499610754e-03 4.937600387264486773e-02 0.000000000000000000e+00 6.280887307594256175e-01 -2.328933623061409428e-16 9.264608598779064397e-02 0.000000000000000000e+00
8.192000000000000000e+03 -1.859195731206962632e-02 -1.685653829596891248e-03 5.709969258271557074e-02 0.000000000000000000e+00 5.611755128181206143e-01 -2.043544619823801091e-16 1.045868494974715041e-01 0.000000000000000000e+00
1.638400000000000000e+04 4.726805564054881517e-03 -7.556362844063183341e-04 4.493605530708495721e-02 0.000000000000000000e+00 4.929050619596809790e-01 -1.775375482210465953e-16 1.211004121729541277e-01 0.000000000000000000e+00
3.276800000000000000e+04 -1.028599178550883286e-02 2.206298862449693839e-04 5.009791083321953747e-02 0.000000000000000000e+00 3.961772211310352620e-01 -1.456227605137688706e-16 1.325675802167359807e-01 0.000000000000000000e+00
6.553600000000000000e+04 2.798076469737230398e-02 -5.382326926907007522e-03 4.316329803713357671e-02 0.000000000000000000e+00 3.401427562804228977e-01 -1.234531155182272036e-16 1.387568156853568879e-01 0.000000000000000000e+00
1.310720000000000000e+05 2.916138519910903282e-02 2.370305152320344774e-03 4.006607995262828625e-02 0.000000000000000000e+00 3.167069969305016386e-01 -1.155421236282888816e-16 1.122479083908271835e-01 0.000000000000000000e+00
2.621440000000000000e+05 8.793701533210841054e-03 8.794239304388048323e-03 3.729863733473826742e-02 0.000000000000000000e+00 2.451002835072184638e-01 -8.913496352294905532e-17 1.128926241912251299e-01 0.000000000000000000e+00
5.242880000000000000e+05 -1.754197151972236102e-03 -2.961489059740505820e-03 3.897079147560220808e-02 0.000000000000000000e+00 1.721214389124779143e-01 -5.921669600758683488e-17 1.097283202671054392e-01 0.000000000000000000e+00
1.048576000000000000e+06 -1.805716662617817781e-03 9.110527140307458568e-04 4.142782587471206118e-02 0.000000000000000000e+00 1.312205331764660365e-01 -4.779220882058988591e-17 1.039018844266289265e-01 0.000000000000000000e+00
2.097152000000000000e+06 -2.672100815222866379e-03 -5.006235719073943990e-03 3.503393287864205174e-02 0.000000000000000000e+00 8.706331499491501424e-02 -2.761298552922317918e-17 9.155681687784969491e-02 0.000000000000000000e+00
4.194304000000000000e+06 7.131754286838838837e-03 1.113039384696483348e-03 3.525872495998896156e-02 0.000000000000000000e+00 5.760039788445103781e-02 -1.931335018282992916e-17 8.586940616589271158e-02 0.000000000000000000e+00
8.388608000000000000e+06 6.235467381258281636e-03 -4.380173374148424491e-04 4.125799533249709106e-02 0.000000000000000000e+00 7.242993449110776694e-02 -2.299426884117618949e-17 6.158847556199911061e-02 0.000000000000000000e+00
1.677721600000000000e+07 1.042430454607680759e-02 -2.964304870115289569e-04 3.652146332881914953e-02 0.000000000000000000e+00 6.489683868874256134e-02 -2.070400449791201025e-17 6.445581289370692912e-02 0.000000000000000000e+00
3.355443200000000000e+07 -4.165843201183187290e-05 5.905896387689511459e-03 4.208072459064667731e-02 0.000000000000000000e+00 3.609570579212730695e-02 -1.322110232592786882e-17 6.662961287890137307e-02 0.000000000000000000e+00
6.710886400000000000e+07 2.213204923192664195e-02 -1.203357087125560797e-02 3.481352393556366720e-02 0.000000000000000000e+00 2.406770780523906014e-02 -9.994010168458829524e-18 6.037460394476588249e-02 0.000000000000000000e+00
1.342177280000000000e+08 1.904139771330551345e-02 5.185570056545302751e-03 3.127863784103843137e-02 0.000000000000000000e+00 2.131044969052913254e-02 -8.385938282769509654e-18 4.799027779897421797e-02 0.000000000000000000e+00
2.684354560000000000e+08 1.811334634926766926e-02 4.375357859875694810e-04 3.271157796801311968e-02 0.000000000000000000e+00 1.642703595226186267e-02 -1.045561462712986824e-17 3.671983970164619665e-02 0.000000000000000000e+00
5.368709120000000000e+08 -5.223504035700788153e-03 -8.551350797338498275e-03 3.577923835446816803e-02 0.000000000000000000e+00 -1.546665748037266523e-02 2.779586686279854503e-18 5.700343248433517584e-02 0.000000000000000000e+00
1.073741824000000000e+09 -1.300100561690503351e-03 2.253654505466966274e-02 3.125369244204145164e-02 0.000000000000000000e+00 2.668434585270484591e-02 -1.133887562369008449e-17 6.718436933454734195e-02 0.000000000000000000e+00
2.147483648000000000e+09 -8.114377542292130346e-03 1.052352794465607859e-02 2.837046959560687170e-02 0.000000000000000000e+00 1.770056320181284670e-02 -5.257408550282977802e-18 4.245761568775999195e-02 0.000000000000000000e+00
4.294967296000000000e+09 5.234630466255295322e-03 7.376636084389483899e-03 3.228024814067492754e-02 0.000000000000000000e+00 3.023820675286649842e-02 -1.122036000831039724e-17 4.511578794646604884e-02 0.000000000000000000e+00
8.589934592000000000e+09 1.557525930639714652e-02 -1.072727189129400217e-02 2.490604211999010095e-02 0.000000000000000000e+00 1.783365977831247520e-02 -6.072091250519805668e-18 3.836585632027449122e-02 0.000000000000000000e+00
1.717986918400000000e+10 3.470219117101876752e-05 8.162818322453734357e-03 3.405604774400320528e-02 0.000000000000000000e+00 4.957964053260661107e-03 -1.764345549897371306e-18 4.165634443815315752e-02 0.000000000000000000e+00
3.435973836800000000e+10 8.842501111465964070e-03 -1.790258176113926694e-02 2.984191738462967786e-02 0.000000000000000000e+00 1.779813162246154587e-02 -7.749127267803472850e-18 4.099570669892596553e-02 0.000000000000000000e+00
6.871947673600000000e+10 -2.106154320746130015e-03 -6.316391368949655742e-03 2.861279214176283558e-02 0.000000000000000000e+00 -3.701827600740406187e-03 2.147302444229033587e-18 4.584355872511475249e-02 0.000000000000000000e+00
1.374389534720000000e+11 8.148745847732251357e-03 -5.618652887852752277e-03 3.249800837200069598e-02 0.000000000000000000e+00 -2.986157659577767104e-02 1.216501731528533276e-17 3.795746254661683944e-02 0.000000000000000000e+00
2.748779069440000000e+11 1.567714092648643531e-02 1.685150991195910261e-02 2.655508227275973909e-02 0.000000000000000000e+00 -1.083042974714862675e-02 2.116816984532405907e-18 4.113200244406560457e-02 0.000000000000000000e+00
5.497558138880000000e+11 1.193683856726415748e-02 4.287106355605331369e-03 2.806595896593554532e-02 0.000000000000000000e+00 -1.789953849993622045e-02 6.234102905962332697e-18 4.120319983325061025e-02 0.000000000000000000e+00
