
# dim_loc 4
# L 5
# n_dis 100
# JZZ 1.0
# hZ 1.0
# hX 1.0
# alphas [ 0.2+0.34641016j  1.0+0.j          0.2-0.34641016j]
# betas [ 0.1  0.2  0.1]
# lambdas [ 0.1  1.   0.1]
# phi 1.0471975511965976
# lambd 0.2
# gap 0.00613592315154 9.14666260307e-35
# shifted_gap 0.00185682821425 2.72904038121e-06
# shifted_gap_2 0.000128906482679 2.51685304636e-08
# log10_gap -2.40098934389 0.000703678933555
# log10_shifted_gap -3.46334160281 0.75361099186
# log10_shifted_gap_2 -5.30016414848 1.18592758059
# ratio 0.422167755161 0.000642169981617
# time	Re(Z)\Im(Z)	Var(Re(Z))	Var(Im(Z))
1.000000000000000000e+00 9.753420685408747959e-01 -1.807891762990231977e-05 5.434042548130492856e-04 0.000000000000000000e+00 9.928502499507303458e-01 -2.445059229726786975e-16 7.757425049543026558e-05 0.000000000000000000e+00
2.000000000000000000e+00 9.361464329091090386e-01 -2.898503654299231021e-05 5.555871150852404773e-03 0.000000000000000000e+00 9.818253176378977098e-01 -1.265875666540533935e-16 7.768432288263515733e-04 0.000000000000000000e+00
4.000000000000000000e+00 8.554225150113544673e-01 1.083606503718615490e-04 3.939768313329893024e-02 0.000000000000000000e+00 9.541082306465074048e-01 -3.531196984447497915e-16 6.979541237999277968e-03 0.000000000000000000e+00
8.000000000000000000e+00 7.523775743520115800e-01 9.530824385900720907e-04 1.203919058327280051e-01 0.000000000000000000e+00 9.069192490374203830e-01 -3.358326924791335784e-16 3.916679888229362971e-02 0.000000000000000000e+00
1.600000000000000000e+01 7.057127861654336476e-01 -1.614424037804998435e-04 1.374131077572173787e-01 0.000000000000000000e+00 8.566355711182763732e-01 -3.156789096045706849e-16 8.506596011453153305e-02 0.000000000000000000e+00
3.200000000000000000e+01 6.712133764832057814e-01 -6.430996512720287689e-04 1.444356250666289920e-01 0.000000000000000000e+00 8.393169469744911071e-01 -3.119212006542860951e-16 7.174479502194026914e-02 0.000000000000000000e+00
6.400000000000000000e+01 6.335548417937716392e-01 -5.790559844912447976e-03 1.496360001104753978e-01 0.000000000000000000e+00 8.118100604336057069e-01 -3.016519581138103269e-16 8.159579679698630850e-02 0.000000000000000000e+00
1.280000000000000000e+02 5.950146643637580501e-01 -5.625441669614390967e-03 1.463764545012007923e-01 0.000000000000000000e+00 7.785538226488579738e-01 -2.894444137747738018e-16 9.592759994645523591e-02 0.000000000000000000e+00
2.560000000000000000e+02 5.417977032998595455e-01 1.619947544101983791e-03 1.617569072169339484e-01 0.000000000000000000e+00 7.568424939247216932e-01 -2.816787041038932182e-16 9.865510692417200911e-02 0.000000000000000000e+00
5.120000000000000000e+02 4.797911419477806638e-01 -3.423181471324163150e-05 1.745266945053731977e-01 0.000000000000000000e+00 7.413394918629974129e-01 -2.743787315067487988e-16 9.925150489781664476e-02 0.000000000000000000e+00
1.024000000000000000e+03 3.988270949243993280e-01 2.104921473782283420e-03 1.728929010801425470e-01 0.000000000000000000e+00 7.221723665898674982e-01 -2.684339650997605644e-16 9.563739284566064036e-02 0.000000000000000000e+00
2.048000000000000000e+03 2.870512423595725782e-01 5.020378375582246547e-03 2.081479437885498940e-01 0.000000000000000000e+00 6.982131695782004543e-01 -2.601252969193944859e-16 1.044354862413918450e-01 0.000000000000000000e+00
4.096000000000000000e+03 2.256782975786852385e-01 3.547012771738552398e-03 1.985510827694344782e-01 0.000000000000000000e+00 6.618966169457112247e-01 -2.468440728943913942e-16 1.124525149838148663e-01 0.000000000000000000e+00
8.192000000000000000e+03 1.675974523098855695e-01 1.427043695375111894e-03 1.959153067511776036e-01 0.000000000000000000e+00 6.283208361737065983e-01 -2.342306181931311544e-16 1.149606090262140501e-01 0.000000000000000000e+00
1.638400000000000000e+04 1.323602777859257673e-01 1.746848733868816908e-03 1.798793758588564662e-01 0.000000000000000000e+00 5.751786738548161360e-01 -2.108015578158474911e-16 1.152350312359977230e-01 0.000000000000000000e+00
3.276800000000000000e+04 1.373851923662264551e-01 1.921189708615648160e-03 1.424197067522790516e-01 0.000000000000000000e+00 4.839326517135795758e-01 -1.809607667745930898e-16 1.455068744515499446e-01 0.000000000000000000e+00
6.553600000000000000e+04 5.151635723012933099e-02 -9.867784780985752735e-04 1.487419246497461156e-01 0.000000000000000000e+00 4.211475008075517001e-01 -1.625805245426188912e-16 1.665494928430782673e-01 0.000000000000000000e+00
1.310720000000000000e+05 2.921527920837165698e-02 -2.523435946355883936e-03 1.311228560294820378e-01 0.000000000000000000e+00 3.800949121138231801e-01 -1.408081978307508822e-16 1.379371119046193805e-01 0.000000000000000000e+00
2.621440000000000000e+05 6.422233580619465809e-02 -4.040964538785836446e-03 1.064081589969532865e-01 0.000000000000000000e+00 3.100993455612726102e-01 -1.162265358730101031e-16 1.563375559726858377e-01 0.000000000000000000e+00
5.242880000000000000e+05 -1.307876600736078594e-02 7.505951761098730336e-03 1.210304653400086222e-01 0.000000000000000000e+00 2.829512399701999970e-01 -1.081283992597541134e-16 1.448953333696984813e-01 0.000000000000000000e+00
1.048576000000000000e+06 5.409845072496208968e-02 1.987430956432036100e-02 8.504160060891416406e-02 0.000000000000000000e+00 2.197958338906718101e-01 -8.212933377365225584e-17 1.269512765532556375e-01 0.000000000000000000e+00
2.097152000000000000e+06 -1.496798231331722753e-02 1.758008830847011816e-02 8.559534251673987792e-02 0.000000000000000000e+00 1.460033008242660746e-01 -5.752933477406163712e-17 1.339263617693590980e-01 0.000000000000000000e+00
4.194304000000000000e+06 -2.126720402436069191e-02 2.597098301745951084e-03 7.312805078932213543e-02 0.000000000000000000e+00 1.247913238926587343e-01 -4.613637418872567251e-17 1.369502647569667275e-01 0.000000000000000000e+00
8.388608000000000000e+06 -2.604620748171393094e-02 -4.121494084577194406e-02 6.948426158032260103e-02 0.000000000000000000e+00 1.231952508226589610e-01 -4.804230380851438456e-17 1.148819026285265860e-01 0.000000000000000000e+00
1.677721600000000000e+07 -1.585306938850011838e-02 -1.521433111304430069e-02 8.815529529179487456e-02 0.000000000000000000e+00 8.534270180005548712e-02 -3.236593371738510803e-17 1.218100710025411676e-01 0.000000000000000000e+00
3.355443200000000000e+07 -2.195852057761291456e-02 -1.668473600159010861e-02 8.053817602998046554e-02 0.000000000000000000e+00 9.750943429761617376e-02 -3.804159178451528237e-17 1.040746818912270666e-01 0.000000000000000000e+00
6.710886400000000000e+07 2.652074425881397607e-02 -3.699307185064798324e-03 6.166343831738391179e-02 0.000000000000000000e+00 7.373755428634463926e-02 -2.619462691812559493e-17 8.716956591575537872e-02 0.000000000000000000e+00
1.342177280000000000e+08 -1.728224772892925434e-02 -9.916737581567755880e-03 7.756610557784718307e-02 0.000000000000000000e+00 3.662378890730415282e-02 -1.229451079784432694e-17 8.414762896586031049e-02 0.000000000000000000e+00
2.684354560000000000e+08 1.070114502926924763e-03 3.142891536013761242e-03 7.616804479224781321e-02 0.000000000000000000e+00 1.335587377870047290e-02 -6.349410784527360259e-18 9.021293851839208566e-02 0.000000000000000000e+00
5.368709120000000000e+08 1.315902223785156422e-02 -4.017674599823350956e-02 7.881862509140154238e-02 0.000000000000000000e+00 -1.951101670107115160e-02 3.131174442020313585e-18 9.213052032578473993e-02 0.000000000000000000e+00
1.073741824000000000e+09 2.709648812382953707e-03 5.602784701030387796e-03 8.054755678351759041e-02 0.000000000000000000e+00 3.919831106793975062e-03 -3.257679557995622786e-18 1.057431993525519004e-01 0.000000000000000000e+00
2.147483648000000000e+09 1.782611054942266973e-02 -1.192892235964262103e-02 7.571210295915405120e-02 0.000000000000000000e+00 8.231409067254493936e-03 -3.479287871934268501e-18 1.008576208522891926e-01 0.000000000000000000e+00
4.294967296000000000e+09 -2.438104625050097410e-02 -7.587969554553520473e-04 8.143723741107836145e-02 0.000000000000000000e+00 3.502209979286385107e-03 -2.486089014966174900e-18 9.487108926992424141e-02 0.000000000000000000e+00
8.589934592000000000e+09 -2.477588323801199581e-03 1.948461494621775425e-02 6.491527159433679861e-02 0.000000000000000000e+00 1.496658330288043112e-03 -2.283741326281873778e-18 7.753846382289075745e-02 0.000000000000000000e+00
1.717986918400000000e+10 2.234864491974930187e-02 9.235599354865869914e-03 6.909269189343099360e-02 0.000000000000000000e+00 -5.973569888447053961e-04 -8.057678330663868797e-19 7.012677473887184154e-02 0.000000000000000000e+00
3.435973836800000000e+10 -9.376393705870438716e-03 -2.126219227675523599e-02 6.955663126404074137e-02 0.000000000000000000e+00 -4.012920635132177088e-02 1.492267134130803102e-17 8.801865558693768021e-02 0.000000000000000000e+00
6.871947673600000000e+10 -2.013129410241023404e-02 3.679527758463971895e-03 8.056917513849425061e-02 0.000000000000000000e+00 4.230332607849863927e-04 -2.307372441635517803e-18 7.580556405232391493e-02 0.000000000000000000e+00
1.374389534720000000e+11 7.736618741300996943e-03 -8.485343281917316974e-03 8.132487921152589672e-02 0.000000000000000000e+00 5.044418939452973046e-03 3.993316955912715991e-18 1.052498531844796859e-01 0.000000000000000000e+00
2.748779069440000000e+11 -3.186503894563584571e-02 5.970689707641527351e-03 7.344560115020155877e-02 0.000000000000000000e+00 2.605681760198179722e-02 -1.041054510117212733e-17 8.593147967708457402e-02 0.000000000000000000e+00
5.497558138880000000e+11 -1.145320757108217631e-02 5.653935310175569814e-03 8.617694238608071544e-02 0.000000000000000000e+00 2.867576632113768773e-02 -1.483343340922656275e-17 8.909914861041466627e-02 0.000000000000000000e+00
