
# dim_loc 4
# L 4
# n_dis 100
# JZZ 1.0
# hZ 1.0
# hX 1.0
# alphas [ 0.1+0.17320508j  1.0+0.j          0.1-0.17320508j]
# betas [ 0.1  0.6  0.1]
# lambdas [ 0.1  1.   0.1]
# phi 1.0471975511965976
# lambd 0.6
# gap 0.0245436926062 1.72900360757e-33
# shifted_gap 0.0432875614117 0.00245048923683
# shifted_gap_2 0.000542793395035 7.22213069291e-07
# log10_gap -1.77513685955 0.00094799464361
# log10_shifted_gap -1.74295670275 0.259073328024
# log10_shifted_gap_2 -4.48533351145 0.81670793275
# ratio 0.43877766105 0.00131020708518
# time	Re(Z)\Im(Z)	Var(Re(Z))	Var(Im(Z))
1.000000000000000000e+00 7.733369062497751356e-01 3.465992125942391215e-05 3.652956252093133432e-02 0.000000000000000000e+00 9.918193627381209909e-01 -2.514023619728660065e-16 9.634781345103236763e-05 0.000000000000000000e+00
2.000000000000000000e+00 3.910550053029013262e-01 2.161398668659502364e-04 2.326168687967154758e-01 0.000000000000000000e+00 9.779776098055715794e-01 -1.208047082693820324e-16 1.116142379742797409e-03 0.000000000000000000e+00
4.000000000000000000e+00 2.792369790889323022e-01 5.560319042277813177e-04 2.299617556480659797e-01 0.000000000000000000e+00 9.459142657552861433e-01 -3.558776204282432112e-16 8.602629577541520342e-03 0.000000000000000000e+00
8.000000000000000000e+00 2.627082153133431519e-01 -2.003221600898382609e-03 2.025974509494398723e-01 0.000000000000000000e+00 9.016450117896334104e-01 -3.379996797583451113e-16 3.418508789253329322e-02 0.000000000000000000e+00
1.600000000000000000e+01 1.841248981759304182e-01 6.209754795905352096e-04 1.951892791767505797e-01 0.000000000000000000e+00 8.642235264021870256e-01 -3.220757463559000664e-16 4.948348413902368265e-02 0.000000000000000000e+00
3.200000000000000000e+01 1.600689607810133752e-01 -2.376433789422595280e-03 1.528788342965592129e-01 0.000000000000000000e+00 8.264701178712430263e-01 -3.060359903154919239e-16 5.618522680185740470e-02 0.000000000000000000e+00
6.400000000000000000e+01 1.177151963324837153e-01 -9.477893616381254669e-04 1.294677116248493520e-01 0.000000000000000000e+00 7.863916158532729961e-01 -2.924794991578103355e-16 6.990372623911722538e-02 0.000000000000000000e+00
1.280000000000000000e+02 5.159696873643031256e-02 -8.225550929508431905e-04 1.423542662020020333e-01 0.000000000000000000e+00 7.614722750492001202e-01 -2.808669849184933302e-16 6.334817922613605878e-02 0.000000000000000000e+00
2.560000000000000000e+02 8.982251671322899478e-02 -1.011941024521927329e-04 9.761418431706450627e-02 0.000000000000000000e+00 7.354426192293602726e-01 -2.759565103112210481e-16 6.642244318155306193e-02 0.000000000000000000e+00
5.120000000000000000e+02 3.826559801656953530e-02 1.269776036835388710e-03 6.738614566580637677e-02 0.000000000000000000e+00 7.077776947549634379e-01 -2.614642265517188262e-16 6.710380279442995644e-02 0.000000000000000000e+00
1.024000000000000000e+03 -2.734224529291182093e-02 7.017595319311185518e-04 6.678539941774701283e-02 0.000000000000000000e+00 6.824749327880114125e-01 -2.522257502183140847e-16 6.875470001054086178e-02 0.000000000000000000e+00
2.048000000000000000e+03 -5.395525503180472957e-03 1.623022791403884706e-03 5.882916150567618629e-02 0.000000000000000000e+00 6.237420241563425005e-01 -2.311401275003936629e-16 8.550627960160507579e-02 0.000000000000000000e+00
4.096000000000000000e+03 -7.029086134700339786e-03 -3.848137922533865444e-03 6.632135151885214241e-02 0.000000000000000000e+00 5.488746877544937730e-01 -1.996668191164544661e-16 9.929436789453564838e-02 0.000000000000000000e+00
8.192000000000000000e+03 5.784748856110439631e-03 1.617121799808997036e-03 5.905977371539010423e-02 0.000000000000000000e+00 4.599874246169429193e-01 -1.711509727968594547e-16 1.185252539128943683e-01 0.000000000000000000e+00
1.638400000000000000e+04 -3.476193215138752984e-03 1.898346471036025046e-03 4.884097757995223277e-02 0.000000000000000000e+00 3.946809610911317101e-01 -1.462898228382596258e-16 1.283536042796435406e-01 0.000000000000000000e+00
3.276800000000000000e+04 4.035287776674901725e-03 2.010082416521192649e-04 6.337871695955568652e-02 0.000000000000000000e+00 3.248703528749147806e-01 -1.190387112360907236e-16 1.296308249415155378e-01 0.000000000000000000e+00
6.553600000000000000e+04 3.772794801166064194e-02 -3.719462175364455689e-04 5.510962714415864466e-02 0.000000000000000000e+00 2.579581948687456605e-01 -9.719735695283767153e-17 1.254036907234856169e-01 0.000000000000000000e+00
1.310720000000000000e+05 5.903403705056918006e-03 1.052964434373451904e-03 4.628003588032490040e-02 0.000000000000000000e+00 2.117647037136566879e-01 -7.546433808919707245e-17 1.177471060835723754e-01 0.000000000000000000e+00
2.621440000000000000e+05 1.469721304636316395e-02 -3.674065739815474737e-03 4.703617196944188256e-02 0.000000000000000000e+00 1.903330611200647615e-01 -7.087972064413324788e-17 9.524492196206263417e-02 0.000000000000000000e+00
5.242880000000000000e+05 -1.159178330170493668e-02 1.004217780101647299e-02 3.468198062164879608e-02 0.000000000000000000e+00 1.159007845639139500e-01 -4.632450522696287153e-17 9.468183509757566174e-02 0.000000000000000000e+00
1.048576000000000000e+06 1.454234448159442798e-02 8.722736164078309347e-04 4.568853281399893468e-02 0.000000000000000000e+00 9.097196265067505894e-02 -3.480804688469940769e-17 8.774776475444077961e-02 0.000000000000000000e+00
2.097152000000000000e+06 1.880879223110721449e-02 -1.230265075289595916e-02 3.872201463767106083e-02 0.000000000000000000e+00 5.538731412898169337e-02 -2.002339452908211963e-17 8.547239561715190559e-02 0.000000000000000000e+00
4.194304000000000000e+06 -2.306865175000837043e-02 -6.604786776017900624e-03 2.834927960623221874e-02 0.000000000000000000e+00 4.311212646649099922e-02 -1.426698971956082479e-17 6.502779106714759449e-02 0.000000000000000000e+00
8.388608000000000000e+06 -1.998676057999792394e-02 -4.578673145440596316e-03 3.281001062190053164e-02 0.000000000000000000e+00 5.686054400978895335e-02 -2.045049158870740978e-17 7.994386027788030757e-02 0.000000000000000000e+00
1.677721600000000000e+07 1.367440171755595138e-02 4.220063140099571293e-03 3.960854504354541228e-02 0.000000000000000000e+00 4.725516323628181636e-02 -1.916870127311215937e-17 5.846847710387003544e-02 0.000000000000000000e+00
3.355443200000000000e+07 6.547363618594277852e-03 2.184713262906711178e-03 4.427231468644457490e-02 0.000000000000000000e+00 -2.384527387048140587e-02 7.037354308475701657e-18 6.035640147592103572e-02 0.000000000000000000e+00
6.710886400000000000e+07 1.081680442551001542e-02 -4.298850008038435262e-03 3.530843713146781387e-02 0.000000000000000000e+00 5.907419233867381748e-03 -3.089660078966534780e-18 4.674839496610744966e-02 0.000000000000000000e+00
1.342177280000000000e+08 9.863071135775419718e-03 1.283540623864220728e-02 2.977162902340542081e-02 0.000000000000000000e+00 -6.502900738237805955e-02 2.652408682067168386e-17 5.413531715205979061e-02 0.000000000000000000e+00
2.684354560000000000e+08 1.672952238638375846e-02 1.991179909779744114e-02 3.526741260623718344e-02 0.000000000000000000e+00 -1.519577776333671734e-02 7.646206677970315197e-18 7.734393437597263110e-02 0.000000000000000000e+00
5.368709120000000000e+08 1.814348685261002805e-02 -3.870617720510455793e-03 3.536196688380099235e-02 0.000000000000000000e+00 4.150944456120460313e-02 -1.346765467577599551e-17 5.615610413728627792e-02 0.000000000000000000e+00
1.073741824000000000e+09 -7.551353328195348734e-03 -1.143334862466224150e-02 2.919825215533902729e-02 0.000000000000000000e+00 -3.331706582575809372e-02 1.203501542198025328e-17 5.559138150892522362e-02 0.000000000000000000e+00
2.147483648000000000e+09 -1.913123374365908319e-02 2.276962937722414471e-03 2.914967414816256597e-02 0.000000000000000000e+00 1.331947393460178840e-02 -4.101884359733734414e-18 5.008047957959216312e-02 0.000000000000000000e+00
4.294967296000000000e+09 1.513067924671446761e-02 -5.006276464859591400e-03 3.591734064084306510e-02 0.000000000000000000e+00 1.558867915475746838e-02 -3.956120930698127126e-18 5.646226238219529542e-02 0.000000000000000000e+00
8.589934592000000000e+09 -2.745220976781525060e-03 4.338066051624553388e-03 3.135401570800542409e-02 0.000000000000000000e+00 7.923904537874139169e-04 1.522836652885157733e-19 4.418789491479792331e-02 0.000000000000000000e+00
1.717986918400000000e+10 3.130667481160633210e-03 3.013095945930999685e-03 3.365663449563990883e-02 0.000000000000000000e+00 2.293694855418578274e-02 -1.089827133096692897e-17 4.812249246597234686e-02 0.000000000000000000e+00
3.435973836800000000e+10 -5.645462308588518633e-04 1.993686557126508885e-02 3.600362579136838492e-02 0.000000000000000000e+00 -8.884085231989661754e-03 5.835433428818119586e-18 5.071311163615617457e-02 0.000000000000000000e+00
6.871947673600000000e+10 -2.385429606985864370e-02 -6.227464833196231023e-03 3.657406302766976619e-02 0.000000000000000000e+00 1.912533459003274219e-02 -5.650645851557934648e-18 5.830825470408413508e-02 0.000000000000000000e+00
1.374389534720000000e+11 1.486920122578129673e-02 6.874138656645070039e-03 3.616910734933233285e-02 0.000000000000000000e+00 -1.997489712182463559e-02 6.905608335100068708e-18 5.702126992460174182e-02 0.000000000000000000e+00
2.748779069440000000e+11 -6.860947897640123742e-04 9.015069284177876880e-04 3.640409616145926647e-02 0.000000000000000000e+00 1.005643954073832079e-02 -2.872144673174634900e-18 5.307500191429419256e-02 0.000000000000000000e+00
5.497558138880000000e+11 1.196267708510991359e-02 5.435926613518739930e-03 2.921963763582643286e-02 0.000000000000000000e+00 -3.378740487267012631e-03 3.866593064323732316e-18 4.937586147899414302e-02 0.000000000000000000e+00
