
# dim_loc 4
# L 4
# n_dis 100
# JZZ 1.0
# hZ 1.0
# hX 1.0
# alphas [ 0.175+0.30310889j  1.000+0.j          0.175-0.30310889j]
# betas [ 0.1  0.3  0.1]
# lambdas [ 0.1  1.   0.1]
# phi 1.0471975511965976
# lambd 0.3
# gap 0.0245436926062 1.74308697029e-33
# shifted_gap 0.0116718953801 9.48499730548e-05
# shifted_gap_2 0.00050222402332 6.59260065246e-07
# log10_gap -1.78858590473 0.00103354365431
# log10_shifted_gap -2.46468536251 0.552400913008
# log10_shifted_gap_2 -4.73667711609 1.00997766251
# ratio 0.429338340324 0.00131773690669
# time	Re(Z)\Im(Z)	Var(Re(Z))	Var(Im(Z))
1.000000000000000000e+00 9.444957933196609368e-01 -2.063788171780697408e-05 2.406045034976892795e-03 0.000000000000000000e+00 9.926349176781125161e-01 -2.518294800713911593e-16 7.934467167613104663e-05 0.000000000000000000e+00
2.000000000000000000e+00 8.549216214253873014e-01 3.776171052472076638e-04 2.306742561660544630e-02 0.000000000000000000e+00 9.822644900441389604e-01 -1.144226391264453230e-16 8.077553266702828996e-04 0.000000000000000000e+00
4.000000000000000000e+00 7.218148582246916023e-01 2.317186020819488653e-03 1.179373093411697632e-01 0.000000000000000000e+00 9.589094201522034844e-01 -3.558645012132043288e-16 5.845384269319124637e-03 0.000000000000000000e+00
8.000000000000000000e+00 6.195806460582110597e-01 4.348908253206072716e-03 1.796425747310316789e-01 0.000000000000000000e+00 9.175210053175721914e-01 -3.400182055424364162e-16 2.901031146328400534e-02 0.000000000000000000e+00
1.600000000000000000e+01 5.946200407038837454e-01 6.531478852083481314e-03 1.644709012563031758e-01 0.000000000000000000e+00 8.802223590730211544e-01 -3.228684758998165453e-16 5.736706264160797153e-02 0.000000000000000000e+00
3.200000000000000000e+01 5.053024555280574148e-01 4.660288070177660835e-03 1.824827139037803747e-01 0.000000000000000000e+00 8.557312939298172827e-01 -3.147247857878577607e-16 5.828659480740296800e-02 0.000000000000000000e+00
6.400000000000000000e+01 4.004382394996311434e-01 2.538070827265334270e-03 2.157748662959229624e-01 0.000000000000000000e+00 8.339616781950909274e-01 -3.052295490532716726e-16 5.601702279269399343e-02 0.000000000000000000e+00
1.280000000000000000e+02 3.218116329997704472e-01 4.534383636635654796e-04 2.035732181174245148e-01 0.000000000000000000e+00 7.992999731501808647e-01 -2.881998603591309039e-16 7.129240140569242934e-02 0.000000000000000000e+00
2.560000000000000000e+02 2.230387251317542396e-01 -6.467419094275862366e-04 2.278826055771912273e-01 0.000000000000000000e+00 7.802866832466925917e-01 -2.833831301481829952e-16 7.391183845167442756e-02 0.000000000000000000e+00
5.120000000000000000e+02 1.842971467551032527e-01 2.570016617227530858e-03 2.103517763225454529e-01 0.000000000000000000e+00 7.571864743987126722e-01 -2.768151838781530761e-16 7.901501541268088347e-02 0.000000000000000000e+00
1.024000000000000000e+03 1.381508997770854452e-01 7.531490817741367735e-04 2.044101770235547122e-01 0.000000000000000000e+00 7.189308045308882011e-01 -2.597483360461907191e-16 9.173620714969088485e-02 0.000000000000000000e+00
2.048000000000000000e+03 1.230841298885981261e-01 9.746763937943108032e-04 1.635788536535652260e-01 0.000000000000000000e+00 6.410814950338687979e-01 -2.300698119308336950e-16 1.230823604292022588e-01 0.000000000000000000e+00
4.096000000000000000e+03 6.390956741231297589e-02 7.687860861299479140e-03 1.824084747543645302e-01 0.000000000000000000e+00 6.007746274326785096e-01 -2.181556365000725315e-16 1.223368403507028856e-01 0.000000000000000000e+00
8.192000000000000000e+03 1.237213439194456699e-01 -2.066493873708159616e-03 1.307510062597841138e-01 0.000000000000000000e+00 5.359448496001638640e-01 -1.926668102195177445e-16 1.381685702561441520e-01 0.000000000000000000e+00
1.638400000000000000e+04 2.972244720837629098e-02 -1.210836693191739109e-02 1.324757915212211867e-01 0.000000000000000000e+00 4.737747397040540376e-01 -1.704267190417634496e-16 1.383136491212070274e-01 0.000000000000000000e+00
3.276800000000000000e+04 4.293433097075836924e-02 -3.562798863609292283e-05 1.288031216211508179e-01 0.000000000000000000e+00 4.120706296683521175e-01 -1.436162502122083801e-16 1.560017248631009046e-01 0.000000000000000000e+00
6.553600000000000000e+04 1.565116406490137807e-02 -1.220270884244113556e-02 1.110522287637766142e-01 0.000000000000000000e+00 3.510962726314147964e-01 -1.215829472380296051e-16 1.422231265834879299e-01 0.000000000000000000e+00
1.310720000000000000e+05 9.236791614635473432e-04 6.696025882915345416e-03 1.108025897167018020e-01 0.000000000000000000e+00 2.640872707914966866e-01 -9.336031675823582335e-17 1.497858406672759324e-01 0.000000000000000000e+00
2.621440000000000000e+05 1.264699268489281360e-02 1.691460523346144731e-03 8.713850633132839973e-02 0.000000000000000000e+00 2.595468903982108833e-01 -8.807469193964845786e-17 1.539402038031770503e-01 0.000000000000000000e+00
5.242880000000000000e+05 -6.612852112858795539e-02 -4.692452829491212431e-03 8.723138758373778778e-02 0.000000000000000000e+00 1.708765294536959967e-01 -6.012949557892460171e-17 1.581036953884261964e-01 0.000000000000000000e+00
1.048576000000000000e+06 -4.940586126906103964e-03 5.100096173673907864e-03 9.851198708538555504e-02 0.000000000000000000e+00 1.791965800550275323e-01 -6.278542186525430548e-17 1.329060003416399072e-01 0.000000000000000000e+00
2.097152000000000000e+06 5.010703467487061247e-03 -5.955004751464947413e-03 7.218559348739610193e-02 0.000000000000000000e+00 1.182787899187640601e-01 -3.755358487942133166e-17 1.002234012881299541e-01 0.000000000000000000e+00
4.194304000000000000e+06 -2.704018460486147177e-02 -1.288125443575813267e-02 6.117575594420958385e-02 0.000000000000000000e+00 5.513771880542187726e-02 -1.739274419930457525e-17 1.094687191146551108e-01 0.000000000000000000e+00
8.388608000000000000e+06 -2.616979686737423011e-02 -1.439886094280152075e-03 7.707680608916532561e-02 0.000000000000000000e+00 1.130772118304007451e-01 -3.968676062263418914e-17 1.169458100866400813e-01 0.000000000000000000e+00
1.677721600000000000e+07 -3.100127483866579534e-02 -1.609877554279720915e-02 9.063980778122719684e-02 0.000000000000000000e+00 4.492812220866967271e-02 -1.481645444424728591e-17 1.311757524244148154e-01 0.000000000000000000e+00
3.355443200000000000e+07 3.635251804227071157e-03 2.005183260530778600e-03 7.466550387545232981e-02 0.000000000000000000e+00 6.411871327457360770e-02 -2.145180568921474821e-17 1.056018844253073519e-01 0.000000000000000000e+00
6.710886400000000000e+07 -1.463453982667852794e-02 -5.480274940555516540e-03 6.812960738097913194e-02 0.000000000000000000e+00 -8.741618784327924701e-04 2.898301214135427315e-18 1.115128494655415331e-01 0.000000000000000000e+00
1.342177280000000000e+08 5.914084446077561182e-03 3.569915939934925468e-04 8.396895234443876865e-02 0.000000000000000000e+00 1.462939388163585208e-02 8.459634027761108607e-19 9.336449454109757573e-02 0.000000000000000000e+00
2.684354560000000000e+08 2.743203319625150960e-02 3.080353170517787301e-02 9.473122549601109554e-02 0.000000000000000000e+00 2.517811564936335914e-02 -4.097097807443808309e-18 1.144400074256935462e-01 0.000000000000000000e+00
5.368709120000000000e+08 -1.004659511197901478e-02 7.858921929783524093e-03 9.108417493829647216e-02 0.000000000000000000e+00 1.123691857541094137e-02 2.533219940272677103e-19 8.274318495979471333e-02 0.000000000000000000e+00
1.073741824000000000e+09 -5.695109107805569441e-03 1.452008516453890709e-02 7.963337457144246956e-02 0.000000000000000000e+00 1.641852846173562711e-02 9.480462287439619046e-19 9.126208019892637080e-02 0.000000000000000000e+00
2.147483648000000000e+09 -1.552059374706106498e-02 -5.237603316150050113e-03 8.690802638819368486e-02 0.000000000000000000e+00 1.034224393097650692e-02 -2.589971810204716827e-18 9.414046888275250102e-02 0.000000000000000000e+00
4.294967296000000000e+09 -7.564598821213606300e-03 -1.240908377241863730e-02 7.379044241285996619e-02 0.000000000000000000e+00 -3.368377483457484639e-03 6.614485638576275396e-18 8.176845416516442810e-02 0.000000000000000000e+00
8.589934592000000000e+09 -1.323275487090242591e-02 -1.500735410020858415e-03 7.246887830110416984e-02 0.000000000000000000e+00 -9.165815683767569375e-03 5.899976170133444581e-18 8.778774332918518053e-02 0.000000000000000000e+00
1.717986918400000000e+10 -1.613302059042151515e-02 3.488669320843412053e-02 8.465153148942039518e-02 0.000000000000000000e+00 6.274256644008623096e-02 -2.302886406172373268e-17 9.925527194905152395e-02 0.000000000000000000e+00
3.435973836800000000e+10 -1.457815318032810482e-02 2.335076250924114291e-02 8.060735924989703705e-02 0.000000000000000000e+00 2.735743141654514710e-02 -7.900719606399453070e-18 7.634130419794774025e-02 0.000000000000000000e+00
6.871947673600000000e+10 -7.241395223048114997e-03 1.048585094823707578e-03 7.549267143576748884e-02 0.000000000000000000e+00 -3.098119409024578663e-02 9.716087855799181614e-18 1.030379085377360060e-01 0.000000000000000000e+00
1.374389534720000000e+11 -6.510856920350443187e-03 -4.161830356101193715e-03 7.878172531643100329e-02 0.000000000000000000e+00 1.341426558908248579e-02 -2.523475577316833286e-18 9.178565487633867648e-02 0.000000000000000000e+00
2.748779069440000000e+11 4.684545934323493602e-04 -5.094521811186299154e-02 7.320829447207710672e-02 0.000000000000000000e+00 -1.619566194293331496e-04 3.781895916238982801e-18 1.110177582705730026e-01 0.000000000000000000e+00
5.497558138880000000e+11 -2.239894828908594454e-02 2.944745227402931903e-04 7.931139977926239537e-02 0.000000000000000000e+00 -2.082537767995956517e-03 2.780898734535931367e-18 7.269668434579552863e-02 0.000000000000000000e+00
