
# dim_loc 4
# L 5
# n_dis 100
# JZZ 1.0
# hZ 1.0
# hX 1.0
# alphas [ 0.05+0.08660254j  1.00+0.j          0.05-0.08660254j]
# betas [ 0.1  0.8  0.1]
# lambdas [ 0.1  1.   0.1]
# phi 1.0471975511965976
# lambd 0.8
# gap 0.00613592315154 1.08062725473e-34
# shifted_gap 0.0357401702974 0.0016307489285
# shifted_gap_2 9.17751084528e-05 1.9061013777e-08
# log10_gap -2.40178372866 0.000586055795623
# log10_shifted_gap -1.79414703816 0.198787716492
# log10_shifted_gap_2 -5.36346736256 1.04983393357
# ratio 0.418418919276 0.000449812512512
# time	Re(Z)\Im(Z)	Var(Re(Z))	Var(Im(Z))
1.000000000000000000e+00 6.288541694653393410e-01 2.949911976227324572e-05 1.012133072758268221e-01 0.000000000000000000e+00 9.923809738833609950e-01 -2.426737413446800954e-16 9.131789502442128287e-05 0.000000000000000000e+00
2.000000000000000000e+00 5.348365686027116428e-02 3.860549476503564347e-05 4.434263336432988090e-01 0.000000000000000000e+00 9.789499641537174890e-01 -1.287917719059758509e-16 1.022892073388935409e-03 0.000000000000000000e+00
4.000000000000000000e+00 1.036951150765125090e-01 9.046866232609579580e-04 3.433403655989644143e-01 0.000000000000000000e+00 9.509449596986300213e-01 -3.578648384708357607e-16 8.294234291837168302e-03 0.000000000000000000e+00
8.000000000000000000e+00 9.264394924734586922e-02 8.558358299955597971e-04 2.548522762719857004e-01 0.000000000000000000e+00 9.170925410798245192e-01 -3.437168712978278117e-16 3.282015988213980717e-02 0.000000000000000000e+00
1.600000000000000000e+01 3.938323211932798912e-02 2.007421349410139829e-03 2.385047941587477294e-01 0.000000000000000000e+00 8.919164268658313910e-01 -3.361184318812776695e-16 4.360489821099834684e-02 0.000000000000000000e+00
3.200000000000000000e+01 6.321495619312335335e-02 7.570655021818397485e-04 2.057670384575736311e-01 0.000000000000000000e+00 8.642245058571462746e-01 -3.261350214703797022e-16 4.958160264981202603e-02 0.000000000000000000e+00
6.400000000000000000e+01 5.770013445944919411e-02 -2.921315673139011503e-04 1.690695237216767177e-01 0.000000000000000000e+00 8.461060416605840073e-01 -3.165285253551883769e-16 4.772664553291474515e-02 0.000000000000000000e+00
1.280000000000000000e+02 3.969773016986954950e-02 1.616509795198924418e-04 1.280626041487079314e-01 0.000000000000000000e+00 8.144024435742158730e-01 -3.032109777943650956e-16 5.613265586985110439e-02 0.000000000000000000e+00
2.560000000000000000e+02 5.677669281658084127e-02 3.164541567199713945e-04 7.910588366864933219e-02 0.000000000000000000e+00 7.970949820646505701e-01 -3.001939347884632350e-16 5.522322622989384727e-02 0.000000000000000000e+00
5.120000000000000000e+02 1.478134228570726107e-02 6.111735201164153345e-04 5.865670806637182655e-02 0.000000000000000000e+00 7.784907864988512838e-01 -2.934517048710255358e-16 5.789298964309021883e-02 0.000000000000000000e+00
1.024000000000000000e+03 3.954108232567170311e-02 -1.418035240436472597e-03 3.707541388679383432e-02 0.000000000000000000e+00 7.657812129487849839e-01 -2.856844742000552762e-16 5.565410330500212416e-02 0.000000000000000000e+00
2.048000000000000000e+03 1.080352987684998073e-02 -1.266608099971019811e-04 3.591828115873528515e-02 0.000000000000000000e+00 7.454734204685338206e-01 -2.788734778111837347e-16 6.001858374054473699e-02 0.000000000000000000e+00
4.096000000000000000e+03 4.275822444167604042e-02 1.105701698348394598e-05 3.394320840204812645e-02 0.000000000000000000e+00 7.132220907452760938e-01 -2.701969758664363378e-16 6.534046632486392725e-02 0.000000000000000000e+00
8.192000000000000000e+03 1.145799494994902655e-02 -4.433095961858175317e-04 2.701493151682936647e-02 0.000000000000000000e+00 6.659036635500339418e-01 -2.505065748072663196e-16 7.904131908980435717e-02 0.000000000000000000e+00
1.638400000000000000e+04 3.950722221708205875e-03 7.232250430029099641e-05 3.299985723334982607e-02 0.000000000000000000e+00 6.131185314443412526e-01 -2.323083216186674670e-16 8.988032888535707476e-02 0.000000000000000000e+00
3.276800000000000000e+04 2.406765312899830991e-02 1.430435000717573653e-03 2.430439300432700803e-02 0.000000000000000000e+00 5.511185777767995120e-01 -2.094724858076710234e-16 9.963857661590247439e-02 0.000000000000000000e+00
6.553600000000000000e+04 1.123153325449245503e-02 -8.292872164731986909e-04 2.430977216084840437e-02 0.000000000000000000e+00 4.848626791758222643e-01 -1.836093870259507545e-16 9.897687283775478961e-02 0.000000000000000000e+00
1.310720000000000000e+05 2.194053429654443943e-02 -8.114585188611461416e-04 2.717482351649757807e-02 0.000000000000000000e+00 4.040898215203822530e-01 -1.554011196592442511e-16 1.052084931435698228e-01 0.000000000000000000e+00
2.621440000000000000e+05 3.048455943367953808e-02 -2.092448322159095632e-03 2.372234836389740600e-02 0.000000000000000000e+00 3.156291772095118353e-01 -1.213581297946838430e-16 1.068558576254621528e-01 0.000000000000000000e+00
5.242880000000000000e+05 1.184918402101138232e-02 9.898333658665491551e-04 1.627236247451303505e-02 0.000000000000000000e+00 2.677838564749639994e-01 -1.060809267115736543e-16 1.065356532793713396e-01 0.000000000000000000e+00
1.048576000000000000e+06 4.157538751466985870e-04 -4.443894792445160372e-06 2.056564986819561097e-02 0.000000000000000000e+00 2.232397850260361694e-01 -8.661660788561703708e-17 8.664100812135291929e-02 0.000000000000000000e+00
2.097152000000000000e+06 1.134638524525181241e-02 5.987242893538946217e-03 1.574979903883914900e-02 0.000000000000000000e+00 1.602653894079585639e-01 -6.322648467759220117e-17 7.426128510706274388e-02 0.000000000000000000e+00
4.194304000000000000e+06 1.012112728840852162e-02 -3.745042896596197102e-03 2.077156112284382974e-02 0.000000000000000000e+00 1.176274170251201817e-01 -4.604138445277238722e-17 6.305342402971012006e-02 0.000000000000000000e+00
8.388608000000000000e+06 8.865017270400553720e-03 -3.035792168607138932e-03 1.657211798158257296e-02 0.000000000000000000e+00 8.701793096427115626e-02 -3.486943509065335931e-17 4.739032953185124547e-02 0.000000000000000000e+00
1.677721600000000000e+07 6.485262108786422029e-04 -2.185464948909663328e-03 1.659824699712434196e-02 0.000000000000000000e+00 5.680331754227538332e-02 -2.498486647318674612e-17 3.025378260657417620e-02 0.000000000000000000e+00
3.355443200000000000e+07 1.431008671225472359e-02 4.342646782617591746e-03 1.558807020012480116e-02 0.000000000000000000e+00 2.313764127016353783e-02 -1.021928981440888669e-17 2.132100750688982818e-02 0.000000000000000000e+00
6.710886400000000000e+07 2.909005806218699017e-02 1.546629437663627935e-04 2.214613590900063600e-02 0.000000000000000000e+00 3.828212029756583590e-02 -1.563420572563370544e-17 3.858380485891003270e-02 0.000000000000000000e+00
1.342177280000000000e+08 1.404994236876810909e-02 -4.545608205107306600e-04 2.221797210807083950e-02 0.000000000000000000e+00 3.072384613654162086e-02 -1.457859271089597124e-17 3.348053616093529111e-02 0.000000000000000000e+00
2.684354560000000000e+08 1.730885589881432651e-02 -6.879240708866400482e-03 1.915760439926523714e-02 0.000000000000000000e+00 2.638842830915376012e-02 -1.321720418401393067e-17 2.444822315038281887e-02 0.000000000000000000e+00
5.368709120000000000e+08 5.958421057957783524e-04 -3.702395423502477263e-03 1.848795146320363417e-02 0.000000000000000000e+00 9.004015675272748070e-03 -6.474335516342939899e-18 2.901441924799050623e-02 0.000000000000000000e+00
1.073741824000000000e+09 1.711095681004187047e-02 3.663676257802081157e-03 1.416565882689656102e-02 0.000000000000000000e+00 4.654879884457381253e-03 -4.798470617206850260e-18 2.095036025799103252e-02 0.000000000000000000e+00
2.147483648000000000e+09 9.555301104940955650e-03 -7.113645710189468035e-03 1.664144578045795644e-02 0.000000000000000000e+00 5.470331741345053206e-03 -5.630997195796132796e-18 1.488072877529822771e-02 0.000000000000000000e+00
4.294967296000000000e+09 3.031634686832596071e-03 4.458603522326277935e-03 1.619493779333077907e-02 0.000000000000000000e+00 -3.500927813704794028e-02 1.041721653675285466e-17 2.349190823140944254e-02 0.000000000000000000e+00
8.589934592000000000e+09 1.894243062900770672e-02 9.887759013505139152e-03 1.385647956936312576e-02 0.000000000000000000e+00 1.412617920364982703e-02 -7.962230723413144847e-18 2.443680605300187908e-02 0.000000000000000000e+00
1.717986918400000000e+10 2.102166476221719107e-02 9.131341949451783971e-03 1.570785101644584653e-02 0.000000000000000000e+00 -8.395978712466443603e-03 8.104690898026202066e-19 2.437582320357593174e-02 0.000000000000000000e+00
3.435973836800000000e+10 1.776721257991985834e-03 2.807953700496019448e-03 1.523706468438302056e-02 0.000000000000000000e+00 -1.764534580786534385e-02 4.657465889195792696e-18 2.159857178324085109e-02 0.000000000000000000e+00
6.871947673600000000e+10 1.527660700006712793e-02 -1.054075441846640503e-02 1.828868459030349308e-02 0.000000000000000000e+00 1.120271576837797607e-02 -5.927064420386593811e-18 2.467926637813841473e-02 0.000000000000000000e+00
1.374389534720000000e+11 4.205944350516213799e-03 7.124490877599161560e-03 1.539840526199941564e-02 0.000000000000000000e+00 1.850028128699774191e-02 -8.562021777270073451e-18 2.468225783428250678e-02 0.000000000000000000e+00
2.748779069440000000e+11 8.847139176512934869e-03 3.030263857249622036e-03 1.471343457627076814e-02 0.000000000000000000e+00 -6.007255122117593354e-03 1.221565100798852713e-18 1.906620033462060049e-02 0.000000000000000000e+00
5.497558138880000000e+11 6.277332055659307075e-03 3.952345581101221299e-03 1.485614700637517306e-02 0.000000000000000000e+00 1.476309840344706276e-02 -6.629070327640004523e-18 2.270401552996018091e-02 0.000000000000000000e+00
