
# dim_loc 4
# L 3
# n_dis 100
# JZZ 1.0
# hZ 1.0
# hX 1.0
# alphas [ 0.125+0.21650635j  1.000+0.j          0.125-0.21650635j]
# betas [ 0.1  0.5  0.1]
# lambdas [ 0.1  1.   0.1]
# phi 1.0471975511965976
# lambd 0.5
# gap 0.0981747704247 2.34231599836e-32
# shifted_gap 0.0685537812887 0.00319962725716
# shifted_gap_2 0.0020344778992 1.06602563668e-05
# log10_gap -1.17272525153 0.00229375175775
# log10_shifted_gap -1.50773623183 0.238774118887
# log10_shifted_gap_2 -4.04741614046 0.628715674522
# ratio 0.433812894309 0.0050141685083
# time	Re(Z)\Im(Z)	Var(Re(Z))	Var(Im(Z))
1.000000000000000000e+00 8.513782195668037067e-01 -2.767230116816981163e-05 1.708287646232425905e-02 0.000000000000000000e+00 9.924067798286010378e-01 -2.563056729603871206e-16 8.543803021697242894e-05 0.000000000000000000e+00
2.000000000000000000e+00 5.985967894759715024e-01 -1.796686064860109500e-04 1.200517245141415612e-01 0.000000000000000000e+00 9.827125700167536060e-01 -1.088190042929443334e-16 7.419503554799657856e-04 0.000000000000000000e+00
4.000000000000000000e+00 4.086088026045013866e-01 8.369756172026667981e-04 2.362458054417233555e-01 0.000000000000000000e+00 9.597925645291642827e-01 -3.422657511147227931e-16 4.660707379458045758e-03 0.000000000000000000e+00
8.000000000000000000e+00 3.247897327083646979e-01 -8.597850027951054646e-04 2.245275361974552741e-01 0.000000000000000000e+00 9.169960496555814577e-01 -3.295262459550582567e-16 2.141987777732850748e-02 0.000000000000000000e+00
1.600000000000000000e+01 1.992934176762106158e-01 -1.779409203215179085e-03 2.646820467695857881e-01 0.000000000000000000e+00 8.671330152272888059e-01 -3.167465590923960513e-16 4.255477797019125569e-02 0.000000000000000000e+00
3.200000000000000000e+01 1.928321327021109977e-01 7.284596585719146531e-04 1.856534666890862773e-01 0.000000000000000000e+00 8.273438334382244852e-01 -3.019291720066748466e-16 6.234461472109267821e-02 0.000000000000000000e+00
6.400000000000000000e+01 7.859685818370058807e-02 1.377117205845325345e-03 2.184450386701713431e-01 0.000000000000000000e+00 8.043196000048499217e-01 -2.907182814487285401e-16 6.419707380608767611e-02 0.000000000000000000e+00
1.280000000000000000e+02 1.033477826757142060e-01 6.849057717101102866e-04 1.785056783612534448e-01 0.000000000000000000e+00 7.946524395784565487e-01 -2.802492336972099292e-16 6.232722994754603257e-02 0.000000000000000000e+00
2.560000000000000000e+02 7.110587559386774559e-02 1.964321977169265418e-03 1.307100672765076632e-01 0.000000000000000000e+00 7.577793571985304011e-01 -2.674712945997898092e-16 7.646025944240573968e-02 0.000000000000000000e+00
5.120000000000000000e+02 5.943663452433741801e-04 -1.701991423094264188e-03 1.369307928508885774e-01 0.000000000000000000e+00 7.213957239468932192e-01 -2.503891112322076608e-16 8.675636414497320259e-02 0.000000000000000000e+00
1.024000000000000000e+03 1.776038883413807654e-02 -6.615916648403823153e-03 1.385792424804312972e-01 0.000000000000000000e+00 6.549743504070506539e-01 -2.350160555037918089e-16 1.026519924348932716e-01 0.000000000000000000e+00
2.048000000000000000e+03 -2.167121761667295532e-02 8.070268229711739230e-04 1.453747759377834181e-01 0.000000000000000000e+00 5.827520851859520068e-01 -2.067519562948409244e-16 1.226537460719229478e-01 0.000000000000000000e+00
4.096000000000000000e+03 3.145805881273434912e-02 9.974324538139220375e-03 1.086989215803377817e-01 0.000000000000000000e+00 4.798010980468225828e-01 -1.667023807565593364e-16 1.577429214515542188e-01 0.000000000000000000e+00
8.192000000000000000e+03 3.489115718245953263e-02 7.545533504482599893e-03 1.022595503312231369e-01 0.000000000000000000e+00 4.045155030879017399e-01 -1.411588253705288790e-16 1.744387189949274108e-01 0.000000000000000000e+00
1.638400000000000000e+04 -6.960877382884516490e-03 -1.415123199753961017e-02 8.940640225325292845e-02 0.000000000000000000e+00 3.406659320457890994e-01 -1.173166233053383537e-16 1.380247713324831704e-01 0.000000000000000000e+00
3.276800000000000000e+04 -1.336103257170141202e-02 2.133639513604832644e-02 7.916912822574072306e-02 0.000000000000000000e+00 2.756241243797954987e-01 -9.674646156108441660e-17 1.583411249546770594e-01 0.000000000000000000e+00
6.553600000000000000e+04 -3.077788425956935053e-02 3.015289583226317491e-03 7.125281581420321586e-02 0.000000000000000000e+00 2.151623690219269802e-01 -7.088751932322137121e-17 1.126949766824524163e-01 0.000000000000000000e+00
1.310720000000000000e+05 -3.528612026414368330e-02 -8.812834390271048410e-03 8.328598774767130564e-02 0.000000000000000000e+00 1.496178616130579564e-01 -4.909956067618767232e-17 1.356624547388855795e-01 0.000000000000000000e+00
2.621440000000000000e+05 1.791615654758295373e-02 -1.070954888815472961e-02 7.643898354880954149e-02 0.000000000000000000e+00 1.347480303365785337e-01 -4.994027253698097754e-17 1.259452198783035382e-01 0.000000000000000000e+00
5.242880000000000000e+05 2.152073215618346969e-02 -5.930708580092351571e-03 7.479760683701050517e-02 0.000000000000000000e+00 1.389078023369272052e-01 -4.392199165231433410e-17 1.038693685336374850e-01 0.000000000000000000e+00
1.048576000000000000e+06 -1.278099923256055190e-02 -1.679011810301317062e-02 7.269818273119248164e-02 0.000000000000000000e+00 3.161904275945661563e-02 -6.037689187563713255e-18 1.244366421275009266e-01 0.000000000000000000e+00
2.097152000000000000e+06 2.332770491723054271e-02 1.364703046737980553e-03 7.061713283661051610e-02 0.000000000000000000e+00 2.744661837182991657e-02 -6.860757678697109895e-18 1.117791040004711828e-01 0.000000000000000000e+00
4.194304000000000000e+06 -2.214307901861584452e-02 -6.644822632289246016e-03 9.996137240820784919e-02 0.000000000000000000e+00 8.225047514364019347e-03 8.640977488035497546e-18 1.302675239453182365e-01 0.000000000000000000e+00
8.388608000000000000e+06 -6.444599643266015398e-04 -1.289036113978934452e-02 7.855577421062635846e-02 0.000000000000000000e+00 2.849051772446875228e-02 -1.230174079838076530e-18 1.101382184448363166e-01 0.000000000000000000e+00
1.677721600000000000e+07 2.090407644217721558e-02 -1.921224961884928153e-02 7.320760022251153465e-02 0.000000000000000000e+00 2.536508802703482668e-02 -5.657119981576055707e-18 1.043464650962539625e-01 0.000000000000000000e+00
3.355443200000000000e+07 3.907961848254590427e-03 3.737261832951113433e-03 7.423387301553284467e-02 0.000000000000000000e+00 1.543786533087091080e-03 7.799085895789096538e-18 1.122536257640720236e-01 0.000000000000000000e+00
6.710886400000000000e+07 -2.290020505933809680e-02 4.006525193186656272e-03 7.511024654336657946e-02 0.000000000000000000e+00 2.003581186933446265e-02 -1.437417932577453216e-18 9.892126361712125227e-02 0.000000000000000000e+00
1.342177280000000000e+08 1.513838383741556966e-03 1.484428581294102399e-02 8.131998523655424582e-02 0.000000000000000000e+00 -7.513659772902617565e-03 6.960629263002878785e-18 1.206089230035774784e-01 0.000000000000000000e+00
2.684354560000000000e+08 8.249188914336628292e-03 -1.942572584758079854e-02 8.549410383541318492e-02 0.000000000000000000e+00 1.446156362063181870e-02 -5.495414021692373882e-18 1.354927414375270700e-01 0.000000000000000000e+00
5.368709120000000000e+08 2.398615645138006680e-02 1.110074500926128485e-02 6.700001726816436076e-02 0.000000000000000000e+00 4.033194583868175004e-02 -6.057562545913537247e-18 1.064652085964972322e-01 0.000000000000000000e+00
1.073741824000000000e+09 1.966285268604333128e-02 -2.268495093256165870e-02 8.296601701925040984e-02 0.000000000000000000e+00 2.603344577860212603e-02 -3.303912460732936840e-18 1.087019693039991547e-01 0.000000000000000000e+00
2.147483648000000000e+09 -1.603146037474130134e-02 -1.739545422110365391e-02 7.362325797411869988e-02 0.000000000000000000e+00 -9.261495063307618493e-04 7.876530302827664130e-19 9.452203857289703803e-02 0.000000000000000000e+00
4.294967296000000000e+09 1.522880902495482927e-02 -4.460763683029964587e-03 7.867683196564752290e-02 0.000000000000000000e+00 5.075596070075271901e-03 2.229716881391976801e-18 9.854989881682660324e-02 0.000000000000000000e+00
8.589934592000000000e+09 8.404592614356028515e-03 1.125674562215965742e-02 8.096710107056338812e-02 0.000000000000000000e+00 2.624298360334098926e-02 -3.864193834996752101e-18 1.129233239452471366e-01 0.000000000000000000e+00
1.717986918400000000e+10 4.114709581558179466e-03 1.790366223708263118e-03 7.874514721156153363e-02 0.000000000000000000e+00 -1.186527298187803895e-04 8.431381421017099186e-19 1.041880549449488158e-01 0.000000000000000000e+00
3.435973836800000000e+10 4.375662222283367708e-02 -3.557417333307516527e-02 6.468718172204866723e-02 0.000000000000000000e+00 3.259073676547147302e-02 -9.942717770621741257e-18 9.451904431817047259e-02 0.000000000000000000e+00
6.871947673600000000e+10 1.100925854909226738e-03 8.435206020703397978e-03 6.850234948946280766e-02 0.000000000000000000e+00 -2.600266612779987899e-02 9.953016515801409092e-18 9.373561337873723143e-02 0.000000000000000000e+00
1.374389534720000000e+11 -5.795237632603329921e-03 -9.495875157627849117e-03 6.404571685743166987e-02 0.000000000000000000e+00 2.238539616569276344e-02 -4.619863674554336752e-18 9.435047012048128345e-02 0.000000000000000000e+00
2.748779069440000000e+11 -1.569459332558239412e-02 4.212740656510044479e-02 8.959101654341433685e-02 0.000000000000000000e+00 1.969828571639989021e-02 3.984479613363750054e-18 1.006098378020678225e-01 0.000000000000000000e+00
5.497558138880000000e+11 8.762944838288121152e-03 1.362974059158526038e-03 8.759233781000523578e-02 0.000000000000000000e+00 -6.245312286318312200e-02 2.861006618798512197e-17 1.033957569922161618e-01 0.000000000000000000e+00
