
# dim_loc 4
# L 6
# n_dis 100
# JZZ 1.0
# hZ 1.0
# hX 1.0
# alphas [ 0.05+0.08660254j  1.00+0.j          0.05-0.08660254j]
# betas [ 0.1  0.8  0.1]
# lambdas [ 0.1  1.   0.1]
# phi 1.0471975511965976
# lambd 0.8
# gap 0.00153398078789 6.73511243247e-36
# shifted_gap 0.0157954317037 0.000340967784872
# shifted_gap_2 3.55643972318e-05 5.0932555165e-09
# log10_gap -3.00869191054 0.000513619653142
# log10_shifted_gap -2.16213264862 0.17587466736
# log10_shifted_gap_2 -5.80886341425 0.97197035281
# ratio 0.419068398588 0.000330629084196
# time	Re(Z)\Im(Z)	Var(Re(Z))	Var(Im(Z))
1.000000000000000000e+00 6.389354991805882289e-01 2.631036717589631645e-05 9.280905825838081658e-02 0.000000000000000000e+00 9.926913471227566399e-01 -2.514908947635096146e-16 7.996307492127029853e-05 0.000000000000000000e+00
2.000000000000000000e+00 6.080952894739075770e-02 5.220914970052106406e-05 4.247729933403644464e-01 0.000000000000000000e+00 9.809684113714211007e-01 -1.254332552858180170e-16 8.919211915153359800e-04 0.000000000000000000e+00
4.000000000000000000e+00 8.246009602135259686e-02 -1.901888248595270457e-05 3.450446823988295164e-01 0.000000000000000000e+00 9.537101521739513865e-01 -3.553823863862529258e-16 8.164186611077938610e-03 0.000000000000000000e+00
8.000000000000000000e+00 9.731339687813776729e-02 -2.090310015946810884e-03 2.616227705342768495e-01 0.000000000000000000e+00 9.142478814308868662e-01 -3.449894151651288689e-16 3.483179196513104536e-02 0.000000000000000000e+00
1.600000000000000000e+01 3.726872615860289673e-02 3.348981495251890286e-04 2.320452097222666654e-01 0.000000000000000000e+00 8.944679859927633370e-01 -3.302582341712103957e-16 3.981934882237525564e-02 0.000000000000000000e+00
3.200000000000000000e+01 3.269842946203430772e-02 3.488131586585385951e-03 1.884512828914894633e-01 0.000000000000000000e+00 8.673364986452721803e-01 -3.259426768422707905e-16 5.345270764647006012e-02 0.000000000000000000e+00
6.400000000000000000e+01 -7.802762408337655768e-03 -1.363422738976257558e-03 1.758111147755948012e-01 0.000000000000000000e+00 8.396073406175696974e-01 -3.128641386450500575e-16 5.882145665119616063e-02 0.000000000000000000e+00
1.280000000000000000e+02 2.076649551724604401e-02 -1.185812558367143167e-03 1.466277196769723012e-01 0.000000000000000000e+00 8.205604548511388208e-01 -3.049090024694475066e-16 5.505496974033426139e-02 0.000000000000000000e+00
2.560000000000000000e+02 4.035529874533633904e-02 9.363833726488006480e-04 9.536022105569763596e-02 0.000000000000000000e+00 7.984509670553127103e-01 -2.981246210747773844e-16 5.671759388622504838e-02 0.000000000000000000e+00
5.120000000000000000e+02 1.769270582964271865e-02 -5.950861218689943349e-05 6.716615879841171532e-02 0.000000000000000000e+00 7.783342863259541389e-01 -2.876938790140067367e-16 5.442237955437149305e-02 0.000000000000000000e+00
1.024000000000000000e+03 2.537307763501452096e-02 3.528836816590945292e-04 4.218917804524029147e-02 0.000000000000000000e+00 7.527716562596998839e-01 -2.800477681827273544e-16 5.817168008965563353e-02 0.000000000000000000e+00
2.048000000000000000e+03 2.554051581882357119e-02 7.213553522872353206e-04 2.743205939256831982e-02 0.000000000000000000e+00 7.315083373820490120e-01 -2.727889554653854658e-16 6.220301662904012541e-02 0.000000000000000000e+00
4.096000000000000000e+03 1.973036583080736359e-02 2.320081006271799203e-04 2.075280713620459086e-02 0.000000000000000000e+00 7.119151002116822502e-01 -2.638333679424291132e-16 6.364153524131467565e-02 0.000000000000000000e+00
8.192000000000000000e+03 2.309484380087808639e-02 2.114894404125524361e-04 1.627573803217062867e-02 0.000000000000000000e+00 6.900090124911848477e-01 -2.573859537460618252e-16 6.830695501144375126e-02 0.000000000000000000e+00
1.638400000000000000e+04 2.411185112313514109e-02 2.481398153260809861e-04 1.428936671013328677e-02 0.000000000000000000e+00 6.613792390258417253e-01 -2.469873174044435390e-16 7.328631031577152732e-02 0.000000000000000000e+00
3.276800000000000000e+04 1.750826120569866015e-02 1.848084658760317184e-04 1.285609375012234518e-02 0.000000000000000000e+00 6.228907763639646156e-01 -2.320826230145357951e-16 8.332522238244340074e-02 0.000000000000000000e+00
6.553600000000000000e+04 2.601143622558876531e-02 5.433455255528149000e-05 1.371514757149224807e-02 0.000000000000000000e+00 5.680393997472635848e-01 -2.129708662064530334e-16 9.463882811863556788e-02 0.000000000000000000e+00
1.310720000000000000e+05 8.911523214066758430e-03 6.689167062763721073e-05 1.191318659677784338e-02 0.000000000000000000e+00 5.144675423706220885e-01 -1.918514643897217805e-16 1.004200495699877349e-01 0.000000000000000000e+00
2.621440000000000000e+05 6.852448194143084120e-03 1.655875052242368212e-03 1.161005144264394724e-02 0.000000000000000000e+00 4.516515048492174556e-01 -1.693322406991897780e-16 1.049279879888145861e-01 0.000000000000000000e+00
5.242880000000000000e+05 1.177979971314543732e-02 -1.193221525097495602e-03 1.131642881771597643e-02 0.000000000000000000e+00 3.751013350783355960e-01 -1.407305308870023255e-16 1.000176379534463977e-01 0.000000000000000000e+00
1.048576000000000000e+06 8.802174106341683138e-03 -2.122339375307678595e-03 9.432913848640089860e-03 0.000000000000000000e+00 2.913808679947713087e-01 -1.092917127299569566e-16 1.009587546137169778e-01 0.000000000000000000e+00
2.097152000000000000e+06 1.177210178798847665e-02 1.732031866193416451e-03 1.149013664264436629e-02 0.000000000000000000e+00 2.320284076893289471e-01 -8.747994475332772212e-17 8.136842255431377124e-02 0.000000000000000000e+00
4.194304000000000000e+06 1.231132353135876677e-02 -8.028833802464496738e-04 8.866175735930771629e-03 0.000000000000000000e+00 1.754795731408402004e-01 -6.649699214622920841e-17 6.645456296464834212e-02 0.000000000000000000e+00
8.388608000000000000e+06 8.783415466453354387e-03 -5.191662525791371262e-04 9.064633361439247347e-03 0.000000000000000000e+00 1.316590910670031866e-01 -4.942631597237031486e-17 5.827668142752401303e-02 0.000000000000000000e+00
1.677721600000000000e+07 9.691511567905146396e-03 2.551192319208323597e-04 7.762019198551888682e-03 0.000000000000000000e+00 8.597464388285301629e-02 -3.340361131018894178e-17 4.565682243031397858e-02 0.000000000000000000e+00
3.355443200000000000e+07 8.864475919775075680e-03 -4.452847480773233085e-03 7.477494706004243243e-03 0.000000000000000000e+00 6.604706170224500239e-02 -2.550270477026429541e-17 3.374404939230650491e-02 0.000000000000000000e+00
6.710886400000000000e+07 1.337826128809936795e-02 -2.091140348939474116e-03 7.911654636365323887e-03 0.000000000000000000e+00 5.328118954134501706e-02 -1.952242549173440720e-17 2.504858161103214187e-02 0.000000000000000000e+00
1.342177280000000000e+08 1.509450847734569376e-02 -2.257699530822945225e-03 7.910429418380545558e-03 0.000000000000000000e+00 3.287305835039279478e-02 -1.262923320863019754e-17 1.716146551676819496e-02 0.000000000000000000e+00
2.684354560000000000e+08 1.095594401557529324e-02 6.278586160831786320e-04 8.778036858639797629e-03 0.000000000000000000e+00 2.172993179796707530e-02 -7.863302119512622207e-18 2.159185122357973677e-02 0.000000000000000000e+00
5.368709120000000000e+08 9.997198271870373978e-03 -6.176017812883232740e-03 6.982295027113420358e-03 0.000000000000000000e+00 5.763293457980388917e-03 -1.301924904414392323e-18 1.492748519954595517e-02 0.000000000000000000e+00
1.073741824000000000e+09 1.055664321622235349e-02 -2.690401277044556817e-03 7.053144844549039116e-03 0.000000000000000000e+00 1.154845847962244175e-02 -3.367829133342415287e-18 1.182953958317312267e-02 0.000000000000000000e+00
2.147483648000000000e+09 1.243291279821983307e-02 2.014738682264421304e-04 8.720265876904609303e-03 0.000000000000000000e+00 2.180305205543632205e-02 -6.739793690030985537e-18 9.078344030778501619e-03 0.000000000000000000e+00
4.294967296000000000e+09 1.289151405995795155e-02 3.318202879784311072e-03 7.654190090867666642e-03 0.000000000000000000e+00 -1.138049447205974861e-03 2.478611300726298765e-18 8.968530029204072052e-03 0.000000000000000000e+00
8.589934592000000000e+09 1.161387648794478568e-02 -6.559678188664566601e-04 7.976256457265233635e-03 0.000000000000000000e+00 -4.469005723866989639e-03 4.010717429107475255e-18 9.562481035259818782e-03 0.000000000000000000e+00
1.717986918400000000e+10 6.088111343294517162e-03 -3.266654885887236310e-03 7.593543475957577511e-03 0.000000000000000000e+00 -5.866274418706694414e-04 1.772036353014858381e-18 1.005859655882247912e-02 0.000000000000000000e+00
3.435973836800000000e+10 7.622218601081676669e-03 3.102698131819668116e-03 7.513220679649612772e-03 0.000000000000000000e+00 1.165140583417321150e-02 -1.850563991065373183e-18 9.396771969238200059e-03 0.000000000000000000e+00
6.871947673600000000e+10 1.129501921766467611e-02 -1.661178877045863206e-04 8.084942423528770558e-03 0.000000000000000000e+00 7.067826590046867412e-03 -3.135529085595303499e-19 1.139615706366033793e-02 0.000000000000000000e+00
1.374389534720000000e+11 1.229717631117820641e-02 -2.505356484437658857e-04 6.916427900483494359e-03 0.000000000000000000e+00 -4.669314931336074163e-03 4.770565686800534175e-18 9.035723223932442746e-03 0.000000000000000000e+00
2.748779069440000000e+11 6.131880122881527145e-03 5.319221372364278146e-03 8.260668406097487759e-03 0.000000000000000000e+00 -1.794024174122444727e-03 1.887001628369689681e-18 9.181621433213252650e-03 0.000000000000000000e+00
5.497558138880000000e+11 8.187933917855485730e-03 -1.176849679346381660e-03 6.419259554656704322e-03 0.000000000000000000e+00 -1.993382004201961835e-02 9.043338154625011408e-18 7.478129358139251788e-03 0.000000000000000000e+00
