
# L 2
# dim_loc 4
# n_dis 100
# lambd 0.2
# JZZ 1.0
# phi 1.0471975511965976
# betas [ 0.   0.2  0. ]
# hZ 1.0
# hX 1.0
# alphas [ 0.25+0.4330127j  1.00+0.j         0.25-0.4330127j]
# lambdas [0 1 0]
# gap 0.392699081699 4.42748183055e-31
# shifted_gap 0.0393005058295 0.00104754458196
# log10_gap -0.564519552676 0.0131307358786
# log10_shifted_gap -1.72879114906 0.336368512803
# ratio 0.428429556689 0.0310142377775
# time	Re(Z)\Im(Z)	Var(Re(Z))	Var(Im(Z))
1.000000000000000000e+00 9.787523333940431058e-01 -3.154752983014847104e-16 3.811188816215084962e-04 0.000000000000000000e+00
2.000000000000000000e+00 9.481878316901920511e-01 -2.425112013475591193e-16 3.817269464848544076e-03 0.000000000000000000e+00
4.000000000000000000e+00 8.890158055291358385e-01 -3.543001328695446858e-16 3.450601067445165787e-02 0.000000000000000000e+00
8.000000000000000000e+00 7.750961184923182978e-01 -3.079028241710545262e-16 1.563157230322492763e-01 0.000000000000000000e+00
1.600000000000000000e+01 6.647544519213270942e-01 -2.684554238102879684e-16 2.053288744087558848e-01 0.000000000000000000e+00
3.200000000000000000e+01 4.128221233679227331e-01 -1.701638790313626541e-16 3.270720878058707148e-01 0.000000000000000000e+00
6.400000000000000000e+01 1.216362821398099953e-01 -5.233353131762132032e-17 5.206270827513069799e-01 0.000000000000000000e+00
1.280000000000000000e+02 1.769334966320189328e-01 -9.103630046224856262e-17 4.606657560702313026e-01 0.000000000000000000e+00
2.560000000000000000e+02 6.150465037323125939e-02 -3.802762251685832883e-17 4.076967076475366270e-01 0.000000000000000000e+00
5.120000000000000000e+02 -7.180430821103221672e-02 1.837481313275601514e-17 4.861386284227775523e-01 0.000000000000000000e+00
1.024000000000000000e+03 7.380646314882402526e-02 -4.057409498929315590e-17 4.260554829294733170e-01 0.000000000000000000e+00
2.048000000000000000e+03 -2.682798695233364755e-02 -6.394343836603423311e-18 4.406709365820873914e-01 0.000000000000000000e+00
4.096000000000000000e+03 -2.561640705082284322e-02 5.742751740942177406e-18 4.835147733311671026e-01 0.000000000000000000e+00
8.192000000000000000e+03 4.768752774798498684e-02 -2.642492584414845943e-17 4.482414543891403702e-01 0.000000000000000000e+00
1.638400000000000000e+04 3.101358699846454466e-03 -1.036571568098266404e-17 3.896414648785597179e-01 0.000000000000000000e+00
3.276800000000000000e+04 -7.822458216680214238e-02 1.521514319598425877e-17 4.691406169530156767e-01 0.000000000000000000e+00
6.553600000000000000e+04 3.443522999979555660e-02 -2.748010779365333104e-17 4.607811735255454288e-01 0.000000000000000000e+00
1.310720000000000000e+05 1.146374810664436278e-02 -6.595120801244545710e-19 4.720968127889198507e-01 0.000000000000000000e+00
2.621440000000000000e+05 4.574494171214883026e-02 -3.818987509370787668e-17 3.975056477202412730e-01 0.000000000000000000e+00
5.242880000000000000e+05 -8.002726464342758972e-02 2.825621434193479619e-17 4.757568182006335911e-01 0.000000000000000000e+00
1.048576000000000000e+06 7.057775997234619347e-02 -4.014420958155662516e-17 4.518124834169616744e-01 0.000000000000000000e+00
2.097152000000000000e+06 4.259823969109836905e-02 -2.864341884571171339e-17 4.416973295647588227e-01 0.000000000000000000e+00
4.194304000000000000e+06 -2.970804460961596130e-02 -1.221117374111848921e-18 3.868568603633595337e-01 0.000000000000000000e+00
8.388608000000000000e+06 -1.315435295500698987e-01 3.548194870422756586e-17 3.818301359983508614e-01 0.000000000000000000e+00
1.677721600000000000e+07 -1.327553776681359154e-01 3.023303977735859860e-17 4.240590639045817567e-01 0.000000000000000000e+00
3.355443200000000000e+07 -5.174948344644780991e-03 -1.402108606300737202e-17 4.629397554067918308e-01 0.000000000000000000e+00
6.710886400000000000e+07 2.778596460340715738e-02 3.411384363137234376e-16 4.318934148494825154e-01 0.000000000000000000e+00
1.342177280000000000e+08 -3.145803261030661463e-02 -1.533316985353560344e-16 4.697992281853458074e-01 0.000000000000000000e+00
2.684354560000000000e+08 2.719191276490470419e-02 -4.063178587661898462e-15 4.472250700174677518e-01 0.000000000000000000e+00
5.368709120000000000e+08 2.490738549406742303e-02 1.440393264214416739e-14 4.828566845836007038e-01 0.000000000000000000e+00
1.073741824000000000e+09 8.251231657172929113e-02 -5.812064483575962494e-15 4.191001157760654849e-01 0.000000000000000000e+00
2.147483648000000000e+09 -2.192441297649582593e-02 2.053789576924319457e-13 4.861217337646939196e-01 0.000000000000000000e+00
4.294967296000000000e+09 7.457962983622178077e-02 1.112156842058845008e-14 4.265523494423846262e-01 0.000000000000000000e+00
8.589934592000000000e+09 -3.026380140100204050e-02 -5.812330103583489989e-12 4.004127378561590511e-01 0.000000000000000000e+00
1.717986918400000000e+10 -9.588070472141414780e-02 -9.607484901376740524e-12 4.455049048516077637e-01 0.000000000000000000e+00
3.435973836800000000e+10 2.530653283582541199e-02 -2.004831499563469112e-11 4.589911522316543757e-01 0.000000000000000000e+00
6.871947673600000000e+10 3.227159850130101315e-02 -3.694228415392488456e-10 4.324502280234970852e-01 0.000000000000000000e+00
1.374389534720000000e+11 -1.790733246118129951e-02 -4.897754523500608956e-10 4.789143460263328711e-01 0.000000000000000000e+00
2.748779069440000000e+11 1.204461325408270195e-01 8.124902877983933520e-10 4.159996195786521134e-01 0.000000000000000000e+00
5.497558138880000000e+11 -6.815711207879067424e-02 5.789708008298887647e-09 4.383850908289186332e-01 0.000000000000000000e+00
