
# dim_loc 4
# L 2
# n_dis 100
# JZZ 1.0
# hZ 1.0
# hX 1.0
# alphas [ 0.025+0.04330127j  1.000+0.j          0.025-0.04330127j]
# betas [ 0.1  0.9  0.1]
# lambdas [ 0.1  1.   0.1]
# phi 1.0471975511965976
# lambd 0.9
# gap 0.392699081699 4.44104037736e-31
# shifted_gap 0.290020876875 0.0598499609551
# shifted_gap_2 0.00199446985724 3.89768652022e-06
# log10_gap -0.607838966089 0.01664637135
# log10_shifted_gap -0.775911952664 0.274244041265
# log10_shifted_gap_2 -4.26684955716 0.659440017846
# ratio 0.348154118781 0.0220466561185
# time	Re(Z)\Im(Z)	Var(Re(Z))	Var(Im(Z))
1.000000000000000000e+00 5.672558464317207783e-01 2.473393277222347983e-05 1.561283588083545171e-01 0.000000000000000000e+00 9.968987405747198327e-01 -2.453789334756758391e-16 2.185624838920937992e-05 0.000000000000000000e+00
2.000000000000000000e+00 -2.849819069030483376e-02 1.587729726695698168e-05 5.407596129570914067e-01 0.000000000000000000e+00 9.966062371538813025e-01 -1.285460163456837157e-16 1.853102175850723346e-05 0.000000000000000000e+00
4.000000000000000000e+00 1.235541797297550343e-01 1.607261987011828597e-05 4.661806057756729404e-01 0.000000000000000000e+00 9.953198031047665317e-01 -3.581241420583037462e-16 8.552340485515942138e-05 0.000000000000000000e+00
8.000000000000000000e+00 2.441752865757732330e-02 3.324188078769297564e-04 3.998726065793345996e-01 0.000000000000000000e+00 9.899926239181333631e-01 -3.557210379168499785e-16 8.387653131165695615e-04 0.000000000000000000e+00
1.600000000000000000e+01 -5.423580787020248345e-02 3.406337401153508582e-04 4.025674048409622618e-01 0.000000000000000000e+00 9.829833738900518592e-01 -3.525901759479671924e-16 2.973043056375209922e-03 0.000000000000000000e+00
3.200000000000000000e+01 3.922170698349685541e-02 -2.365254837360936026e-03 4.256721884411902024e-01 0.000000000000000000e+00 9.671325707249921466e-01 -3.448882590807147857e-16 8.012087014538239738e-03 0.000000000000000000e+00
6.400000000000000000e+01 1.109658188386811600e-01 -3.530191928300444016e-04 3.919415997669984941e-01 0.000000000000000000e+00 9.362526377033059122e-01 -3.442014455751698635e-16 2.283503981313779463e-02 0.000000000000000000e+00
1.280000000000000000e+02 5.206256657969381141e-02 -3.228993773340932405e-03 3.581838975899181987e-01 0.000000000000000000e+00 8.848455036636417859e-01 -3.173557713896387496e-16 2.494372959574917697e-02 0.000000000000000000e+00
2.560000000000000000e+02 1.220589135022774260e-02 -1.765597953456648529e-03 3.126674532935174167e-01 0.000000000000000000e+00 7.775223760609870638e-01 -2.776821962444623018e-16 6.610745098387461882e-02 0.000000000000000000e+00
5.120000000000000000e+02 5.366763423860271970e-02 -1.746657170973458140e-04 2.278811180727947638e-01 0.000000000000000000e+00 7.061925842696454847e-01 -2.520313911552617211e-16 6.208115549770943514e-02 0.000000000000000000e+00
1.024000000000000000e+03 2.026399299357579606e-02 6.507226995716569595e-04 1.736293919902744398e-01 0.000000000000000000e+00 6.781049758208028688e-01 -2.420409221395830761e-16 6.147859744993689618e-02 0.000000000000000000e+00
2.048000000000000000e+03 7.247522448613230930e-03 1.808097835295659509e-03 1.679764736374925183e-01 0.000000000000000000e+00 6.436148303912092583e-01 -2.295151609952414764e-16 8.629641827293514644e-02 0.000000000000000000e+00
4.096000000000000000e+03 2.898923042787674570e-02 8.101707769208549379e-04 2.123765550293391646e-01 0.000000000000000000e+00 6.306407456202783868e-01 -2.309330818720758156e-16 9.017229065057169590e-02 0.000000000000000000e+00
8.192000000000000000e+03 7.035820002939127682e-02 -1.203702673724373756e-02 1.576657506916343821e-01 0.000000000000000000e+00 5.327783966213242017e-01 -1.925618913046511957e-16 1.186063359827278230e-01 0.000000000000000000e+00
1.638400000000000000e+04 2.082333545517887213e-02 -9.677746135517091564e-03 1.635625897440724785e-01 0.000000000000000000e+00 5.124242286188709361e-01 -1.808101921439060559e-16 1.236628136167492176e-01 0.000000000000000000e+00
3.276800000000000000e+04 4.957015985390847423e-02 1.840736502521419723e-02 1.416421153496703056e-01 0.000000000000000000e+00 3.951853535466696155e-01 -1.341028906281184628e-16 1.830536217157191781e-01 0.000000000000000000e+00
6.553600000000000000e+04 2.241662435870733425e-02 -3.573362641177390414e-02 1.383715370542455692e-01 0.000000000000000000e+00 3.250724274921616974e-01 -1.127727962022663922e-16 1.688721432723330196e-01 0.000000000000000000e+00
1.310720000000000000e+05 4.260707625900370110e-02 -1.622773736986215729e-02 1.378238333426739237e-01 0.000000000000000000e+00 2.983457098335384750e-01 -1.054417755491962423e-16 1.543199927673739591e-01 0.000000000000000000e+00
2.621440000000000000e+05 6.297908440250259143e-02 1.823739586644643456e-03 1.191809768675579501e-01 0.000000000000000000e+00 2.274357869095477991e-01 -7.743180023904986788e-17 1.700418044056089817e-01 0.000000000000000000e+00
5.242880000000000000e+05 4.657379795373534082e-02 -2.072521723366723204e-02 1.255468365682146370e-01 0.000000000000000000e+00 1.142863881240388652e-01 -3.493822595574257428e-17 1.368541063054511675e-01 0.000000000000000000e+00
1.048576000000000000e+06 8.643468882670965470e-03 1.533191207060858978e-02 1.227726988685738790e-01 0.000000000000000000e+00 1.542354444633632117e-02 -5.520413170067569838e-18 1.381604259012410296e-01 0.000000000000000000e+00
2.097152000000000000e+06 1.531653784346825517e-02 -5.706277157820362732e-03 1.044368475899832283e-01 0.000000000000000000e+00 1.760870892633625839e-02 -5.201147327837778783e-18 1.255110314526009796e-01 0.000000000000000000e+00
4.194304000000000000e+06 3.519360964465235997e-02 2.458829760538703679e-03 1.310500723664351774e-01 0.000000000000000000e+00 3.595518562208033925e-02 -1.301396348256443021e-17 1.503111509833842396e-01 0.000000000000000000e+00
8.388608000000000000e+06 4.218432519973833866e-02 -2.140958500735152224e-03 1.357853684706967212e-01 0.000000000000000000e+00 2.875500214953158676e-02 -6.331600353058976274e-18 1.477516503801543368e-01 0.000000000000000000e+00
1.677721600000000000e+07 4.108294313276301957e-02 1.214178683183709910e-02 1.205950849968945165e-01 0.000000000000000000e+00 6.599557685348476574e-03 -3.414624109701778281e-18 1.829749618048174820e-01 0.000000000000000000e+00
3.355443200000000000e+07 1.692675823588820662e-03 1.074037544310746210e-02 1.465629137662714798e-01 0.000000000000000000e+00 7.776669959569040835e-02 -2.464696249778566022e-17 1.369093671798609357e-01 0.000000000000000000e+00
6.710886400000000000e+07 2.171544034011805777e-02 -1.662970243808165743e-02 1.196000591639424238e-01 0.000000000000000000e+00 -9.123659676974857358e-02 4.257267705316016739e-17 9.266577744501582059e-02 0.000000000000000000e+00
1.342177280000000000e+08 2.446237311404048098e-02 9.112010186265171938e-03 1.127307270175148951e-01 0.000000000000000000e+00 -4.565085973978297990e-02 2.714506190705649036e-17 1.294694685489348185e-01 0.000000000000000000e+00
2.684354560000000000e+08 5.272611407605034411e-02 -2.175817488858091189e-02 1.361767911624664762e-01 0.000000000000000000e+00 -4.029992988240386695e-03 1.073977973282943236e-17 1.516467039196194577e-01 0.000000000000000000e+00
5.368709120000000000e+08 2.301255638576409079e-02 2.780216771393939895e-03 1.261438402215076526e-01 0.000000000000000000e+00 -6.210607300388698571e-02 3.301551016390912389e-17 1.241776867777496934e-01 0.000000000000000000e+00
1.073741824000000000e+09 3.545561320353317336e-02 2.698837876624661253e-03 1.405935959846132122e-01 0.000000000000000000e+00 1.633539645322993478e-02 4.481799621070904058e-18 1.673036872245977913e-01 0.000000000000000000e+00
2.147483648000000000e+09 3.223053446569049824e-02 1.255183447084028125e-02 1.341194304804184390e-01 0.000000000000000000e+00 9.366754273479138346e-03 -4.436579846071531860e-18 1.165037008890161263e-01 0.000000000000000000e+00
4.294967296000000000e+09 1.253982798318062711e-02 1.660951362486563082e-02 1.251058912681769497e-01 0.000000000000000000e+00 -2.349064068966748298e-02 1.344703516818676512e-17 1.559360497775597598e-01 0.000000000000000000e+00
8.589934592000000000e+09 1.725659348550454344e-02 -8.165707548583230405e-03 1.161037028762589990e-01 0.000000000000000000e+00 -4.510501314405115231e-02 2.575306708566442528e-17 1.530030613542304185e-01 0.000000000000000000e+00
1.717986918400000000e+10 2.924950968722074204e-02 1.514055518489903704e-02 1.254566483689383560e-01 0.000000000000000000e+00 -1.334359271957463906e-02 2.643383323997265483e-18 1.313610870247112761e-01 0.000000000000000000e+00
3.435973836800000000e+10 5.620414570562587420e-02 7.446020000264510878e-03 1.397090281256411493e-01 0.000000000000000000e+00 4.857945319717883043e-02 -1.623137375257970138e-17 1.457002472095379475e-01 0.000000000000000000e+00
6.871947673600000000e+10 2.282847542723449169e-02 -1.591923240608834585e-03 1.238297838238729270e-01 0.000000000000000000e+00 5.133163908536331893e-02 -1.970476630384314027e-17 1.327837585590524172e-01 0.000000000000000000e+00
1.374389534720000000e+11 4.478574531090406124e-02 5.363659050628433742e-04 1.347164702262315106e-01 0.000000000000000000e+00 2.543925216468236397e-02 -1.811847272069967233e-18 1.350117836498200552e-01 0.000000000000000000e+00
2.748779069440000000e+11 3.544301167281567640e-03 -7.971277241553362952e-04 1.217693199867392329e-01 0.000000000000000000e+00 -2.478443666350529928e-02 6.209387288782169265e-18 1.177750592356541920e-01 0.000000000000000000e+00
5.497558138880000000e+11 3.422244510102446374e-02 1.838200504088085413e-02 1.422814591418643526e-01 0.000000000000000000e+00 -8.659734303257814181e-02 2.822744837272161620e-17 1.352339609781149643e-01 0.000000000000000000e+00
