
# dim_loc 4
# L 2
# n_dis 100
# JZZ 1.0
# hZ 1.0
# hX 1.0
# alphas [ 0.+0.j  1.+0.j  0.+0.j]
# betas [ 0.1  1.   0.1]
# lambdas [ 0.1  1.   0.1]
# phi 1.0471975511965976
# lambd 1.0
# gap 0.392699081699 4.51037385536e-31
# shifted_gap 0.397549991547 0.0964496292678
# shifted_gap_2 0.00236606764596 4.46565528725e-06
# log10_gap -0.613955159067 0.0216900869742
# log10_shifted_gap -0.61239620847 0.260335374247
# log10_shifted_gap_2 -4.66511635268 1.24366080229
# ratio 0.368870956585 0.0270331438588
# time	Re(Z)\Im(Z)	Var(Re(Z))	Var(Im(Z))
1.000000000000000000e+00 4.465605569560102128e-01 2.317046464396892361e-05 1.937514243574135486e-01 0.000000000000000000e+00 9.965457978888423440e-01 -2.526215326509295237e-16 2.767390809740263405e-05 0.000000000000000000e+00
2.000000000000000000e+00 -2.051773593634876047e-01 -1.503973621724915110e-05 5.004087034385862331e-01 0.000000000000000000e+00 9.962373876262474726e-01 -1.270087206520575845e-16 1.843437340986428495e-05 0.000000000000000000e+00
4.000000000000000000e+00 9.252070865836793667e-02 7.117865473032723418e-05 4.738374942631825570e-01 0.000000000000000000e+00 9.937773725298687522e-01 -3.758541300960468518e-16 1.021216067780587677e-04 0.000000000000000000e+00
8.000000000000000000e+00 -5.381567389518313732e-03 1.273380920115503492e-04 4.548452719442568903e-01 0.000000000000000000e+00 9.894717376040788048e-01 -3.621215489062809110e-16 5.772471413770838928e-04 0.000000000000000000e+00
1.600000000000000000e+01 1.886048940768847784e-02 1.493746567192627073e-03 4.295414113156226232e-01 0.000000000000000000e+00 9.816434859207419095e-01 -3.645879777106454287e-16 2.211799178564003397e-03 0.000000000000000000e+00
3.200000000000000000e+01 9.892784904653323386e-02 9.665752464647262400e-04 4.450670858346786884e-01 0.000000000000000000e+00 9.655767769853530469e-01 -3.589660804871810784e-16 4.138873212721850062e-03 0.000000000000000000e+00
6.400000000000000000e+01 5.839864492714606781e-02 8.064458043754222077e-04 4.246294641475237830e-01 0.000000000000000000e+00 9.249188229491239754e-01 -3.464096190708329961e-16 1.504907669069134243e-02 0.000000000000000000e+00
1.280000000000000000e+02 8.766552943445848900e-02 -8.369827541107664574e-04 3.905240786136283671e-01 0.000000000000000000e+00 8.386266610625783269e-01 -3.085110255669703768e-16 4.105459095678296727e-02 0.000000000000000000e+00
2.560000000000000000e+02 9.940358530355794531e-02 2.610291892423254479e-03 3.071518076963576371e-01 0.000000000000000000e+00 7.444152744481408179e-01 -2.769743269046507690e-16 5.235505413084940579e-02 0.000000000000000000e+00
5.120000000000000000e+02 8.011889734559619891e-02 1.434540349994956618e-03 1.945245808988334824e-01 0.000000000000000000e+00 7.025565012638885776e-01 -2.653900734463685182e-16 5.722615611284569137e-02 0.000000000000000000e+00
1.024000000000000000e+03 2.006916637776558210e-02 1.042465156643554262e-02 2.068163555590474822e-01 0.000000000000000000e+00 6.077098152476962944e-01 -2.261946982590835021e-16 8.797843581565402415e-02 0.000000000000000000e+00
2.048000000000000000e+03 1.226943457857195413e-01 1.464958201440293324e-02 1.439564617595978924e-01 0.000000000000000000e+00 6.623404189555107680e-01 -2.507295164884073459e-16 7.200852557882547744e-02 0.000000000000000000e+00
4.096000000000000000e+03 -4.788618772362874740e-03 -2.313432749726320337e-03 2.163542274837878254e-01 0.000000000000000000e+00 6.001619894384101483e-01 -2.249281535379773375e-16 7.527351830575902680e-02 0.000000000000000000e+00
8.192000000000000000e+03 4.677277602568542109e-02 4.379921043225448556e-03 1.395699228642987288e-01 0.000000000000000000e+00 5.160595769383387044e-01 -1.973509630576281393e-16 1.183743031482252794e-01 0.000000000000000000e+00
1.638400000000000000e+04 1.365236433465294268e-02 4.688191658652984123e-03 1.457637979034804854e-01 0.000000000000000000e+00 5.299913529706272719e-01 -1.895224949120314487e-16 7.143399823572066376e-02 0.000000000000000000e+00
3.276800000000000000e+04 1.172580283681572653e-02 -9.072750046953070857e-03 1.439799125779547273e-01 0.000000000000000000e+00 4.218902354327792592e-01 -1.576429191597486777e-16 1.221080941707127498e-01 0.000000000000000000e+00
6.553600000000000000e+04 3.381308857802149681e-02 5.477544026545576490e-03 1.619107509008433921e-01 0.000000000000000000e+00 3.996161339727556383e-01 -1.410265286817320313e-16 1.501349393545748645e-01 0.000000000000000000e+00
1.310720000000000000e+05 6.450844532326301117e-02 1.582132285696448773e-02 1.319493993420912115e-01 0.000000000000000000e+00 3.668252679254000448e-01 -1.345196306311947099e-16 1.397405522452793147e-01 0.000000000000000000e+00
2.621440000000000000e+05 2.885056600527004245e-02 -1.013003073976402211e-03 1.560865994564321624e-01 0.000000000000000000e+00 3.696025462701644226e-01 -1.425328655837163426e-16 1.042352341897115342e-01 0.000000000000000000e+00
5.242880000000000000e+05 6.852564718678115507e-03 3.241941506056527506e-02 1.327703019399891216e-01 0.000000000000000000e+00 2.343161313846842120e-01 -8.294456860311804481e-17 1.537108192161782683e-01 0.000000000000000000e+00
1.048576000000000000e+06 5.417624019919533435e-02 1.622956372296573829e-02 1.189360151242614821e-01 0.000000000000000000e+00 1.964543359518526877e-01 -7.160230481791195713e-17 1.356924611974891504e-01 0.000000000000000000e+00
2.097152000000000000e+06 2.960743606089217758e-02 -2.777194756160816444e-03 1.318440093895973109e-01 0.000000000000000000e+00 1.536342135642794759e-01 -5.385570972226647802e-17 1.423745017399817847e-01 0.000000000000000000e+00
4.194304000000000000e+06 -6.570738829408334994e-03 2.999476882449560525e-03 1.414199532328531683e-01 0.000000000000000000e+00 1.701744831107993572e-01 -5.972716183675364882e-17 1.341352126887750129e-01 0.000000000000000000e+00
8.388608000000000000e+06 4.840428611232083789e-02 -1.962411896821933833e-03 1.202214348965113394e-01 0.000000000000000000e+00 1.335845048989817707e-01 -5.393019043257138287e-17 1.291243180708013805e-01 0.000000000000000000e+00
1.677721600000000000e+07 1.190850139857881421e-02 7.499850387310526278e-03 1.357279628656670178e-01 0.000000000000000000e+00 9.778685097262755643e-02 -3.979473457770270894e-17 1.463012935021871241e-01 0.000000000000000000e+00
3.355443200000000000e+07 5.893372257912558171e-02 -2.039780570019606581e-02 1.401160547002044954e-01 0.000000000000000000e+00 9.926915617510020939e-02 -3.503424653205847288e-17 1.307402966993108651e-01 0.000000000000000000e+00
6.710886400000000000e+07 5.162464682658465809e-02 2.118019466901134226e-02 1.194794199940271834e-01 0.000000000000000000e+00 2.285363156789589276e-02 -1.210581957908414396e-18 1.434141284007279527e-01 0.000000000000000000e+00
1.342177280000000000e+08 6.586386490309525943e-02 1.995853704356720729e-02 1.319574261562753148e-01 0.000000000000000000e+00 3.267484704503858389e-02 -1.158422450757228347e-17 1.662213795986795528e-01 0.000000000000000000e+00
2.684354560000000000e+08 1.833823174287576782e-02 1.343745262511576548e-02 1.475031426494510800e-01 0.000000000000000000e+00 5.047458747899676024e-02 -9.839557526755791817e-18 1.617846472389553591e-01 0.000000000000000000e+00
5.368709120000000000e+08 5.415625695384190114e-02 -2.973601570922082202e-02 1.303982768042074303e-01 0.000000000000000000e+00 6.912282542499639804e-02 -2.173581196616366483e-17 1.282197822320121638e-01 0.000000000000000000e+00
1.073741824000000000e+09 1.701633621534046417e-02 3.977354501155351378e-03 1.313588406980926437e-01 0.000000000000000000e+00 -2.761152579853485764e-02 1.725171694948544738e-17 1.765328532116577642e-01 0.000000000000000000e+00
2.147483648000000000e+09 3.851143492494029513e-02 1.642177151245563169e-02 1.189127613400325911e-01 0.000000000000000000e+00 2.175390825836804026e-03 -8.887760493910663868e-18 1.370003886528003978e-01 0.000000000000000000e+00
4.294967296000000000e+09 6.356578855132223593e-02 2.028792807776364296e-02 1.249265581916653295e-01 0.000000000000000000e+00 6.748657030958341019e-02 -2.571099332724824155e-17 1.276343345586082867e-01 0.000000000000000000e+00
8.589934592000000000e+09 7.816853559131409918e-03 -7.129500945117217547e-03 1.079820841580289015e-01 0.000000000000000000e+00 2.281209074214935600e-02 -3.917930521451745260e-18 1.182868501713894988e-01 0.000000000000000000e+00
1.717986918400000000e+10 5.028423405984988603e-02 3.773153221347375075e-02 1.139116875902195097e-01 0.000000000000000000e+00 -2.622804727507857883e-02 1.152628308043821044e-17 1.434752769186004862e-01 0.000000000000000000e+00
3.435973836800000000e+10 5.405028420735306927e-02 -1.460260363716148375e-02 1.272770824243298071e-01 0.000000000000000000e+00 2.969157749994132817e-02 -1.246798636597077871e-17 1.568756244861509996e-01 0.000000000000000000e+00
6.871947673600000000e+10 4.456695725233465050e-02 -1.313773452687567837e-02 1.432443144998570839e-01 0.000000000000000000e+00 -4.334319472858021161e-02 1.209114595411702654e-17 1.611742233429475368e-01 0.000000000000000000e+00
1.374389534720000000e+11 1.501109661847950527e-02 1.463479804109442612e-03 1.349200230163279390e-01 0.000000000000000000e+00 7.142175261009400464e-03 5.210063888344616271e-18 1.500844410980523569e-01 0.000000000000000000e+00
2.748779069440000000e+11 5.181095014740352139e-02 2.798551599953019373e-03 1.276894539313767341e-01 0.000000000000000000e+00 1.699745563415382132e-02 -1.394650783579644519e-18 1.192557230857646949e-01 0.000000000000000000e+00
5.497558138880000000e+11 2.564437000237920414e-02 1.956247066636044446e-02 1.309512578885631828e-01 0.000000000000000000e+00 -8.412661466053848389e-03 -2.546399854908708882e-18 1.713000394660519898e-01 0.000000000000000000e+00
