
# dim_loc 4
# L 4
# n_dis 100
# JZZ 1.0
# hZ 1.0
# hX 1.0
# alphas [ 0.15+0.25980762j  1.00+0.j          0.15-0.25980762j]
# betas [ 0.1  0.4  0.1]
# lambdas [ 0.1  1.   0.1]
# phi 1.0471975511965976
# lambd 0.4
# gap 0.0245436926062 1.74055918724e-33
# shifted_gap 0.0158460718411 0.000246170729706
# shifted_gap_2 0.000472308534632 9.47080503853e-07
# log10_gap -1.78719433302 0.000882157200932
# log10_shifted_gap -2.26642437991 0.366689792618
# log10_shifted_gap_2 -4.707420024 0.905534613545
# ratio 0.431023546936 0.00123401605721
# time	Re(Z)\Im(Z)	Var(Re(Z))	Var(Im(Z))
1.000000000000000000e+00 9.107941788853580745e-01 -5.732851205687676272e-05 7.471949776794641063e-03 0.000000000000000000e+00 9.931282689418579057e-01 -2.447619960349714493e-16 7.812533079241106980e-05 0.000000000000000000e+00
2.000000000000000000e+00 7.650022789908546006e-01 -4.125675539181906893e-04 6.328744794702197141e-02 0.000000000000000000e+00 9.827815680622208339e-01 -1.256362054251931676e-16 7.688432559417378125e-04 0.000000000000000000e+00
4.000000000000000000e+00 6.175340902954375988e-01 -8.656793771155817671e-04 1.707901663125981906e-01 0.000000000000000000e+00 9.610672921277956249e-01 -3.643275603763425044e-16 4.876429283761743103e-03 0.000000000000000000e+00
8.000000000000000000e+00 5.427121384301621942e-01 -1.232662976567018261e-03 1.693460619053107630e-01 0.000000000000000000e+00 9.328698322518309549e-01 -3.543712018588690844e-16 1.704071512228984633e-02 0.000000000000000000e+00
1.600000000000000000e+01 4.849492139248341438e-01 -1.333587896317329179e-03 1.717515640357094031e-01 0.000000000000000000e+00 9.032166087860771242e-01 -3.424790791422073576e-16 2.743180046422647247e-02 0.000000000000000000e+00
3.200000000000000000e+01 4.061725021018741666e-01 1.313544038290227148e-03 1.659384161980759220e-01 0.000000000000000000e+00 8.668568455752947433e-01 -3.284781087022541545e-16 4.244857452569306133e-02 0.000000000000000000e+00
6.400000000000000000e+01 2.675327176564541443e-01 -1.192309766294987220e-03 1.942248946381506247e-01 0.000000000000000000e+00 8.310160674643904954e-01 -3.144315847950392187e-16 5.238484453096911575e-02 0.000000000000000000e+00
1.280000000000000000e+02 2.010118365006282604e-01 1.110553937269704141e-03 1.722162398721056031e-01 0.000000000000000000e+00 7.991656759141176902e-01 -3.039393145484935278e-16 6.482395173818547573e-02 0.000000000000000000e+00
2.560000000000000000e+02 1.224672546903474157e-01 2.042424630094721936e-04 1.735975744111276364e-01 0.000000000000000000e+00 7.732370854558265894e-01 -2.932426216159739024e-16 6.620818468052544481e-02 0.000000000000000000e+00
5.120000000000000000e+02 1.267818087619223821e-01 -5.798106678565434447e-04 1.641091506404505629e-01 0.000000000000000000e+00 7.517181369476690911e-01 -2.882418053873263621e-16 7.212020715499271872e-02 0.000000000000000000e+00
1.024000000000000000e+03 1.182630729822540944e-01 7.984615715820719134e-04 1.265158361033718870e-01 0.000000000000000000e+00 7.080548579244539953e-01 -2.687379938522140592e-16 8.180046441826563375e-02 0.000000000000000000e+00
2.048000000000000000e+03 4.635578642417869516e-02 -5.254663958824120707e-04 1.117693314160479040e-01 0.000000000000000000e+00 6.738084382868512190e-01 -2.557935605084244636e-16 9.494211563972268508e-02 0.000000000000000000e+00
4.096000000000000000e+03 -1.338690745238868378e-02 -4.918960382146544442e-03 1.058092131130452529e-01 0.000000000000000000e+00 6.106438769543146572e-01 -2.327093788344456392e-16 1.111199432206198823e-01 0.000000000000000000e+00
8.192000000000000000e+03 -2.498738272953749881e-02 6.183142544005708298e-04 8.577651303010742911e-02 0.000000000000000000e+00 5.259810692560984435e-01 -2.015096469135819140e-16 1.260636543760865480e-01 0.000000000000000000e+00
1.638400000000000000e+04 -7.544602364960581800e-03 5.442301873783943721e-03 8.303342031679239454e-02 0.000000000000000000e+00 4.741280376601790802e-01 -1.786633876120468296e-16 1.330648155050264680e-01 0.000000000000000000e+00
3.276800000000000000e+04 -3.882409583103392254e-03 -5.133238921328409435e-03 7.830305670544963903e-02 0.000000000000000000e+00 3.577561710381408355e-01 -1.400216651035112478e-16 1.417335540395349147e-01 0.000000000000000000e+00
6.553600000000000000e+04 -2.097648272516137828e-03 9.138338719203900617e-03 7.222896978257672962e-02 0.000000000000000000e+00 2.812118079143142713e-01 -1.125516979020260144e-16 1.432832370931474419e-01 0.000000000000000000e+00
1.310720000000000000e+05 2.229466115019380565e-02 -6.720507390369923582e-03 7.427622630047281405e-02 0.000000000000000000e+00 2.635893531369386533e-01 -1.028167923525228832e-16 1.437155842922973048e-01 0.000000000000000000e+00
2.621440000000000000e+05 -9.642687824664472607e-03 -8.489446281902268340e-03 6.183265961881897338e-02 0.000000000000000000e+00 1.718957780440635574e-01 -6.860113241030179539e-17 1.234578327625939775e-01 0.000000000000000000e+00
5.242880000000000000e+05 -2.571928656654432280e-02 2.632206850600095783e-04 7.014820018651946043e-02 0.000000000000000000e+00 1.106338319582698265e-01 -4.416924967932434824e-17 1.088060388531274097e-01 0.000000000000000000e+00
1.048576000000000000e+06 -3.038691398756167023e-03 -2.855738172486570886e-02 6.258460048858537073e-02 0.000000000000000000e+00 7.525010675826986073e-02 -3.341443106387847578e-17 1.010381766397667608e-01 0.000000000000000000e+00
2.097152000000000000e+06 3.066451705270256244e-03 3.869027791036722379e-03 5.534442082523490652e-02 0.000000000000000000e+00 4.824414825258606376e-02 -2.128849331646913891e-17 1.027574930144548454e-01 0.000000000000000000e+00
4.194304000000000000e+06 -3.361999555514449609e-03 4.954916522760972062e-04 5.408818804274597575e-02 0.000000000000000000e+00 9.736873759083629343e-02 -3.818817969428631663e-17 9.926573345568762141e-02 0.000000000000000000e+00
8.388608000000000000e+06 -9.303000960576450484e-03 -1.479065965974733906e-03 6.950347574886800439e-02 0.000000000000000000e+00 1.052562519085291359e-01 -4.376182178138717673e-17 9.283427312522368746e-02 0.000000000000000000e+00
1.677721600000000000e+07 1.130080305801284962e-02 2.798338114261075468e-02 6.135741074208877349e-02 0.000000000000000000e+00 2.427166916755036860e-02 -1.055633898561846100e-17 9.553530209475225021e-02 0.000000000000000000e+00
3.355443200000000000e+07 -2.464202791517935628e-02 7.957216105758431121e-03 6.800578272045119943e-02 0.000000000000000000e+00 2.508112211393911939e-02 -1.361501182853853914e-17 9.488133060666813223e-02 0.000000000000000000e+00
6.710886400000000000e+07 1.966113057584121387e-02 -1.860047937464271014e-03 6.420472655927628169e-02 0.000000000000000000e+00 7.502015612157392210e-02 -3.084022076539635128e-17 6.957677841004036856e-02 0.000000000000000000e+00
1.342177280000000000e+08 3.984782752020005377e-03 3.648166275145998949e-02 6.028147990696330200e-02 0.000000000000000000e+00 -5.260050791944793913e-02 2.147298068751004079e-17 7.223645084709162667e-02 0.000000000000000000e+00
2.684354560000000000e+08 3.027116989210335701e-02 -4.936895404769223519e-03 5.971076496296628955e-02 0.000000000000000000e+00 7.689804837940893492e-03 -5.996565180360650956e-18 8.495551799923378722e-02 0.000000000000000000e+00
5.368709120000000000e+08 -2.826360088869117777e-03 -6.918693478557640629e-03 5.822743012786183586e-02 0.000000000000000000e+00 2.797406600888647024e-02 -1.585554592921579061e-17 8.061285449382070423e-02 0.000000000000000000e+00
1.073741824000000000e+09 -5.702012051512011896e-03 -6.934341310070499774e-03 6.575934653850314116e-02 0.000000000000000000e+00 -3.573895110874014680e-02 1.886835211500893349e-17 7.752891222337561505e-02 0.000000000000000000e+00
2.147483648000000000e+09 -9.514316936139867106e-03 -3.363896920305359250e-02 6.143591049560584438e-02 0.000000000000000000e+00 -1.203296862554498886e-02 1.680520707199046495e-18 7.893572187655252537e-02 0.000000000000000000e+00
4.294967296000000000e+09 2.412194492992994488e-02 8.259945827077532637e-03 4.582895363446264081e-02 0.000000000000000000e+00 9.704810824760896210e-03 -5.311523140237599003e-18 5.915297280642457800e-02 0.000000000000000000e+00
8.589934592000000000e+09 8.699161678252529187e-04 6.018326760651732631e-03 6.684933178062983650e-02 0.000000000000000000e+00 2.027364934891549408e-03 -4.426697465754304122e-18 7.563309195233705595e-02 0.000000000000000000e+00
1.717986918400000000e+10 1.226318688860145688e-02 6.862865661480301201e-03 5.119611853378950445e-02 0.000000000000000000e+00 -2.451991088683985048e-02 3.504210345365270233e-18 6.818419239659202769e-02 0.000000000000000000e+00
3.435973836800000000e+10 7.635065503595967785e-03 -3.459013755722376536e-03 6.424997322412566436e-02 0.000000000000000000e+00 4.633414038492909837e-02 -2.062961095518187456e-17 8.485995616316058254e-02 0.000000000000000000e+00
6.871947673600000000e+10 -1.029894220849561330e-02 2.638993190165941916e-02 5.172709014858097032e-02 0.000000000000000000e+00 9.568730296976217173e-03 -5.676920552829687621e-18 8.957611841076096315e-02 0.000000000000000000e+00
1.374389534720000000e+11 5.188143141430235673e-03 3.425509272242273189e-03 5.488574210296592176e-02 0.000000000000000000e+00 -2.375579567794461463e-04 -1.237075413452663937e-18 7.469831084951274180e-02 0.000000000000000000e+00
2.748779069440000000e+11 -2.352178351293487610e-02 -1.983264261914957638e-02 5.128908679208071114e-02 0.000000000000000000e+00 1.293598118286457509e-02 -6.923942365424493286e-18 6.374654641729730897e-02 0.000000000000000000e+00
5.497558138880000000e+11 -2.859483514262588580e-03 -1.141851009039508442e-03 6.345916176875179837e-02 0.000000000000000000e+00 -2.192764944769060725e-02 7.650279397474741844e-18 7.494090592894132874e-02 0.000000000000000000e+00
