
# n_dis 100
# dim_loc 4
# L 4
# betas [0.1  0.99 0.1 ]
# lambdas [0.1 1.  0.1]
# alphas [0.0025+0.00433013j 1.    +0.j         0.0025-0.00433013j]
# hZ 1.0
# JZZ 1.0
# hX 1.0
# lambd 0.99
# phi 1.0471975511965976
# gap 0.02454369260617022 1.4632252752482025e-33
# shifted_gap 0.12099527992666252 0.019528518051199026
# shifted_gap_2 0.00022978336884664822 1.276432424603426e-07
# log10_gap -1.8426353387603625 0.0034487414270000473
# log10_shifted_gap -1.2906269397587977 0.2553780952867688
# log10_shifted_gap_2 -7.132222674927524 1.5543355573316464
# ratio 0.3943998032383725 0.0015835764328522434
# time	Re(Z)\Im(Z)	Var(Re(Z))	Var(Im(Z))
1.000000000000000000e+00 4.529575652044899314e-01 -7.157711810029223010e-06 1.877639901811042344e-01 0.000000000000000000e+00 9.923925328509389798e-01 -2.411390702393092184e-16 8.673195686615202112e-05 0.000000000000000000e+00
2.000000000000000000e+00 -1.991025551470624322e-01 -5.989700961750884210e-05 5.038571967089118253e-01 0.000000000000000000e+00 9.799694295532602739e-01 -1.212908513396598245e-16 8.161522991403273109e-04 0.000000000000000000e+00
4.000000000000000000e+00 1.096375037759772658e-01 3.422780525455851298e-04 4.426921089095426365e-01 0.000000000000000000e+00 9.551299151121879216e-01 -3.499791802389059029e-16 6.570976244005353323e-03 0.000000000000000000e+00
8.000000000000000000e+00 -2.415185734579435375e-02 3.934632172466014425e-04 4.383520063833037939e-01 0.000000000000000000e+00 9.296419604578521900e-01 -3.539698930446239785e-16 2.512329976809429474e-02 0.000000000000000000e+00
1.600000000000000000e+01 3.793098416627727065e-02 1.787390618411201183e-03 4.427634686961182675e-01 0.000000000000000000e+00 9.269843263362301800e-01 -3.416660329093189821e-16 2.021122238991020226e-02 0.000000000000000000e+00
3.200000000000000000e+01 1.035424758643564286e-01 6.162516558161223882e-04 4.119184068948809063e-01 0.000000000000000000e+00 9.220047111868057144e-01 -3.414355059661580378e-16 2.190877163141584372e-02 0.000000000000000000e+00
6.400000000000000000e+01 5.515576283161756355e-02 1.759458073680524016e-04 3.796898828943273130e-01 0.000000000000000000e+00 9.088258511628065639e-01 -3.337630829197646823e-16 3.120430862625796914e-02 0.000000000000000000e+00
1.280000000000000000e+02 2.838420836715825277e-02 -5.063438297320116410e-04 3.613206413881667189e-01 0.000000000000000000e+00 8.972155455753422215e-01 -3.293380636148669403e-16 3.113808223619079704e-02 0.000000000000000000e+00
2.560000000000000000e+02 3.410033558387177977e-02 7.259326944807027509e-05 3.296426066069517713e-01 0.000000000000000000e+00 8.948511006598554030e-01 -3.304684835842322705e-16 2.815187352626442527e-02 0.000000000000000000e+00
5.120000000000000000e+02 4.143040484739786422e-02 2.188856587424468372e-04 3.019142858786810768e-01 0.000000000000000000e+00 8.808679264496546146e-01 -3.286950892155883128e-16 2.986687859798181285e-02 0.000000000000000000e+00
1.024000000000000000e+03 4.161492490265422672e-02 -1.176455763662034919e-04 2.812833917885023127e-01 0.000000000000000000e+00 8.724415182206055608e-01 -3.296011736182724139e-16 2.872256099494369455e-02 0.000000000000000000e+00
2.048000000000000000e+03 7.584579077913038148e-02 1.543878107312141859e-03 2.456915140961795918e-01 0.000000000000000000e+00 8.514737390415345608e-01 -3.163936898258938879e-16 3.391974005555775662e-02 0.000000000000000000e+00
4.096000000000000000e+03 5.706995807236055207e-02 -5.681138240973122823e-04 2.078527119548020385e-01 0.000000000000000000e+00 8.431279739799566464e-01 -3.117328683946348418e-16 3.153586478005063892e-02 0.000000000000000000e+00
8.192000000000000000e+03 2.693274892591319275e-02 9.289438538901232138e-04 1.842587252484808036e-01 0.000000000000000000e+00 8.169152527413375831e-01 -3.061785087753983134e-16 4.013102991106601986e-02 0.000000000000000000e+00
1.638400000000000000e+04 3.141058223066863636e-02 2.742077242810257026e-03 1.491745468580371603e-01 0.000000000000000000e+00 7.879529818184773937e-01 -3.010516462783138749e-16 4.474391294971368643e-02 0.000000000000000000e+00
3.276800000000000000e+04 2.864024235685756065e-02 3.529739491099833162e-03 1.169793041765034569e-01 0.000000000000000000e+00 7.612180462571439543e-01 -2.867259545201074291e-16 4.547829362435734657e-02 0.000000000000000000e+00
6.553600000000000000e+04 4.752755227039773267e-02 3.122117045689691388e-03 1.056008545351335981e-01 0.000000000000000000e+00 7.530575115913165085e-01 -2.798022797502497085e-16 4.502953527607333334e-02 0.000000000000000000e+00
1.310720000000000000e+05 5.368165421681895394e-02 2.629276239073891595e-03 8.968601351947157185e-02 0.000000000000000000e+00 7.075479051595705560e-01 -2.675303647444292457e-16 5.765059034018566592e-02 0.000000000000000000e+00
2.621440000000000000e+05 4.726187941650272784e-02 3.935834243912170877e-03 7.788063104237813450e-02 0.000000000000000000e+00 6.721300675509331857e-01 -2.512855142115651840e-16 5.899477350443563944e-02 0.000000000000000000e+00
5.242880000000000000e+05 3.596465883726188140e-02 2.749809995642139675e-03 6.654785264493275065e-02 0.000000000000000000e+00 6.377562740930639018e-01 -2.389036131285392610e-16 6.123827526410300509e-02 0.000000000000000000e+00
1.048576000000000000e+06 3.533106588150796562e-02 4.699906653731481497e-03 6.294331328891424049e-02 0.000000000000000000e+00 5.935030163547927451e-01 -2.215116063441729881e-16 6.895197173292740012e-02 0.000000000000000000e+00
2.097152000000000000e+06 4.367113395847000562e-02 -2.512285632619808487e-03 5.796030797528064354e-02 0.000000000000000000e+00 5.682787024736056791e-01 -2.113609166650565075e-16 7.586343448522582522e-02 0.000000000000000000e+00
4.194304000000000000e+06 4.637076048082817287e-02 1.777705243993553093e-03 4.418623562988213682e-02 0.000000000000000000e+00 5.275404119200111097e-01 -1.978205974563718443e-16 7.622517197377395859e-02 0.000000000000000000e+00
8.388608000000000000e+06 3.352835348543711791e-02 1.095205050453322559e-02 3.903227209091752331e-02 0.000000000000000000e+00 4.793377458203285646e-01 -1.800411208036736751e-16 8.470334979151111776e-02 0.000000000000000000e+00
1.677721600000000000e+07 4.158416182341376915e-02 2.842028283154550070e-03 4.036667866658286835e-02 0.000000000000000000e+00 4.171397722149425280e-01 -1.570145755815001891e-16 8.011938443916685748e-02 0.000000000000000000e+00
3.355443200000000000e+07 4.498374101928921676e-02 2.101863848665136685e-03 3.652332175354383592e-02 0.000000000000000000e+00 3.955380277715574433e-01 -1.507518207248511802e-16 9.141796692544672254e-02 0.000000000000000000e+00
6.710886400000000000e+07 1.668125289874311176e-02 2.100136392740540453e-03 4.188332419229408299e-02 0.000000000000000000e+00 3.442592919852641153e-01 -1.291200317225584577e-16 8.260503413698859487e-02 0.000000000000000000e+00
1.342177280000000000e+08 2.196195961805859354e-02 1.100473892592960081e-03 3.534418731395559676e-02 0.000000000000000000e+00 2.788994707929625116e-01 -1.047122774844605876e-16 7.861177910612388020e-02 0.000000000000000000e+00
2.684354560000000000e+08 2.858883522713801667e-02 9.513352484455013525e-03 4.027667081701531704e-02 0.000000000000000000e+00 2.305357706436762244e-01 -8.760881530968112784e-17 8.102049210086226250e-02 0.000000000000000000e+00
5.368709120000000000e+08 2.868428299057408301e-02 1.435387136911721534e-03 4.005550873826047714e-02 0.000000000000000000e+00 2.229652976904827333e-01 -8.380342352916017764e-17 6.424517219004212409e-02 0.000000000000000000e+00
1.073741824000000000e+09 4.600911415973778229e-02 4.187483602272333225e-03 3.724563465345484548e-02 0.000000000000000000e+00 1.897207423534739978e-01 -7.063621832902179239e-17 6.504914836524386401e-02 0.000000000000000000e+00
2.147483648000000000e+09 1.696358133813905683e-02 1.504075261615536209e-02 3.277119222377032626e-02 0.000000000000000000e+00 1.635375163721963232e-01 -6.282904328596425944e-17 5.862396251686154830e-02 0.000000000000000000e+00
4.294967296000000000e+09 1.484134991888632835e-02 -1.128637997219855997e-03 3.597884666858869318e-02 0.000000000000000000e+00 1.096133621564807648e-01 -4.364498117391690054e-17 5.945181801073701200e-02 0.000000000000000000e+00
8.589934592000000000e+09 1.707768096417492526e-02 1.669853974306256773e-03 3.551024846020026104e-02 0.000000000000000000e+00 7.704502279817897203e-02 -3.125720506088011179e-17 4.625630148975785894e-02 0.000000000000000000e+00
1.717986918400000000e+10 3.294932212868573879e-02 7.443439218787865040e-03 3.485255493463763898e-02 0.000000000000000000e+00 7.341171239878094279e-02 -2.793198337721760892e-17 3.706067184184977381e-02 0.000000000000000000e+00
3.435973836800000000e+10 3.435802537768942871e-02 -1.465754995845754214e-04 3.125740173924558551e-02 0.000000000000000000e+00 3.748093256104810533e-02 -1.769941165888523272e-17 2.613804398642455631e-02 0.000000000000000000e+00
6.871947673600000000e+10 1.948417543390532428e-02 1.330473297832924368e-02 3.323800846465270464e-02 0.000000000000000000e+00 4.305953512928516191e-02 -1.570349121502589308e-17 3.798989314131420714e-02 0.000000000000000000e+00
1.374389534720000000e+11 2.666013898959759473e-02 1.075626704355238557e-02 3.715831979372952870e-02 0.000000000000000000e+00 2.202435956121764904e-02 -1.162757392189785698e-17 3.825252553923374349e-02 0.000000000000000000e+00
2.748779069440000000e+11 2.410042601377164820e-02 6.596546471719593081e-03 3.265678233393457669e-02 0.000000000000000000e+00 7.797535831392897639e-03 -2.837297228799451099e-18 3.451705619042035045e-02 0.000000000000000000e+00
5.497558138880000000e+11 2.409118327643250748e-02 -1.948157916637997767e-03 3.014601703533442006e-02 0.000000000000000000e+00 -8.498864681277935179e-03 1.828749419801181615e-18 3.283071163671705261e-02 0.000000000000000000e+00
