
# L 2
# n_dis 100
# dim_loc 4
# phi 1.0471975511965976
# lambd 0.1
# betas [ 0.009  0.1    0.009]
# hX 1.0
# JZZ 1.0
# lambdas [0 1 0]
# hZ 1.0
# alphas [ 0.225+0.38971143j  1.000+0.j          0.225-0.38971143j]
# gap 0.392699081699 4.40806845671e-31
# shifted_gap 0.0153805889147 0.00022457601443
# shifted_gap_2 2.43183291437e-05 8.03960018787e-10
# log10_gap -0.571584570659 0.0170651798804
# log10_shifted_gap -2.21790066051 0.364017226292
# time	Re(Z)\Im(Z)	Var(Re(Z))	Var(Im(Z))
1.000000000000000000e+00 9.940713564491416854e-01 -1.259602404187973567e-07 2.866216743386960946e-05 0.000000000000000000e+00 9.999705310356400423e-01 -2.587368335508576534e-16 2.013890299352486794e-09 0.000000000000000000e+00
3.000000000000000000e+00 9.776866278479855454e-01 3.954235913705455540e-07 1.349272233447784209e-03 0.000000000000000000e+00 9.999707470311165469e-01 -3.544031989115741305e-18 2.442356516067614840e-09 0.000000000000000000e+00
9.000000000000000000e+00 9.273754755615892797e-01 -1.303652966019021464e-07 3.206921024467952741e-02 0.000000000000000000e+00 9.999391597976626800e-01 -2.562836770048185733e-16 1.304683349111617369e-08 0.000000000000000000e+00
2.700000000000000000e+01 8.245798785864457692e-01 1.016970653141437984e-05 1.328011675686694149e-01 0.000000000000000000e+00 9.998536754003489735e-01 2.045670784085488193e-18 2.182037213195653147e-07 0.000000000000000000e+00
8.100000000000000000e+01 5.806182505766314117e-01 6.025468828141624920e-06 3.161494683047749166e-01 0.000000000000000000e+00 9.997199462360533140e-01 -2.523512073147155829e-16 2.541066094138486229e-06 0.000000000000000000e+00
2.430000000000000000e+02 1.636713214555524931e-01 -1.292815099199130377e-05 4.689811423248819167e-01 0.000000000000000000e+00 9.988630738052073355e-01 1.755783527548450979e-18 7.599105744201944143e-05 0.000000000000000000e+00
7.290000000000000000e+02 7.350034453193909911e-02 8.628422059503090903e-06 4.706095850880956943e-01 0.000000000000000000e+00 9.981047597534030702e-01 -2.402329492748760209e-16 6.392281580947565373e-05 0.000000000000000000e+00
2.187000000000000000e+03 -6.244827098937271587e-02 -3.799079243070686973e-06 4.451063956041640957e-01 0.000000000000000000e+00 9.933533223510200294e-01 -1.366369898634521491e-17 3.325909284332319456e-04 0.000000000000000000e+00
6.561000000000000000e+03 -1.128473116852502928e-01 -1.869536817008421553e-05 4.415239951946736685e-01 0.000000000000000000e+00 9.555426882920990961e-01 -2.382073519053004559e-16 9.416651112841515486e-03 0.000000000000000000e+00
1.968300000000000000e+04 7.204173131066649418e-04 1.207235479251095668e-05 3.870672836796121841e-01 0.000000000000000000e+00 8.067520106430894344e-01 -1.103093644692179008e-17 6.414892580036968273e-02 0.000000000000000000e+00
5.904900000000000000e+04 9.395814859551892065e-03 7.770527155085874644e-06 3.350598524658836008e-01 0.000000000000000000e+00 6.241863960661453437e-01 -1.684635508044548432e-16 1.151360464944859996e-01 0.000000000000000000e+00
1.771470000000000000e+05 3.906773064952751701e-02 3.020988744930381030e-05 2.818192282685950123e-01 0.000000000000000000e+00 5.740458961697746387e-01 -5.400307577468402579e-18 1.416354296589824868e-01 0.000000000000000000e+00
5.314410000000000000e+05 -2.255905545230189879e-02 -3.560210103256121223e-05 2.078814263104074578e-01 0.000000000000000000e+00 4.947465546275690018e-01 -1.299880613343278227e-16 1.308547460587823341e-01 0.000000000000000000e+00
1.594323000000000000e+06 -2.990708608713244648e-03 1.196664755580767571e-06 1.976779687703473232e-01 0.000000000000000000e+00 4.733402577872275474e-01 4.260082352835491568e-18 1.193027406713250971e-01 0.000000000000000000e+00
4.782969000000000000e+06 -8.283009416307807182e-02 9.663435155036115189e-06 2.174061164201321616e-01 0.000000000000000000e+00 4.754824446142784100e-01 -1.185113990150692662e-16 9.627230144098052056e-02 0.000000000000000000e+00
1.434890700000000000e+07 -8.049674755882468835e-02 4.291095549285814471e-06 2.414579652472181592e-01 0.000000000000000000e+00 5.292401673378420712e-01 -4.732485713825357689e-18 9.847103079250571489e-02 0.000000000000000000e+00
4.304672100000000000e+07 -7.121208633333701854e-02 -2.263893035984748686e-05 1.929435399163461629e-01 0.000000000000000000e+00 4.711330314342845882e-01 -1.182247176773705080e-16 1.228557927633837782e-01 0.000000000000000000e+00
1.291401630000000000e+08 -9.740781543546902371e-03 -1.427866160965640410e-06 1.877386138609048738e-01 0.000000000000000000e+00 4.794295154386935542e-01 -1.157008739064784913e-17 1.207377820649305211e-01 0.000000000000000000e+00
3.874204890000000000e+08 -4.724363191094604897e-02 -2.543136508472107843e-05 2.203283942260248485e-01 0.000000000000000000e+00 4.750435159164492771e-01 -1.224902969468793444e-16 1.085065027539267452e-01 0.000000000000000000e+00
1.162261467000000000e+09 -5.718112572147051329e-04 5.589238642824450185e-06 2.340888839072151062e-01 0.000000000000000000e+00 5.204271675322102997e-01 -2.618544651539996266e-19 1.150659732478860053e-01 0.000000000000000000e+00
3.486784401000000000e+09 -1.050224071400000792e-01 1.411812469317045615e-05 2.711741282839270628e-01 0.000000000000000000e+00 5.685417926694610324e-01 -1.407152686994483000e-16 1.222422557019093303e-01 0.000000000000000000e+00
1.046035320300000000e+10 -8.736537648707911122e-03 9.442074449741120314e-07 2.530110628820084751e-01 0.000000000000000000e+00 5.002587706941227230e-01 8.312757320399454656e-19 1.077328979619150695e-01 0.000000000000000000e+00
3.138105960900000000e+10 1.376911485724807141e-03 -3.668588265911518930e-05 1.929695108539142834e-01 0.000000000000000000e+00 4.552887836352785267e-01 -1.226872523641308422e-16 1.064297443249249547e-01 0.000000000000000000e+00
9.414317882700000000e+10 -5.767067892271314500e-02 -9.782169627500055385e-06 2.170177370921423932e-01 0.000000000000000000e+00 4.826513162798150014e-01 1.139646703771097646e-17 1.193759038758312324e-01 0.000000000000000000e+00
2.824295364810000000e+11 -5.390866287110429415e-03 4.784207491183691841e-07 2.152468617253490979e-01 0.000000000000000000e+00 4.866168302301885351e-01 -1.287964106747263381e-16 1.169739436837070740e-01 0.000000000000000000e+00
8.472886094430000000e+11 -3.280779875748188884e-02 1.231931242937945131e-05 1.976421304160587700e-01 0.000000000000000000e+00 4.662425989235123303e-01 -9.324541050218037788e-18 1.033090538928516378e-01 0.000000000000000000e+00
2.541865828329000000e+12 6.129289828116196021e-02 3.004828508966335627e-04 2.476372901298786178e-01 0.000000000000000000e+00 5.101636592532425851e-01 -1.268570685050346185e-16 1.231692635097536709e-01 0.000000000000000000e+00
7.625597484987000000e+12 1.330280576910986695e-02 4.239356806406983837e-04 2.265540062871847227e-01 0.000000000000000000e+00 4.955174369445889959e-01 -1.158983997300122654e-17 1.154694733913215615e-01 0.000000000000000000e+00
2.287679245496100000e+13 5.123205796821173313e-04 -2.009621741652983397e-06 2.255529801678744783e-01 0.000000000000000000e+00 4.737960244640170848e-01 -1.086328249808740538e-16 1.131802639750761064e-01 0.000000000000000000e+00
6.863037736488300000e+13 6.634225617349263915e-02 4.104266652324400737e-03 2.279942345315473518e-01 0.000000000000000000e+00 4.971339090284369044e-01 2.920332602329743266e-18 1.031656716044352246e-01 0.000000000000000000e+00
2.058911320946490000e+14 -6.385872540629722316e-02 1.078476362533044991e-02 2.185563441791814610e-01 0.000000000000000000e+00 4.378305656344307906e-01 -1.150665541816767357e-16 1.210311770767271838e-01 0.000000000000000000e+00
6.176733962839470000e+14 2.868532523401252227e-02 2.552482992770532463e-02 1.187577202919024577e-01 0.000000000000000000e+00 2.608572841355459304e-01 -5.351259646788098666e-18 1.208809887843515646e-01 0.000000000000000000e+00
1.853020188851841000e+15 3.648114087698843544e-02 -2.076510404400636056e-02 6.376071170396198362e-02 0.000000000000000000e+00 8.393317401875310946e-02 -2.791249529847109569e-17 6.039835189900297219e-02 0.000000000000000000e+00
5.559060566555523000e+15 -9.004360767768455898e-03 -4.393724897857439332e-03 1.686636842959646568e-02 0.000000000000000000e+00 1.387341431116010347e-02 -4.795230358715525953e-18 2.777006438188857687e-02 0.000000000000000000e+00
1.667718169966656800e+16 -1.654240428975485523e-03 -4.841339825387847538e-03 6.664596259093043089e-03 0.000000000000000000e+00 -7.873677462869618435e-03 -3.187190895484586766e-18 4.465965610040748511e-03 0.000000000000000000e+00
5.003154509899970400e+16 3.523136065469073801e-03 -2.943701968056698995e-03 1.726628605393117598e-03 0.000000000000000000e+00 -4.019025050112489533e-04 -2.773635099462358844e-18 1.265005886188215768e-05 0.000000000000000000e+00
1.500946352969991360e+17 -1.257711502966422167e-05 1.088779853810818195e-04 6.833528918213623363e-06 0.000000000000000000e+00 3.718172011918104391e-05 5.822460462251353624e-20 3.534393362539888053e-07 0.000000000000000000e+00
4.502839058909973760e+17 nan nan nan 0.000000000000000000e+00 nan nan nan 0.000000000000000000e+00
1.350851717672992000e+18 nan nan nan 0.000000000000000000e+00 nan nan nan 0.000000000000000000e+00
4.052555153018976256e+18 nan nan nan 0.000000000000000000e+00 nan nan nan 0.000000000000000000e+00
