
# dim_loc 4
# n_dis 100
# L 2
# hZ 1.0
# phi 1.0471975511965976
# lambd 0.99
# hX 1.0
# alphas [0.0025+0.00433013j 1.    +0.j         0.0025-0.00433013j]
# JZZ 1.0
# betas [0.1  0.99 0.1 ]
# lambdas [0.1 1.  0.1]
# gap 0.3926990816987235 4.399748439353753e-31
# shifted_gap 0.42027370283997706 0.09633008228869387
# shifted_gap_2 0.00246495126597911 6.091102454131053e-06
# log10_gap -0.6269099623921603 0.020968425317065272
# log10_shifted_gap -0.5763878352568562 0.25880971989180124
# log10_shifted_gap_2 -4.475983687114691 1.2214474935016038
# ratio 0.3598566511009141 0.028254451801580604
# time	Re(Z)\Im(Z)	Var(Re(Z))	Var(Im(Z))
1.000000000000000000e+00 4.474007691781690110e-01 -2.878151833923779115e-06 2.076231026883113007e-01 0.000000000000000000e+00 9.959870599032245586e-01 -2.445965667427965241e-16 3.891939996395668008e-05 0.000000000000000000e+00
2.000000000000000000e+00 -1.749538554090853404e-01 -3.695565167553804402e-05 5.224223957325571099e-01 0.000000000000000000e+00 9.958700616491796831e-01 -1.197960066674281130e-16 2.534328355331872160e-05 0.000000000000000000e+00
4.000000000000000000e+00 1.149475326262753144e-01 1.155504643184359574e-04 4.459999936319534175e-01 0.000000000000000000e+00 9.930655063999357379e-01 -3.623090697983472183e-16 1.383635902667608604e-04 0.000000000000000000e+00
8.000000000000000000e+00 -4.700017588402226332e-02 4.640667738549060571e-04 4.334076700067996946e-01 0.000000000000000000e+00 9.883736310680045767e-01 -3.570840701244735567e-16 8.370513286185864502e-04 0.000000000000000000e+00
1.600000000000000000e+01 4.318148369970505572e-03 1.417566015631777868e-03 4.639565831825827047e-01 0.000000000000000000e+00 9.776743204839930534e-01 -3.546822335112244937e-16 3.575928980125501078e-03 0.000000000000000000e+00
3.200000000000000000e+01 1.454533986142546031e-01 1.001987641129870304e-03 4.401951523150728907e-01 0.000000000000000000e+00 9.550023636570691421e-01 -3.566168983639054217e-16 1.585320451371002512e-02 0.000000000000000000e+00
6.400000000000000000e+01 8.363170427238322824e-02 3.471417770281389967e-03 3.895883450695898365e-01 0.000000000000000000e+00 9.214682583625540824e-01 -3.355006286787639511e-16 1.742125579490771958e-02 0.000000000000000000e+00
1.280000000000000000e+02 1.548048970059757133e-03 1.791707951305003326e-03 3.908275073445453551e-01 0.000000000000000000e+00 8.252333925441986962e-01 -3.008603584037310896e-16 4.255945342545235099e-02 0.000000000000000000e+00
2.560000000000000000e+02 4.363362825524994687e-02 -6.687895100626935077e-04 3.159204398057147700e-01 0.000000000000000000e+00 7.184355236567420144e-01 -2.595528373059425632e-16 7.506772546132736701e-02 0.000000000000000000e+00
5.120000000000000000e+02 8.455426077609694280e-02 -5.537644271876980551e-03 2.136672232838332797e-01 0.000000000000000000e+00 6.697172614398405610e-01 -2.447356509061842466e-16 7.858262441861038616e-02 0.000000000000000000e+00
1.024000000000000000e+03 7.988402757772600227e-03 6.986258311906279848e-03 1.967733760954888667e-01 0.000000000000000000e+00 6.592319265759075675e-01 -2.378082363845150675e-16 8.185638521123102251e-02 0.000000000000000000e+00
2.048000000000000000e+03 7.130535387835106043e-02 6.576068287099884682e-03 2.017588819168986414e-01 0.000000000000000000e+00 5.785829996110705142e-01 -2.123777460101087036e-16 1.141006519275435255e-01 0.000000000000000000e+00
4.096000000000000000e+03 6.376196503686382133e-02 -5.305227225320383912e-03 1.597535767312027732e-01 0.000000000000000000e+00 5.537304050388831556e-01 -2.016768854637966922e-16 1.090419128472966820e-01 0.000000000000000000e+00
8.192000000000000000e+03 3.813430513043611358e-02 -4.497456796071576217e-03 1.643732398703273423e-01 0.000000000000000000e+00 5.338033032143385537e-01 -1.890843758462980492e-16 1.151854432978058340e-01 0.000000000000000000e+00
1.638400000000000000e+04 5.432637713404107893e-02 -1.852720609326853271e-02 1.587765816300719945e-01 0.000000000000000000e+00 4.412063048174404423e-01 -1.659585350896851341e-16 1.552002597311335497e-01 0.000000000000000000e+00
3.276800000000000000e+04 4.544820868026883814e-02 -2.507090654747894370e-03 1.553084654760453209e-01 0.000000000000000000e+00 4.577993990714932515e-01 -1.703581492632530301e-16 1.446778539440547462e-01 0.000000000000000000e+00
6.553600000000000000e+04 4.028622655339660075e-02 5.377258385723566146e-03 1.577846520762740679e-01 0.000000000000000000e+00 3.723112211053772880e-01 -1.376617162564477192e-16 1.608312968313787283e-01 0.000000000000000000e+00
1.310720000000000000e+05 6.196999934769162333e-02 1.541582018957452990e-02 1.586117711848780976e-01 0.000000000000000000e+00 3.362258074739395974e-01 -1.170743715882714192e-16 1.715817422624111854e-01 0.000000000000000000e+00
2.621440000000000000e+05 6.877613064244807173e-02 -5.649712910831776631e-03 1.382799358293285430e-01 0.000000000000000000e+00 3.401775159979085195e-01 -1.181141814111182548e-16 1.529388537199228293e-01 0.000000000000000000e+00
5.242880000000000000e+05 6.955635044891622654e-02 -2.417436975273765630e-03 1.498039043907407053e-01 0.000000000000000000e+00 3.136284446788422664e-01 -1.144287946818454329e-16 1.435779009171959941e-01 0.000000000000000000e+00
1.048576000000000000e+06 2.223771725637991095e-02 1.735967676679517910e-03 1.594777436691115213e-01 0.000000000000000000e+00 2.607702663904489793e-01 -9.630295078803239744e-17 1.654482533744922046e-01 0.000000000000000000e+00
2.097152000000000000e+06 5.438947495240085278e-02 5.708383281215452000e-03 1.273106812052280656e-01 0.000000000000000000e+00 1.720551694453363867e-01 -4.991491575876201260e-17 1.535533224736066182e-01 0.000000000000000000e+00
4.194304000000000000e+06 6.362863970290899562e-02 -1.563561314525229199e-03 1.420578236249211979e-01 0.000000000000000000e+00 1.621241838060926421e-01 -5.276163143691447346e-17 1.695047358287850026e-01 0.000000000000000000e+00
8.388608000000000000e+06 3.021983560803139651e-02 -1.494476674513462583e-02 1.250681456980265172e-01 0.000000000000000000e+00 1.308296104726891507e-01 -4.099957899717652014e-17 1.332916563748162420e-01 0.000000000000000000e+00
1.677721600000000000e+07 4.004439287758288640e-02 2.182300722195502484e-03 1.435512136534654870e-01 0.000000000000000000e+00 1.257421409400264478e-01 -4.525471353453559586e-17 1.562571674765824425e-01 0.000000000000000000e+00
3.355443200000000000e+07 3.656642196372734271e-02 -4.167644240186327287e-04 1.315446245217570809e-01 0.000000000000000000e+00 2.241912788031807935e-02 -5.009256110915494084e-18 1.240310945486784722e-01 0.000000000000000000e+00
6.710886400000000000e+07 2.778773784354123325e-02 5.201039300026615714e-03 1.141862850859314410e-01 0.000000000000000000e+00 8.145583070903739120e-05 2.565793572130261029e-18 1.521247356786790406e-01 0.000000000000000000e+00
1.342177280000000000e+08 3.887569215453594990e-02 2.659310511239046729e-02 1.252920779340604973e-01 0.000000000000000000e+00 2.486969557663884500e-02 -4.129513195037918660e-18 1.345188288485660577e-01 0.000000000000000000e+00
2.684354560000000000e+08 5.645832006063908337e-02 6.954659369125068373e-03 1.393127492120435074e-01 0.000000000000000000e+00 -8.558388876897445388e-03 9.557822643529840408e-18 1.741223137370042640e-01 0.000000000000000000e+00
5.368709120000000000e+08 1.346218206179028085e-02 1.719709544591302083e-02 1.239828632473866099e-01 0.000000000000000000e+00 5.169879382076498359e-02 -7.935622510783448320e-18 1.333480438958783709e-01 0.000000000000000000e+00
1.073741824000000000e+09 4.095979858534501417e-02 -1.894292853606662028e-03 1.250186992189818158e-01 0.000000000000000000e+00 6.313509576234672960e-02 -2.414689053648430973e-17 1.205066276746471349e-01 0.000000000000000000e+00
2.147483648000000000e+09 1.019513547425609200e-02 -1.667547623633718057e-02 1.329809199501600370e-01 0.000000000000000000e+00 -4.477228244548468045e-02 2.317068865571065304e-17 1.289989391914002914e-01 0.000000000000000000e+00
4.294967296000000000e+09 4.986334763973515345e-04 2.242357243353863480e-02 1.220870046988766361e-01 0.000000000000000000e+00 -1.356188165708505870e-03 -4.338345579756164805e-19 1.348413981591700950e-01 0.000000000000000000e+00
8.589934592000000000e+09 1.904306770778813399e-02 -3.876727543162251672e-03 1.265789000239140871e-01 0.000000000000000000e+00 -4.016878309281948084e-02 1.303683918625094802e-17 1.476064363084636510e-01 0.000000000000000000e+00
1.717986918400000000e+10 7.256000980632898965e-03 -2.499152033599300136e-03 1.310312608269217916e-01 0.000000000000000000e+00 -1.868137834964648386e-02 3.468011814875939334e-18 1.196324374338515878e-01 0.000000000000000000e+00
3.435973836800000000e+10 1.367876495379129025e-02 -1.307682851906941590e-04 1.143181046279276997e-01 0.000000000000000000e+00 -9.096754268833200097e-02 2.826819692685068032e-17 1.248695718993978188e-01 0.000000000000000000e+00
6.871947673600000000e+10 3.203821917729584440e-02 -3.913747624290314728e-04 1.244971879212834615e-01 0.000000000000000000e+00 9.616312077442444942e-03 -1.900925945044265473e-18 1.240503460138410036e-01 0.000000000000000000e+00
1.374389534720000000e+11 3.608821272961595245e-02 -6.463026304486856055e-03 1.333855956031066436e-01 0.000000000000000000e+00 -2.627742161138353280e-03 -7.156139787340200018e-19 1.429156579775507363e-01 0.000000000000000000e+00
2.748779069440000000e+11 8.652544829806733603e-03 -1.308529039916298464e-03 1.273579297303336355e-01 0.000000000000000000e+00 2.370080799118167922e-02 -1.348583011425794358e-17 1.415602031441444975e-01 0.000000000000000000e+00
5.497558138880000000e+11 1.637108338692910142e-02 -1.747114252009375132e-02 1.248348791678144942e-01 0.000000000000000000e+00 1.336702702646490673e-02 4.891539988767070850e-18 1.294500366290039783e-01 0.000000000000000000e+00
