
# n_dis 100
# dim_loc 4
# L 3
# betas [0.1  0.01 0.1 ]
# lambdas [0.1 1.  0.1]
# alphas [0.2475+0.42868257j 1.    +0.j         0.2475-0.42868257j]
# hZ 1.0
# JZZ 1.0
# hX 1.0
# lambd 0.01
# phi 1.0471975511965976
# gap 0.09817477042468088 2.3427011843526337e-32
# shifted_gap 0.0015113577295582745 4.096881274157209e-06
# shifted_gap_2 0.0014944777280552345 3.983426890552664e-06
# log10_gap -1.2213361678152048 0.006340991395101794
# log10_shifted_gap -3.641771550312179 0.46723147230817524
# log10_shifted_gap_2 -4.437807031788549 0.5433957427855133
# ratio 0.4004560207820539 0.006312995966583547
# time	Re(Z)\Im(Z)	Var(Re(Z))	Var(Im(Z))
1.000000000000000000e+00 9.965300282612151728e-01 -9.478083203624568481e-05 1.867126446310943985e-05 0.000000000000000000e+00 9.931817539167332454e-01 -2.384272655706388163e-16 6.263476947010919525e-05 0.000000000000000000e+00
2.000000000000000000e+00 9.916112940605377180e-01 -1.210576083676586756e-04 1.725956480569222498e-04 0.000000000000000000e+00 9.836530524549855770e-01 -1.141205204170593947e-16 4.911189743700023489e-04 0.000000000000000000e+00
4.000000000000000000e+00 9.788898633758494894e-01 2.965722178570186045e-04 1.837962845473460616e-03 0.000000000000000000e+00 9.596261503824945471e-01 -3.284856564273067754e-16 4.035156174043782670e-03 0.000000000000000000e+00
8.000000000000000000e+00 9.493504119442385258e-01 -5.539265344458543750e-04 1.591072027649384144e-02 0.000000000000000000e+00 9.060136755264718289e-01 -3.095379875177696976e-16 3.157459492072612478e-02 0.000000000000000000e+00
1.600000000000000000e+01 9.061381088453052124e-01 -9.587140957066184188e-03 5.993165029837188573e-02 0.000000000000000000e+00 8.326605762860610493e-01 -2.813029000673614007e-16 1.156026358143779909e-01 0.000000000000000000e+00
3.200000000000000000e+01 9.102383609723917468e-01 -7.779399842291008851e-03 4.775225994232089322e-02 0.000000000000000000e+00 8.528879966292182147e-01 -2.924609605081407566e-16 8.597353916135555552e-02 0.000000000000000000e+00
6.400000000000000000e+01 8.822850532086264908e-01 -1.020550968414489067e-03 7.019740962100944059e-02 0.000000000000000000e+00 8.139547763586815199e-01 -2.775516686777805621e-16 1.275725506990388614e-01 0.000000000000000000e+00
1.280000000000000000e+02 8.561986981264939622e-01 1.014287452809763818e-02 7.894267097845385217e-02 0.000000000000000000e+00 8.151819261976508413e-01 -2.781574401518026587e-16 8.992089770600003584e-02 0.000000000000000000e+00
2.560000000000000000e+02 7.794058346710761587e-01 -2.936716702081837785e-03 1.418625945348963580e-01 0.000000000000000000e+00 7.469747213957214083e-01 -2.549384896526734998e-16 1.303162237649055089e-01 0.000000000000000000e+00
5.120000000000000000e+02 6.753933773542938335e-01 6.198760667321389327e-03 2.341416411525093499e-01 0.000000000000000000e+00 7.093448692171390180e-01 -2.446945597674766470e-16 1.386542461060031317e-01 0.000000000000000000e+00
1.024000000000000000e+03 5.930608107681933916e-01 -1.264745388064570861e-02 2.609149548935338347e-01 0.000000000000000000e+00 6.298176257627911001e-01 -2.144364218375757908e-16 1.649169142460647774e-01 0.000000000000000000e+00
2.048000000000000000e+03 4.586779992265993533e-01 -7.015135733210514039e-04 3.316115185666576592e-01 0.000000000000000000e+00 5.926030192544652353e-01 -1.998783950749469617e-16 1.375448771951973681e-01 0.000000000000000000e+00
4.096000000000000000e+03 3.305508324846480606e-01 -2.505686680602153328e-04 3.389426345490527126e-01 0.000000000000000000e+00 5.294038661726807593e-01 -1.778101228812728461e-16 1.340919564537327302e-01 0.000000000000000000e+00
8.192000000000000000e+03 1.867017423116842101e-01 3.676670334711908301e-03 3.758459557607796153e-01 0.000000000000000000e+00 4.933471851228978799e-01 -1.599857695982612045e-16 1.235273551842240441e-01 0.000000000000000000e+00
1.638400000000000000e+04 1.672024641781677534e-01 3.312545040176039651e-03 2.857698354565608168e-01 0.000000000000000000e+00 3.828300614391407786e-01 -1.236011760983522017e-16 1.525952888070816194e-01 0.000000000000000000e+00
3.276800000000000000e+04 3.634572385824413887e-02 -4.692014287954481867e-03 3.334053493581100036e-01 0.000000000000000000e+00 4.099896730454736238e-01 -1.304035401871491516e-16 1.430383609392392175e-01 0.000000000000000000e+00
6.553600000000000000e+04 9.796035445780873485e-02 1.732086259074105267e-02 2.452143567188686257e-01 0.000000000000000000e+00 2.741714275330938144e-01 -8.164912616553130358e-17 1.492246131193112335e-01 0.000000000000000000e+00
1.310720000000000000e+05 2.076524909322071885e-02 -1.827376012328613131e-02 2.322250626347580338e-01 0.000000000000000000e+00 1.753847534088670834e-01 -5.258534243283290834e-17 2.005750407909703825e-01 0.000000000000000000e+00
2.621440000000000000e+05 -4.707157236788862831e-02 -7.155145013265287214e-03 2.252974963408233555e-01 0.000000000000000000e+00 1.933843531372825275e-01 -5.586670596184982884e-17 1.623820171325644768e-01 0.000000000000000000e+00
5.242880000000000000e+05 8.920425892392395972e-02 -7.900347959015986687e-03 2.134551317094131595e-01 0.000000000000000000e+00 1.638306753541942107e-01 -5.302341416966429949e-17 1.782820818770867455e-01 0.000000000000000000e+00
1.048576000000000000e+06 -2.293551530549820666e-02 3.773766344527413469e-02 1.711492510870258332e-01 0.000000000000000000e+00 9.662862534007062021e-02 -2.968929471541744136e-17 1.677971703940326076e-01 0.000000000000000000e+00
2.097152000000000000e+06 3.401439618138433259e-03 -1.470797665122277817e-02 1.891508388022863363e-01 0.000000000000000000e+00 8.646150133681237970e-02 -2.589576544772333531e-17 1.782745017030015477e-01 0.000000000000000000e+00
4.194304000000000000e+06 2.457666502449356097e-02 6.289199164528253526e-03 1.845734172970547593e-01 0.000000000000000000e+00 1.105529810299177851e-01 -3.009147046725873820e-17 2.322729257908682232e-01 0.000000000000000000e+00
8.388608000000000000e+06 1.436054092117842497e-02 1.459422348255657968e-02 1.847356872797085159e-01 0.000000000000000000e+00 1.125072788887274688e-01 -3.475803529918664030e-17 1.858826714392584623e-01 0.000000000000000000e+00
1.677721600000000000e+07 8.298238900952215058e-03 1.541354388186158032e-02 1.641638473105835327e-01 0.000000000000000000e+00 -2.875364095257509911e-02 2.099450770981688683e-17 2.012246431317360196e-01 0.000000000000000000e+00
3.355443200000000000e+07 2.742055413225473123e-02 9.845335666547008757e-03 2.059615429729960423e-01 0.000000000000000000e+00 6.827850263738605152e-02 -1.643897866558898124e-17 1.771908908708008656e-01 0.000000000000000000e+00
6.710886400000000000e+07 -2.588913481684838522e-02 -3.429294624069754993e-02 1.889830894944389550e-01 0.000000000000000000e+00 6.793212749650430482e-02 -8.915164686236730499e-18 1.562797594501869058e-01 0.000000000000000000e+00
1.342177280000000000e+08 -4.690616652210983367e-02 -3.384925442184239658e-02 1.967515312790966142e-01 0.000000000000000000e+00 -3.579890073707693576e-02 2.381010216301040381e-17 2.086489076085226713e-01 0.000000000000000000e+00
2.684354560000000000e+08 -6.840622750748445865e-05 1.542885690825954517e-02 2.003088110538115696e-01 0.000000000000000000e+00 2.232216804680576053e-03 7.724506783450338762e-18 1.936502022744094886e-01 0.000000000000000000e+00
5.368709120000000000e+08 1.327219139548054157e-02 4.617099305213462346e-02 1.947973375574126587e-01 0.000000000000000000e+00 -1.122097054187544060e-02 1.074776279206763326e-17 2.243824341295059255e-01 0.000000000000000000e+00
1.073741824000000000e+09 7.361648439772597308e-02 -5.881211915043017173e-04 1.635519705253300760e-01 0.000000000000000000e+00 4.318899775363110177e-02 -1.581407336009413440e-17 1.849515239008052703e-01 0.000000000000000000e+00
2.147483648000000000e+09 -2.212681032377301557e-02 2.639676510136249737e-03 2.055514886475964254e-01 0.000000000000000000e+00 7.323026305499201472e-02 -1.833910148661636438e-17 1.799709747964603201e-01 0.000000000000000000e+00
4.294967296000000000e+09 1.263000986227242294e-02 5.046736940040868341e-02 2.001476591881939104e-01 0.000000000000000000e+00 -1.931643343974990060e-02 4.120861389464095521e-18 1.823451530395095999e-01 0.000000000000000000e+00
8.589934592000000000e+09 3.411006520334441960e-02 4.012618784560619684e-02 1.757890493604631066e-01 0.000000000000000000e+00 -7.129072109094239384e-02 3.177486298921289399e-17 1.771532437344554844e-01 0.000000000000000000e+00
1.717986918400000000e+10 -6.576240010006748071e-02 -6.292586507757880199e-02 1.939673021646564077e-01 0.000000000000000000e+00 4.283203630964769332e-02 -5.415325865830264150e-18 1.707387559095776552e-01 0.000000000000000000e+00
3.435973836800000000e+10 1.886481128400726778e-02 6.339481835657506670e-02 2.083830745147731422e-01 0.000000000000000000e+00 -6.565212071136537764e-02 2.788452425623922330e-17 1.784377015404454980e-01 0.000000000000000000e+00
6.871947673600000000e+10 1.687823871303692144e-02 1.464011808426954157e-02 1.872096488125955527e-01 0.000000000000000000e+00 3.241360473515829399e-02 -1.644888598225636068e-17 1.615235582990900420e-01 0.000000000000000000e+00
1.374389534720000000e+11 -7.360258533059597062e-03 6.053310362000957970e-03 1.887403012364361199e-01 0.000000000000000000e+00 1.366082972569755000e-02 3.570546209504339792e-18 1.940465501201181220e-01 0.000000000000000000e+00
2.748779069440000000e+11 4.572731802253864053e-02 5.049635996591986947e-02 2.021670666315740772e-01 0.000000000000000000e+00 4.503104372824185547e-02 -1.412170019523605223e-17 1.997737353329117338e-01 0.000000000000000000e+00
5.497558138880000000e+11 1.415250132713359761e-02 -1.587481388194227766e-02 1.790450633596515906e-01 0.000000000000000000e+00 4.722610560165160266e-03 4.351633058492418426e-18 2.034093801963998416e-01 0.000000000000000000e+00
