
# n_dis 100
# dim_loc 4
# L 5
# betas [0.1  0.01 0.1 ]
# lambdas [0.1 1.  0.1]
# alphas [0.2475+0.42868257j 1.    +0.j         0.2475-0.42868257j]
# hZ 1.0
# JZZ 1.0
# hX 1.0
# lambd 0.01
# phi 1.0471975511965976
# gap 0.006135923151542554 1.0934918649089247e-34
# shifted_gap 8.72972442692646e-05 3.3212624764618184e-08
# shifted_gap_2 8.393357366810289e-05 2.6810256486514948e-08
# log10_gap -2.4386292946886217 0.0005274541206974185
# log10_shifted_gap -5.444128774429226 1.0414317503385428
# log10_shifted_gap_2 -6.006185096007843 1.0756945905420339
# ratio 0.39621144862434676 0.0004285905618115009
# time	Re(Z)\Im(Z)	Var(Re(Z))	Var(Im(Z))
1.000000000000000000e+00 9.965579387705623127e-01 -5.183806740207314744e-05 2.081499512760150137e-05 0.000000000000000000e+00 9.932441505748632604e-01 -2.350882093217108355e-16 7.128517776473392866e-05 0.000000000000000000e+00
2.000000000000000000e+00 9.920091204489138725e-01 -1.383859529324747749e-04 1.801818268208156049e-04 0.000000000000000000e+00 9.844246705151913357e-01 -1.216446704497287272e-16 5.381185760191729795e-04 0.000000000000000000e+00
4.000000000000000000e+00 9.804583504088701940e-01 -2.977520618415523644e-04 1.757787677327577944e-03 0.000000000000000000e+00 9.625672650213383807e-01 -3.456270625417095845e-16 4.458911512686212358e-03 0.000000000000000000e+00
8.000000000000000000e+00 9.590856438442371124e-01 -2.257202548966120645e-04 1.148160825787037341e-02 0.000000000000000000e+00 9.241095602700436507e-01 -3.344721908929300882e-16 2.407261263670945270e-02 0.000000000000000000e+00
1.600000000000000000e+01 9.324248066647483624e-01 1.864674406160360745e-03 3.835732745154304263e-02 0.000000000000000000e+00 8.825647670987436522e-01 -3.189441795106145067e-16 6.996716264205764257e-02 0.000000000000000000e+00
3.200000000000000000e+01 9.247552298679359017e-01 5.669988856281806900e-04 3.823662766251138129e-02 0.000000000000000000e+00 8.746012059325207755e-01 -3.134716291400318098e-16 6.336222287192286307e-02 0.000000000000000000e+00
6.400000000000000000e+01 9.145584072887118499e-01 5.555895848533683352e-03 4.593055687936162257e-02 0.000000000000000000e+00 8.571190894630481560e-01 -3.071674297701768029e-16 7.804219848914238644e-02 0.000000000000000000e+00
1.280000000000000000e+02 9.041441195548252097e-01 7.842279665505945234e-04 5.419843187020140229e-02 0.000000000000000000e+00 8.501096859065235822e-01 -3.079273581682761585e-16 8.883370488705341628e-02 0.000000000000000000e+00
2.560000000000000000e+02 9.028808964860814967e-01 6.662923973261618282e-03 5.064728862911495322e-02 0.000000000000000000e+00 8.517413353223652894e-01 -3.057444444519239990e-16 7.647953557441872219e-02 0.000000000000000000e+00
5.120000000000000000e+02 8.913587405921199469e-01 8.558017763396376723e-03 5.829998186437832658e-02 0.000000000000000000e+00 8.279494675563822126e-01 -2.960626113467694646e-16 9.481676055672094705e-02 0.000000000000000000e+00
1.024000000000000000e+03 8.764150058338284754e-01 -3.538173845311710312e-03 6.465220870271094766e-02 0.000000000000000000e+00 8.111349678287037568e-01 -2.859667881036557677e-16 1.045617249473260457e-01 0.000000000000000000e+00
2.048000000000000000e+03 8.570145843503014227e-01 2.255851492969963151e-03 7.648986107269538370e-02 0.000000000000000000e+00 8.058073902031502866e-01 -2.898544496375966630e-16 9.883472926107042533e-02 0.000000000000000000e+00
4.096000000000000000e+03 8.107899898310745312e-01 4.846305190474654682e-03 1.121742705220704350e-01 0.000000000000000000e+00 7.749754213632994437e-01 -2.776120884482078573e-16 1.017427435932129476e-01 0.000000000000000000e+00
8.192000000000000000e+03 7.585120686862637518e-01 -1.167092752273093427e-03 1.556880336090735728e-01 0.000000000000000000e+00 7.384728653093213246e-01 -2.672994435929461028e-16 1.226331611482063821e-01 0.000000000000000000e+00
1.638400000000000000e+04 6.913431365838604847e-01 5.888584477768808549e-03 1.997201610379541747e-01 0.000000000000000000e+00 6.951031853493753188e-01 -2.513062896745229548e-16 1.350955687713041309e-01 0.000000000000000000e+00
3.276800000000000000e+04 6.075164435594563317e-01 1.978946418819995268e-03 2.680724198636078581e-01 0.000000000000000000e+00 6.655212135884109870e-01 -2.384353184702365837e-16 1.374670659164099196e-01 0.000000000000000000e+00
6.553600000000000000e+04 5.420266749086162239e-01 5.612814011281606983e-04 2.668135919770024400e-01 0.000000000000000000e+00 5.945966632616637160e-01 -2.126933778188771211e-16 1.460000791447109425e-01 0.000000000000000000e+00
1.310720000000000000e+05 4.569552198683555777e-01 6.654109557815388563e-03 2.711210389355469541e-01 0.000000000000000000e+00 5.074249669949139063e-01 -1.843377066351906456e-16 1.758007446009327013e-01 0.000000000000000000e+00
2.621440000000000000e+05 2.713449097746825078e-01 -6.178597129103462378e-03 3.786772376871040957e-01 0.000000000000000000e+00 4.826449120341479992e-01 -1.726776148308250939e-16 1.712980417497004804e-01 0.000000000000000000e+00
5.242880000000000000e+05 2.715868223394308223e-01 1.612136066965321433e-03 3.311008629184343244e-01 0.000000000000000000e+00 4.456494311062132452e-01 -1.653581378253453465e-16 1.651289906054436152e-01 0.000000000000000000e+00
1.048576000000000000e+06 2.171279632084358591e-01 -8.679044810950661132e-03 2.945437871287368004e-01 0.000000000000000000e+00 3.198025846239898606e-01 -1.239791782076553864e-16 2.127107956654000764e-01 0.000000000000000000e+00
2.097152000000000000e+06 1.397728260088832442e-01 1.633193825348091058e-02 3.051791811585796155e-01 0.000000000000000000e+00 3.122373219773877384e-01 -1.166680761121344841e-16 2.004977221754066230e-01 0.000000000000000000e+00
4.194304000000000000e+06 1.408144884451429935e-01 1.044896731846532353e-02 3.007330398851416065e-01 0.000000000000000000e+00 3.330617255370655894e-01 -1.267183898914499391e-16 1.846940161837322958e-01 0.000000000000000000e+00
8.388608000000000000e+06 1.821135548150006611e-01 -1.244250318683670122e-02 2.414434712844762687e-01 0.000000000000000000e+00 2.152617415519638699e-01 -7.869137834808351721e-17 1.889765186864929836e-01 0.000000000000000000e+00
1.677721600000000000e+07 6.311064190779872018e-02 2.036635535817170675e-02 2.723798587166012530e-01 0.000000000000000000e+00 1.584763333627192683e-01 -6.408117442442860293e-17 2.168698079181045346e-01 0.000000000000000000e+00
3.355443200000000000e+07 1.541995615670403996e-01 8.225510345841322707e-03 1.952131918945002320e-01 0.000000000000000000e+00 8.600544139301720403e-02 -3.717077567316554577e-17 1.739883363052527054e-01 0.000000000000000000e+00
6.710886400000000000e+07 5.525979935784869346e-02 -5.993864380094884176e-03 1.716486102082651066e-01 0.000000000000000000e+00 6.013848483904317421e-02 -2.316650132949786806e-17 1.522759017220201849e-01 0.000000000000000000e+00
1.342177280000000000e+08 -8.394023841234851332e-03 1.611320109094976569e-02 1.853273814105091399e-01 0.000000000000000000e+00 1.216782536255204966e-01 -4.546943836522987494e-17 1.399210071544445821e-01 0.000000000000000000e+00
2.684354560000000000e+08 1.779623985258098340e-03 -1.621204693664026267e-02 1.554163804413813410e-01 0.000000000000000000e+00 2.810561676597876993e-02 -1.355371464710670958e-17 1.408940394496144277e-01 0.000000000000000000e+00
5.368709120000000000e+08 -5.108497454491375996e-03 -5.373617856114087411e-03 1.608152677055296187e-01 0.000000000000000000e+00 3.640504851777039141e-02 -1.941367821824468198e-17 1.687448764061298123e-01 0.000000000000000000e+00
1.073741824000000000e+09 -2.341424079430901029e-02 -1.227245308591511617e-02 1.817014837988205345e-01 0.000000000000000000e+00 3.915336095216198631e-02 -1.941847419428526972e-17 1.437364903263523286e-01 0.000000000000000000e+00
2.147483648000000000e+09 -4.181468420903706323e-02 2.193235198400102920e-02 1.342600118394250974e-01 0.000000000000000000e+00 -5.725061123395830918e-03 4.131889827438825371e-18 1.217645063706668807e-01 0.000000000000000000e+00
4.294967296000000000e+09 -1.120217075262805277e-02 3.481637562555798399e-02 1.768219005286942869e-01 0.000000000000000000e+00 -6.484196595188082557e-02 2.028544983845033557e-17 1.882407645015337916e-01 0.000000000000000000e+00
8.589934592000000000e+09 -1.207873387418034869e-03 -9.093579684558580900e-03 1.517024333519372548e-01 0.000000000000000000e+00 4.960520197926619052e-02 -2.446072796437589179e-17 1.369554990762258673e-01 0.000000000000000000e+00
1.717986918400000000e+10 -1.596377625212926435e-02 1.513791099362985296e-02 1.524044241484980855e-01 0.000000000000000000e+00 1.923878681593825177e-02 -1.118106699682465506e-17 1.441197578482532604e-01 0.000000000000000000e+00
3.435973836800000000e+10 3.467492530530202899e-02 -1.059013636986813958e-02 1.370116802432848890e-01 0.000000000000000000e+00 -1.241649401566526437e-02 4.243608912099529404e-18 1.405097431827497245e-01 0.000000000000000000e+00
6.871947673600000000e+10 1.414524550099842404e-02 -4.492174494194945203e-03 1.590275273496680741e-01 0.000000000000000000e+00 -5.972064938515146693e-02 2.783360466819896976e-17 1.390422859522522925e-01 0.000000000000000000e+00
1.374389534720000000e+11 -1.952113470133107556e-02 6.403133937643394440e-03 1.367149583838680738e-01 0.000000000000000000e+00 -3.830951675286400904e-02 1.851885162608699645e-17 1.342214182100190389e-01 0.000000000000000000e+00
2.748779069440000000e+11 -3.598226392153214964e-02 -6.038348604074224475e-03 1.609824318618855166e-01 0.000000000000000000e+00 -2.624704929507611431e-02 8.340013742224242108e-18 1.338298572658469798e-01 0.000000000000000000e+00
5.497558138880000000e+11 -1.391425682226863064e-03 -1.543245931200679273e-02 1.572408208724383749e-01 0.000000000000000000e+00 -8.779714210363812402e-03 7.357671382176704132e-18 1.675470444485197552e-01 0.000000000000000000e+00
