
# dim_loc 4
# L 6
# n_dis 100
# JZZ 1.0
# hZ 1.0
# hX 1.0
# alphas [ 0.2475+0.42868257j  1.0000+0.j          0.2475-0.42868257j]
# betas [ 0.1   0.01  0.1 ]
# lambdas [ 0.1  1.   0.1]
# phi 1.0471975511965976
# lambd 0.01
# gap 0.00153398078789 6.72053630252e-36
# shifted_gap 2.7057751624e-05 4.26068333399e-09
# shifted_gap_2 2.65307215282e-05 3.93217013314e-09
# log10_gap -3.04282969622 0.000275760401995
# log10_shifted_gap -6.07397058239 1.09187316773
# log10_shifted_gap_2 -6.53868274733 1.1336909304
# ratio 0.395860968955 0.000179465665113
# time	Re(Z)\Im(Z)	Var(Re(Z))	Var(Im(Z))
1.000000000000000000e+00 9.960574609416532610e-01 -1.009972545712844311e-04 2.240353703395004726e-05 0.000000000000000000e+00 9.922684697825614464e-01 -2.428769133846117356e-16 7.641703675858921145e-05 0.000000000000000000e+00
2.000000000000000000e+00 9.906733681392977386e-01 -2.898239427032953965e-04 2.186634482188087923e-04 0.000000000000000000e+00 9.819298888047496288e-01 -1.166238428136840389e-16 6.561176013765803762e-04 0.000000000000000000e+00
4.000000000000000000e+00 9.766806383953877679e-01 -1.070705742495185048e-03 2.249511633785593930e-03 0.000000000000000000e+00 9.560608123051279605e-01 -3.357572384957477746e-16 5.718397599775063879e-03 0.000000000000000000e+00
8.000000000000000000e+00 9.479706785544704806e-01 -2.795090218670381790e-03 1.666640228590906755e-02 0.000000000000000000e+00 9.060140854430430712e-01 -3.149658090287394487e-16 3.494749956277362624e-02 0.000000000000000000e+00
1.600000000000000000e+01 9.073130564844765766e-01 -4.376129750265861894e-03 6.291565441811243498e-02 0.000000000000000000e+00 8.442068748256648103e-01 -2.932818076844375284e-16 1.082105496850463006e-01 0.000000000000000000e+00
3.200000000000000000e+01 9.044484502282381655e-01 3.829054586081594418e-03 6.006400134049979384e-02 0.000000000000000000e+00 8.543323606059918252e-01 -3.000514682100216006e-16 8.614377872153407278e-02 0.000000000000000000e+00
6.400000000000000000e+01 8.920449186402171771e-01 -1.095842939840259303e-03 6.207416130122812153e-02 0.000000000000000000e+00 8.408372574137178423e-01 -2.960328328845134189e-16 8.845699639440206263e-02 0.000000000000000000e+00
1.280000000000000000e+02 8.735120508975162679e-01 -5.735419143891441578e-03 7.784363055254184260e-02 0.000000000000000000e+00 8.167506210175775605e-01 -2.897381726952531165e-16 1.063459328022874906e-01 0.000000000000000000e+00
2.560000000000000000e+02 8.711178741255874991e-01 -9.445337852789113461e-03 7.259581169906138831e-02 0.000000000000000000e+00 8.115128462459448855e-01 -2.850977679150786854e-16 1.018053267880550256e-01 0.000000000000000000e+00
5.120000000000000000e+02 8.566070248204833426e-01 -3.662108540018476840e-03 7.826408929717609819e-02 0.000000000000000000e+00 7.944219375901128144e-01 -2.817006990384513726e-16 1.074945270654620588e-01 0.000000000000000000e+00
1.024000000000000000e+03 8.434249399481713594e-01 -1.829422114459968449e-04 8.772196071175181187e-02 0.000000000000000000e+00 7.822449511964604252e-01 -2.769642349949707107e-16 1.170021436805288306e-01 0.000000000000000000e+00
2.048000000000000000e+03 8.430155869319401196e-01 -9.907752452703137702e-03 8.012832254026611145e-02 0.000000000000000000e+00 7.839530476340217380e-01 -2.737194038114065574e-16 1.066193558952587828e-01 0.000000000000000000e+00
4.096000000000000000e+03 8.430450423782348546e-01 -1.219302726061726426e-02 7.209616512034394686e-02 0.000000000000000000e+00 7.788966971598417777e-01 -2.770305176630140066e-16 1.038147756930831583e-01 0.000000000000000000e+00
8.192000000000000000e+03 8.109435019671457079e-01 -7.525627031541061440e-03 9.692355725783270703e-02 0.000000000000000000e+00 7.481572992065477212e-01 -2.654089231128648583e-16 1.278351040917711789e-01 0.000000000000000000e+00
1.638400000000000000e+04 7.698564661406435139e-01 -5.787850988865128436e-03 1.324369053705257426e-01 0.000000000000000000e+00 7.357205315058757966e-01 -2.593240356032237949e-16 1.252356108935312184e-01 0.000000000000000000e+00
3.276800000000000000e+04 7.348490262395402928e-01 -8.704863352700188683e-03 1.559912515670044963e-01 0.000000000000000000e+00 7.244416980131554995e-01 -2.554662985325789532e-16 1.149954353447043554e-01 0.000000000000000000e+00
6.553600000000000000e+04 6.775231410975117718e-01 -2.864561344378457886e-03 1.811644154524648664e-01 0.000000000000000000e+00 6.735377464076206522e-01 -2.319948324871091910e-16 1.383790460961935032e-01 0.000000000000000000e+00
1.310720000000000000e+05 6.069241680567707409e-01 -7.683363245778629565e-03 2.227085435888730425e-01 0.000000000000000000e+00 6.428099951593296835e-01 -2.205455712724424893e-16 1.330887569634850165e-01 0.000000000000000000e+00
2.621440000000000000e+05 5.596797932948843757e-01 2.876009939879328563e-03 2.237092497288286630e-01 0.000000000000000000e+00 5.749478574311849277e-01 -2.005169406274358407e-16 1.614641881799044054e-01 0.000000000000000000e+00
5.242880000000000000e+05 4.737241537783234424e-01 -2.710214718673865930e-03 2.423984423333208349e-01 0.000000000000000000e+00 5.349954492263411243e-01 -1.877206043432224257e-16 1.608810435245228154e-01 0.000000000000000000e+00
1.048576000000000000e+06 3.695929472469627330e-01 -4.972524474092884610e-03 2.656626161639710770e-01 0.000000000000000000e+00 4.753088759174364797e-01 -1.658676986922363914e-16 1.704726893547204025e-01 0.000000000000000000e+00
2.097152000000000000e+06 3.061730688103554421e-01 3.305835623657900086e-03 2.926397675394549203e-01 0.000000000000000000e+00 4.208840111281894059e-01 -1.475535458341973865e-16 1.825713301918245879e-01 0.000000000000000000e+00
4.194304000000000000e+06 2.656445079291547828e-01 1.986233366763597713e-02 2.364629103667079957e-01 0.000000000000000000e+00 3.295262020151993876e-01 -1.113852829939893166e-16 1.718363670060097104e-01 0.000000000000000000e+00
8.388608000000000000e+06 1.829782742376614146e-01 -6.850766130107347959e-03 2.095442056891191895e-01 0.000000000000000000e+00 2.566489947589378762e-01 -8.537318661035082387e-17 1.573799249477495221e-01 0.000000000000000000e+00
1.677721600000000000e+07 5.370059089455891943e-02 -3.275226011954701991e-03 2.294156037498813194e-01 0.000000000000000000e+00 2.250205996438187361e-01 -7.043874166819869274e-17 1.465326294245427874e-01 0.000000000000000000e+00
3.355443200000000000e+07 3.492997881937203591e-02 -1.779683161983001277e-02 1.897750625496278931e-01 0.000000000000000000e+00 1.828887820773982542e-01 -5.612659871356495086e-17 1.433916883846037271e-01 0.000000000000000000e+00
6.710886400000000000e+07 9.248932122927187166e-03 -9.659350527612624304e-03 1.747643298419990776e-01 0.000000000000000000e+00 1.071866732751428769e-01 -3.011995623234230250e-17 1.299291619012071797e-01 0.000000000000000000e+00
1.342177280000000000e+08 -7.044092783450988174e-03 -5.860014197583285865e-03 1.809413979115923055e-01 0.000000000000000000e+00 1.040767737570018753e-01 -3.172016015560872039e-17 1.481533357684132468e-01 0.000000000000000000e+00
2.684354560000000000e+08 1.705315856786335585e-02 -1.411929318429560806e-02 1.669182391708085300e-01 0.000000000000000000e+00 2.333286847216750615e-02 -5.051250399227000385e-18 1.604015606233584745e-01 0.000000000000000000e+00
5.368709120000000000e+08 1.815753056698949167e-02 1.549339144791790808e-03 1.632028466080592821e-01 0.000000000000000000e+00 7.221540023088583726e-02 -1.948220391656172658e-17 1.101817421842979650e-01 0.000000000000000000e+00
1.073741824000000000e+09 6.358916803732698499e-03 1.443777256265036573e-03 1.388495381688286401e-01 0.000000000000000000e+00 -4.240446355614418267e-02 2.313622235689200439e-17 1.361777998301550163e-01 0.000000000000000000e+00
2.147483648000000000e+09 3.162455582035603174e-02 -3.158615066324054615e-02 1.596750998216668882e-01 0.000000000000000000e+00 4.975666356905245058e-02 -1.141476186866448959e-17 1.405575771818250441e-01 0.000000000000000000e+00
4.294967296000000000e+09 7.292104441285465755e-02 -2.171936747303996121e-02 1.538712889995522137e-01 0.000000000000000000e+00 -1.127316850777334949e-02 7.385938950630780708e-18 1.342453020727289170e-01 0.000000000000000000e+00
8.589934592000000000e+09 2.636909374253595950e-02 -3.860965378581004276e-03 1.239713782381988705e-01 0.000000000000000000e+00 -3.315956518562401117e-02 1.480391784266953708e-17 1.152798364025078154e-01 0.000000000000000000e+00
1.717986918400000000e+10 -7.325931187831388400e-03 1.617443823397775662e-02 1.250189500596290415e-01 0.000000000000000000e+00 -2.175896949058298002e-02 1.000657188427902034e-17 1.183045194293172175e-01 0.000000000000000000e+00
3.435973836800000000e+10 -8.618933780751416923e-04 -9.885902627338480006e-03 1.350850963465861920e-01 0.000000000000000000e+00 1.439908007280477163e-03 -1.892328742919322181e-18 1.323155350029505406e-01 0.000000000000000000e+00
6.871947673600000000e+10 1.261125766269086254e-03 -2.616692143263080975e-03 1.374873899725391202e-01 0.000000000000000000e+00 5.178755795591410277e-02 -1.510589397291140909e-17 1.473262729125306147e-01 0.000000000000000000e+00
1.374389534720000000e+11 1.039306060130959670e-02 -7.771706182586486482e-03 1.256013844328714713e-01 0.000000000000000000e+00 4.564675868395444425e-02 -1.221636620609316437e-17 1.250375545912509045e-01 0.000000000000000000e+00
2.748779069440000000e+11 -1.019638107405630364e-02 -3.178619623835753777e-02 1.361414693440436419e-01 0.000000000000000000e+00 4.083523036076286417e-03 -4.684981799151340876e-18 1.143993968185867960e-01 0.000000000000000000e+00
5.497558138880000000e+11 4.478699922529098300e-03 -1.216839934539007233e-02 1.280514753767188485e-01 0.000000000000000000e+00 -5.962177805646641515e-02 2.473767060279076715e-17 1.169888722410438037e-01 0.000000000000000000e+00
