
# dim_loc 4
# L 6
# n_dis 100
# JZZ 1.0
# hZ 1.0
# hX 1.0
# alphas [ 0.1+0.17320508j  1.0+0.j          0.1-0.17320508j]
# betas [ 0.1  0.6  0.1]
# lambdas [ 0.1  1.   0.1]
# phi 1.0471975511965976
# lambd 0.6
# gap 0.00153398078789 6.76379449463e-36
# shifted_gap 0.00739449091908 0.000141727601701
# shifted_gap_2 8.68257955677e-05 1.19990190492e-08
# log10_gap -2.95969251737 0.00141743559672
# log10_shifted_gap -2.55471622816 0.247916057701
# log10_shifted_gap_2 -4.95761210925 0.887545228306
# ratio 0.466570413644 0.00185249449724
# time	Re(Z)\Im(Z)	Var(Re(Z))	Var(Im(Z))
1.000000000000000000e+00 7.960597472805567287e-01 9.559560518062743177e-07 3.196480065528914394e-02 0.000000000000000000e+00 9.928497965201592557e-01 -2.394607014047549577e-16 7.640501137806993853e-05 0.000000000000000000e+00
2.000000000000000000e+00 4.369572560263961791e-01 1.261565068503553972e-05 2.081883916281392355e-01 0.000000000000000000e+00 9.814738427869763582e-01 -1.188768959484272892e-16 8.604027669622068717e-04 0.000000000000000000e+00
4.000000000000000000e+00 2.892365648403469325e-01 2.044134737406071232e-04 2.245366766772451672e-01 0.000000000000000000e+00 9.553720852890037474e-01 -3.474478516524317681e-16 6.681093364877616764e-03 0.000000000000000000e+00
8.000000000000000000e+00 2.725413820176623703e-01 -1.976868397854915360e-03 1.775944825864808341e-01 0.000000000000000000e+00 9.169613227365016606e-01 -3.315069288149472611e-16 2.614755555111641580e-02 0.000000000000000000e+00
1.600000000000000000e+01 2.589819343392049111e-01 7.590949896145129288e-04 1.310354958470758835e-01 0.000000000000000000e+00 8.822283844288718591e-01 -3.169981805734299991e-16 3.951363004798525563e-02 0.000000000000000000e+00
3.200000000000000000e+01 1.661918320748782818e-01 8.624792231746812978e-05 1.113066104650688309e-01 0.000000000000000000e+00 8.433697463541155459e-01 -3.043486925478429289e-16 4.590471167608325964e-02 0.000000000000000000e+00
6.400000000000000000e+01 1.012990277642991377e-01 9.162858846194233678e-04 8.691897144810339926e-02 0.000000000000000000e+00 7.896983643503051598e-01 -2.833829300499939088e-16 6.043624611591499191e-02 0.000000000000000000e+00
1.280000000000000000e+02 8.129288153352652591e-02 1.319405101148400910e-03 6.342721008469937027e-02 0.000000000000000000e+00 7.444403112338763284e-01 -2.687757481105969554e-16 6.279926009608566284e-02 0.000000000000000000e+00
2.560000000000000000e+02 6.154442032165190896e-02 -8.837707994921766485e-04 4.181918213104258292e-02 0.000000000000000000e+00 6.936753604349991109e-01 -2.514115778506737571e-16 6.907745882486940325e-02 0.000000000000000000e+00
5.120000000000000000e+02 3.136294283485291379e-02 -4.609675012241151162e-04 2.712967753027035328e-02 0.000000000000000000e+00 6.356273233596638761e-01 -2.301362768190458576e-16 7.850185330959050245e-02 0.000000000000000000e+00
1.024000000000000000e+03 2.031805750021763515e-02 6.078887151055067158e-04 2.245227119216352749e-02 0.000000000000000000e+00 5.860639226035230243e-01 -2.126321981922597249e-16 8.336689115835108077e-02 0.000000000000000000e+00
2.048000000000000000e+03 6.849974509397828600e-03 -9.910069473640862724e-04 1.809204382692772284e-02 0.000000000000000000e+00 5.430210901331351536e-01 -1.978210348695274736e-16 8.677994383886994401e-02 0.000000000000000000e+00
4.096000000000000000e+03 1.621969305206719114e-02 -1.286345902462345892e-03 1.767464327837665189e-02 0.000000000000000000e+00 5.147686945677223402e-01 -1.864290535760724918e-16 8.743189763635618450e-02 0.000000000000000000e+00
8.192000000000000000e+03 8.832871158065924017e-03 -7.385354468159898225e-04 1.566114445656260554e-02 0.000000000000000000e+00 4.750456493230420518e-01 -1.702915740599971315e-16 9.075276437399275309e-02 0.000000000000000000e+00
1.638400000000000000e+04 -3.128603372734285477e-03 -8.591090851381785612e-04 1.481563699258672644e-02 0.000000000000000000e+00 4.063081748607392796e-01 -1.460298417261104739e-16 1.013120323208266532e-01 0.000000000000000000e+00
3.276800000000000000e+04 8.555075763636389025e-03 -7.024632368052516904e-04 1.340147130623813715e-02 0.000000000000000000e+00 3.480441396527149678e-01 -1.241013443281604613e-16 1.022924579173929149e-01 0.000000000000000000e+00
6.553600000000000000e+04 1.305249027651596153e-03 -1.232210023133307195e-03 9.414407847899755252e-03 0.000000000000000000e+00 2.907136404570817012e-01 -1.039181447007272220e-16 1.015729923575586779e-01 0.000000000000000000e+00
1.310720000000000000e+05 2.764840689207545381e-03 4.754372623021182261e-04 7.955149265296689032e-03 0.000000000000000000e+00 2.255274364603341297e-01 -7.982244148098063019e-17 9.351068479347580953e-02 0.000000000000000000e+00
2.621440000000000000e+05 -6.628407625481663214e-03 -4.621390104340600572e-04 8.067454259388425614e-03 0.000000000000000000e+00 1.660706344337219698e-01 -5.816165681140794031e-17 8.022643396042047903e-02 0.000000000000000000e+00
5.242880000000000000e+05 -4.654324965796216920e-03 -1.931906928366182918e-03 7.923612281391021611e-03 0.000000000000000000e+00 1.324468544029297479e-01 -4.648675778799417435e-17 7.029058296417799168e-02 0.000000000000000000e+00
1.048576000000000000e+06 -2.351159057510494865e-03 -7.493154018242924449e-04 7.276258606853766749e-03 0.000000000000000000e+00 1.133326162926280162e-01 -3.871652875020029041e-17 5.689796435481562359e-02 0.000000000000000000e+00
2.097152000000000000e+06 1.954448601490367185e-03 -2.559307597983288569e-03 6.467717926931483390e-03 0.000000000000000000e+00 8.179889200907025648e-02 -2.767722130770605515e-17 4.696578197727587639e-02 0.000000000000000000e+00
4.194304000000000000e+06 7.473764395603133947e-04 6.671917405306759807e-04 8.452263113427286451e-03 0.000000000000000000e+00 6.021130737272737538e-02 -2.304236902519375644e-17 3.856652130307545306e-02 0.000000000000000000e+00
8.388608000000000000e+06 7.933775668298672160e-03 1.698601613956140155e-03 7.878235261127429501e-03 0.000000000000000000e+00 4.911972650949314456e-02 -1.816264922378062718e-17 3.339346320871906804e-02 0.000000000000000000e+00
1.677721600000000000e+07 9.235158132137787079e-03 1.804832829038161826e-03 6.232319130683263743e-03 0.000000000000000000e+00 3.317495673998240024e-02 -1.205740656293718518e-17 2.215081622804656800e-02 0.000000000000000000e+00
3.355443200000000000e+07 -3.158890221094366041e-03 -5.298508469901037736e-03 7.738493954789397652e-03 0.000000000000000000e+00 2.573571565334424951e-02 -7.923659629676592715e-18 2.059515886913652546e-02 0.000000000000000000e+00
6.710886400000000000e+07 3.452754992837310348e-03 3.204185500190465889e-03 4.973502349068581636e-03 0.000000000000000000e+00 2.134437041375069136e-02 -7.691433198449548476e-18 1.852424964668942728e-02 0.000000000000000000e+00
1.342177280000000000e+08 4.942428180701170619e-03 -3.721352582802968465e-03 5.040427458686625242e-03 0.000000000000000000e+00 1.167775692906603859e-02 -3.343411296387844407e-18 8.316510054569545979e-03 0.000000000000000000e+00
2.684354560000000000e+08 1.020508542173885133e-02 2.765128177450450978e-03 5.899368165441649416e-03 0.000000000000000000e+00 -4.406593699073296094e-03 1.767892777645002688e-18 1.296613407233567807e-02 0.000000000000000000e+00
5.368709120000000000e+08 2.743593172640466059e-03 -6.139722831133142579e-03 6.754530398849490670e-03 0.000000000000000000e+00 1.168222101360842646e-02 -4.567590588255756920e-18 1.218542525019943382e-02 0.000000000000000000e+00
1.073741824000000000e+09 -1.441254688486408612e-03 5.388796952913949088e-04 4.934975643229538508e-03 0.000000000000000000e+00 7.121082673948359726e-03 -1.468531462907272164e-18 1.191820991329618426e-02 0.000000000000000000e+00
2.147483648000000000e+09 2.714210870565202278e-03 -3.749033358099414411e-03 5.757671984238534220e-03 0.000000000000000000e+00 2.241310205344786838e-02 -6.742894967510703425e-18 1.216228186115950183e-02 0.000000000000000000e+00
4.294967296000000000e+09 -7.065334339303638508e-03 -5.743636200945221280e-03 6.155689027702280353e-03 0.000000000000000000e+00 -4.129327558602322729e-03 3.062856522402320185e-18 1.025761965656694398e-02 0.000000000000000000e+00
8.589934592000000000e+09 -9.140764685302815371e-03 3.033847431228038627e-03 6.764031837223091412e-03 0.000000000000000000e+00 -2.910917218916527546e-03 6.744337567128544739e-19 1.427693196313994418e-02 0.000000000000000000e+00
1.717986918400000000e+10 -1.319034607916229253e-03 5.294787083858942811e-03 6.115858273222347583e-03 0.000000000000000000e+00 -4.696260970324118642e-03 3.212728035120389545e-18 8.109523794972227362e-03 0.000000000000000000e+00
3.435973836800000000e+10 2.107378458694591887e-03 6.299203079172876552e-04 6.999232025917104597e-03 0.000000000000000000e+00 -8.196101974206648419e-03 3.800370672270922143e-18 9.787917691271090861e-03 0.000000000000000000e+00
6.871947673600000000e+10 1.364009903785182339e-03 4.494486520407993077e-04 7.148934958427583843e-03 0.000000000000000000e+00 4.399034303967831391e-03 -4.415828752587589250e-20 1.200183585445110251e-02 0.000000000000000000e+00
1.374389534720000000e+11 5.163601754351652626e-03 1.667057946844670161e-03 5.467286073260592058e-03 0.000000000000000000e+00 1.048522074517898445e-03 2.135252679941934836e-18 1.199883983035278726e-02 0.000000000000000000e+00
2.748779069440000000e+11 -3.335647747509428232e-04 3.762188029310921064e-04 6.594901994269737958e-03 0.000000000000000000e+00 -1.291863018393453293e-02 6.329033347393444834e-18 9.437368500929197226e-03 0.000000000000000000e+00
5.497558138880000000e+11 3.964123252581869435e-03 -8.439771566984683154e-04 6.006776198346596221e-03 0.000000000000000000e+00 -4.158333732829167309e-03 1.563715669607310356e-18 1.410882558707609973e-02 0.000000000000000000e+00
