
# dim_loc 4
# L 3
# n_dis 100
# JZZ 1.0
# hZ 1.0
# hX 1.0
# alphas [ 0.175+0.30310889j  1.000+0.j          0.175-0.30310889j]
# betas [ 0.1  0.3  0.1]
# lambdas [ 0.1  1.   0.1]
# phi 1.0471975511965976
# lambd 0.3
# gap 0.0981747704247 2.33307153463e-32
# shifted_gap 0.0303125979637 0.000487775772797
# shifted_gap_2 0.00189673455666 5.67541261615e-06
# log10_gap -1.18227882584 0.00227757308281
# log10_shifted_gap -1.97316897599 0.373310582116
# log10_shifted_gap_2 -4.19333433512 0.658180965948
# ratio 0.426165390611 0.00478352571376
# time	Re(Z)\Im(Z)	Var(Re(Z))	Var(Im(Z))
1.000000000000000000e+00 9.451101015754527213e-01 -3.882021732647201518e-05 2.353824390273094678e-03 0.000000000000000000e+00 9.923589817881753872e-01 -2.598170802468388003e-16 8.584799575202026038e-05 0.000000000000000000e+00
2.000000000000000000e+00 8.589269545462187017e-01 -6.917950162646957935e-04 2.308046215505360141e-02 0.000000000000000000e+00 9.808997578608933399e-01 -1.177224647047487818e-16 8.503969369228103932e-04 0.000000000000000000e+00
4.000000000000000000e+00 7.223863262352995251e-01 -1.477852206432173424e-03 1.218511353601959279e-01 0.000000000000000000e+00 9.533481220261649236e-01 -3.613702476289858555e-16 6.869373863645935815e-03 0.000000000000000000e+00
8.000000000000000000e+00 6.199808312581138736e-01 -5.106069244546013186e-03 2.031190410212252717e-01 0.000000000000000000e+00 9.082073865570252647e-01 -3.448166755484052617e-16 3.391198531076600187e-02 0.000000000000000000e+00
1.600000000000000000e+01 5.724328550362862700e-01 -2.465223493758667093e-03 1.961805176416196173e-01 0.000000000000000000e+00 8.734136061751711644e-01 -3.351885397487484881e-16 5.379393165284120787e-02 0.000000000000000000e+00
3.200000000000000000e+01 4.769175294170062140e-01 -6.226633041979933066e-03 2.121162803638953764e-01 0.000000000000000000e+00 8.487616223963336815e-01 -3.211543634675689179e-16 6.485158676618309193e-02 0.000000000000000000e+00
6.400000000000000000e+01 3.376353650471747292e-01 -4.791965097490786737e-03 2.182873090942318572e-01 0.000000000000000000e+00 8.201990629531782373e-01 -3.122428773768867640e-16 7.378872200350265753e-02 0.000000000000000000e+00
1.280000000000000000e+02 2.054959961190076234e-01 -1.365001291392647009e-03 2.230349143074120966e-01 0.000000000000000000e+00 8.026117255559389596e-01 -3.031658952244423694e-16 6.900607158385259343e-02 0.000000000000000000e+00
2.560000000000000000e+02 7.497660315926177321e-02 -1.064188461176132422e-03 2.537801024395013871e-01 0.000000000000000000e+00 7.385157869296177235e-01 -2.727406694787860888e-16 9.839145490145388695e-02 0.000000000000000000e+00
5.120000000000000000e+02 6.675565209361308816e-02 -1.874575807033831976e-03 2.211032358409056042e-01 0.000000000000000000e+00 7.030042813468608820e-01 -2.628242599896274860e-16 9.500862478472814343e-02 0.000000000000000000e+00
1.024000000000000000e+03 6.872850165182232962e-02 7.284240932104719783e-03 1.905404830836476548e-01 0.000000000000000000e+00 6.387768475530315460e-01 -2.418224417029399279e-16 1.202282124248462980e-01 0.000000000000000000e+00
2.048000000000000000e+03 4.238596687974549582e-02 -1.034842558024981485e-04 1.851665652908979498e-01 0.000000000000000000e+00 5.585838779547421806e-01 -2.081371420336898114e-16 1.335758091623262533e-01 0.000000000000000000e+00
4.096000000000000000e+03 1.089050749261402107e-01 2.471730459839377187e-03 1.486969412967241444e-01 0.000000000000000000e+00 4.832784075219591635e-01 -1.811976178843776539e-16 1.427035367858834614e-01 0.000000000000000000e+00
8.192000000000000000e+03 -4.475681132832343666e-03 -3.082870142576620790e-03 1.287936999532782179e-01 0.000000000000000000e+00 4.265378797601981908e-01 -1.584973837540262618e-16 1.384961485018867122e-01 0.000000000000000000e+00
1.638400000000000000e+04 -4.885364944781035723e-02 3.913406792912435712e-03 1.330310730490400217e-01 0.000000000000000000e+00 3.762210552879181602e-01 -1.439806845671671818e-16 1.377831691572644346e-01 0.000000000000000000e+00
3.276800000000000000e+04 1.042823942477336639e-02 -1.940661896891896897e-03 1.354860269446957199e-01 0.000000000000000000e+00 3.160727909611770747e-01 -1.171016136502708978e-16 1.537144644577224939e-01 0.000000000000000000e+00
6.553600000000000000e+04 3.772010702124961590e-02 -6.361567798632990732e-03 1.430649243078238042e-01 0.000000000000000000e+00 2.529808845746317481e-01 -9.063099669611750518e-17 1.730518631642783411e-01 0.000000000000000000e+00
1.310720000000000000e+05 9.014216548231568024e-03 -1.495157536551747039e-02 1.089363940795878005e-01 0.000000000000000000e+00 2.093188905785732523e-01 -7.321792069960037117e-17 1.409931332310968011e-01 0.000000000000000000e+00
2.621440000000000000e+05 -8.290281443563463776e-03 -1.533713179075958492e-02 1.305864937446286345e-01 0.000000000000000000e+00 1.188501025495079105e-01 -4.450462518188056667e-17 1.465684509828997506e-01 0.000000000000000000e+00
5.242880000000000000e+05 -8.040460426111379830e-03 2.420800108591690189e-02 1.041732158415154125e-01 0.000000000000000000e+00 1.119760643212532186e-01 -4.182291020260519937e-17 1.612045275754259432e-01 0.000000000000000000e+00
1.048576000000000000e+06 -1.046942407170856071e-02 -1.566195492364064884e-02 1.243153060109725982e-01 0.000000000000000000e+00 8.222505553959476299e-02 -3.346191354635704847e-17 1.460547012874479078e-01 0.000000000000000000e+00
2.097152000000000000e+06 3.857098251851862059e-03 1.510297801300128362e-02 1.219191362110633031e-01 0.000000000000000000e+00 1.041174132117497070e-02 -1.186682859878565060e-17 1.376639454969170451e-01 0.000000000000000000e+00
4.194304000000000000e+06 9.799494767309464838e-03 2.361732414423545895e-02 1.115959531933733428e-01 0.000000000000000000e+00 7.396312165851744169e-02 -2.440419816987664086e-17 1.679867128360287287e-01 0.000000000000000000e+00
8.388608000000000000e+06 3.616070199894116325e-03 2.697604393070441101e-02 1.113075052295732087e-01 0.000000000000000000e+00 1.583949708095570841e-02 -8.612981626889117183e-18 9.561645272624957892e-02 0.000000000000000000e+00
1.677721600000000000e+07 -5.888011766086212462e-02 2.269014035185516059e-02 1.116350907651735419e-01 0.000000000000000000e+00 -3.517594754623756467e-03 5.752638880790144104e-18 1.467479601217090701e-01 0.000000000000000000e+00
3.355443200000000000e+07 -7.180463273248663923e-03 -3.158169173561710397e-02 1.235167202922105439e-01 0.000000000000000000e+00 -2.065330312643418390e-02 5.531381207030526933e-18 1.782559875797548321e-01 0.000000000000000000e+00
6.710886400000000000e+07 -4.555384722920161056e-02 2.244387097934412087e-02 1.060877947117690595e-01 0.000000000000000000e+00 1.561916483600477197e-02 -4.330170485953711468e-18 1.446767749871822051e-01 0.000000000000000000e+00
1.342177280000000000e+08 4.110908700185955666e-02 2.797619654655566016e-02 1.126970898465298881e-01 0.000000000000000000e+00 4.964835595721795586e-02 -2.284699817377514553e-17 1.302783032680066011e-01 0.000000000000000000e+00
2.684354560000000000e+08 2.551385719960457682e-02 4.364854705122434009e-02 1.143977189474481571e-01 0.000000000000000000e+00 2.409078295110642087e-02 -1.497595867812862011e-17 1.329600904206948431e-01 0.000000000000000000e+00
5.368709120000000000e+08 2.254611468604867178e-02 6.845554012392550750e-03 1.133332726918791361e-01 0.000000000000000000e+00 3.115337514544936140e-02 -5.926010187596824423e-18 1.389594850058125108e-01 0.000000000000000000e+00
1.073741824000000000e+09 1.331846819796827185e-04 2.685517542779264355e-02 1.092759277754710295e-01 0.000000000000000000e+00 2.598065350205046656e-02 -8.812001011412415356e-18 1.185046188094516645e-01 0.000000000000000000e+00
2.147483648000000000e+09 -2.726449451145757444e-02 2.373102827066659454e-02 1.174736497914403294e-01 0.000000000000000000e+00 5.693298061175243972e-03 -4.489240619480832867e-18 1.157949113532472096e-01 0.000000000000000000e+00
4.294967296000000000e+09 -3.062549553698579521e-02 1.573699174108206256e-02 8.914188264720132593e-02 0.000000000000000000e+00 -4.851673507399348328e-02 1.847011710307398127e-17 1.295949405557512424e-01 0.000000000000000000e+00
8.589934592000000000e+09 4.393490409978513533e-02 -3.321718140849898998e-03 1.102299488815783185e-01 0.000000000000000000e+00 4.821414463347509227e-02 -1.495820360928834771e-17 1.082869316869920634e-01 0.000000000000000000e+00
1.717986918400000000e+10 -2.563327948760755343e-02 -1.556956725187271136e-02 1.217350975262064400e-01 0.000000000000000000e+00 1.348094926955399273e-02 -6.576142308336229647e-20 1.418852639745026845e-01 0.000000000000000000e+00
3.435973836800000000e+10 -1.121699617963970667e-03 -3.456229548580761618e-02 1.243354396239979981e-01 0.000000000000000000e+00 -2.496661367922338101e-02 5.908264370428127201e-18 1.446847002464654586e-01 0.000000000000000000e+00
6.871947673600000000e+10 -3.749143868521283285e-02 5.005048347539643727e-02 1.029990544102105249e-01 0.000000000000000000e+00 1.507606319298505741e-02 -8.559940199060945811e-18 1.234512158399423687e-01 0.000000000000000000e+00
1.374389534720000000e+11 -2.000979068002765177e-02 -1.312912631332978190e-02 9.917652094179960076e-02 0.000000000000000000e+00 6.633890647727332113e-02 -2.266030631655101915e-17 1.299579273120473055e-01 0.000000000000000000e+00
2.748779069440000000e+11 -2.111079244891769444e-02 -2.133282020118338652e-03 1.050013597825120160e-01 0.000000000000000000e+00 -3.402213406136032209e-03 1.720876829479976649e-18 1.220427896034250170e-01 0.000000000000000000e+00
5.497558138880000000e+11 -1.310485206156599206e-02 -1.351814581288008320e-02 1.287467679794821740e-01 0.000000000000000000e+00 -6.580505206550736098e-03 2.837857082755965881e-18 1.465615442765245968e-01 0.000000000000000000e+00
