
# dim_loc 4
# L 5
# n_dis 100
# JZZ 1.0
# hZ 1.0
# hX 1.0
# alphas [ 0.1+0.17320508j  1.0+0.j          0.1-0.17320508j]
# betas [ 0.1  0.6  0.1]
# lambdas [ 0.1  1.   0.1]
# phi 1.0471975511965976
# lambd 0.6
# gap 0.00613592315154 1.09522219259e-34
# shifted_gap 0.0158428415902 0.000252792582595
# shifted_gap_2 0.000219017495881 9.0443777813e-08
# log10_gap -2.3756768731 0.00108911304089
# log10_shifted_gap -2.20426182749 0.323336952955
# log10_shifted_gap_2 -4.84662454098 1.52688474403
# ratio 0.44461704643 0.00106845740246
# time	Re(Z)\Im(Z)	Var(Re(Z))	Var(Im(Z))
1.000000000000000000e+00 7.866932801448557333e-01 1.492662580684935060e-05 3.404824107133518074e-02 0.000000000000000000e+00 9.921853554652857454e-01 -2.406116624544773274e-16 9.061291102941062159e-05 0.000000000000000000e+00
2.000000000000000000e+00 4.275549140590632069e-01 2.274930514803439935e-04 2.179827191755847049e-01 0.000000000000000000e+00 9.774780985334678984e-01 -1.118859130841990056e-16 1.203343936762346026e-03 0.000000000000000000e+00
4.000000000000000000e+00 2.947644671363464086e-01 1.406138310461758217e-03 2.323599344646200549e-01 0.000000000000000000e+00 9.441902206957104582e-01 -3.444388551847703450e-16 1.035465499554814872e-02 0.000000000000000000e+00
8.000000000000000000e+00 2.908122896280259106e-01 1.309412210055294751e-04 1.808236235227514144e-01 0.000000000000000000e+00 9.003473206390250061e-01 -3.290147119067220054e-16 3.577625629085651876e-02 0.000000000000000000e+00
1.600000000000000000e+01 2.038499857351316613e-01 9.250471380490777251e-04 1.740167549587027795e-01 0.000000000000000000e+00 8.717766315406171307e-01 -3.186545628746609849e-16 4.132662921006959034e-02 0.000000000000000000e+00
3.200000000000000000e+01 1.349378878709566743e-01 7.888259208703793509e-05 1.554818498527699155e-01 0.000000000000000000e+00 8.329097812002324019e-01 -3.057744069868077529e-16 4.826505137328221395e-02 0.000000000000000000e+00
6.400000000000000000e+01 1.147254091603131521e-01 2.796659765631578486e-03 1.191605194867575018e-01 0.000000000000000000e+00 7.885507144152585912e-01 -2.875398668981622466e-16 5.821868005253360429e-02 0.000000000000000000e+00
1.280000000000000000e+02 1.035592395074319272e-01 -7.054624768746464497e-04 9.780911932245628382e-02 0.000000000000000000e+00 7.531132492812560031e-01 -2.757674171003772786e-16 5.881689648543815541e-02 0.000000000000000000e+00
2.560000000000000000e+02 8.472871934404964389e-02 1.417660955762135074e-03 8.582438961547247946e-02 0.000000000000000000e+00 7.223433464183584007e-01 -2.655233467261132646e-16 6.308963765637344567e-02 0.000000000000000000e+00
5.120000000000000000e+02 6.756022941714404095e-02 -8.502761914757758430e-04 7.197763908923456022e-02 0.000000000000000000e+00 6.909829192961361999e-01 -2.530181740395543051e-16 6.880692609762589784e-02 0.000000000000000000e+00
1.024000000000000000e+03 5.160608755625125527e-02 8.575851804242500941e-04 5.671328362757771524e-02 0.000000000000000000e+00 6.527597787187190415e-01 -2.401894024232879343e-16 7.557173833722584388e-02 0.000000000000000000e+00
2.048000000000000000e+03 3.064962034316113734e-02 1.480910161722609204e-04 5.315373307585331136e-02 0.000000000000000000e+00 6.115284230358882800e-01 -2.228166549671276736e-16 8.781174887319956324e-02 0.000000000000000000e+00
4.096000000000000000e+03 3.739809718728950849e-02 -9.594283115693572452e-04 4.617204740080341901e-02 0.000000000000000000e+00 5.605918723586361674e-01 -2.035345051808082294e-16 9.778141000996042054e-02 0.000000000000000000e+00
8.192000000000000000e+03 2.619906375968154150e-02 1.436843007747016935e-03 3.435024273987449805e-02 0.000000000000000000e+00 4.979521385106935316e-01 -1.812342465873203873e-16 1.236996358237112126e-01 0.000000000000000000e+00
1.638400000000000000e+04 -5.387305771033312936e-03 3.063345819914109675e-04 2.993997626494345962e-02 0.000000000000000000e+00 4.297620127073424889e-01 -1.549793569651506282e-16 1.356344727521477389e-01 0.000000000000000000e+00
3.276800000000000000e+04 -3.575936598293466898e-03 1.648439178151112376e-03 3.134799793482589969e-02 0.000000000000000000e+00 3.808592864258019683e-01 -1.361000724379983624e-16 1.361110237057394090e-01 0.000000000000000000e+00
6.553600000000000000e+04 1.399719988612059410e-03 -2.627699847101317310e-03 2.490612227595024111e-02 0.000000000000000000e+00 3.224499202465602177e-01 -1.141967219419493534e-16 1.377250428296808160e-01 0.000000000000000000e+00
1.310720000000000000e+05 1.000804438943705098e-02 2.562646812382389679e-03 3.336171874326171460e-02 0.000000000000000000e+00 2.610571735459460974e-01 -9.293380821475153333e-17 1.383914350424069184e-01 0.000000000000000000e+00
2.621440000000000000e+05 3.920117267623782382e-03 -3.665316191870741577e-03 2.481329475202766893e-02 0.000000000000000000e+00 2.341403778447516959e-01 -8.650484321505600708e-17 1.212435080004709426e-01 0.000000000000000000e+00
5.242880000000000000e+05 -1.869894946778725064e-03 2.335592484353463637e-03 2.795471848405609028e-02 0.000000000000000000e+00 1.991146897565890805e-01 -7.264100593272140047e-17 1.142616939509278340e-01 0.000000000000000000e+00
1.048576000000000000e+06 -1.074014722213047571e-02 -4.614214293334405539e-03 2.437803241522600028e-02 0.000000000000000000e+00 1.316700857819014803e-01 -4.512139195252358835e-17 9.180932632959040718e-02 0.000000000000000000e+00
2.097152000000000000e+06 2.443503806521088711e-03 1.842743210518166252e-03 2.573496750893761870e-02 0.000000000000000000e+00 1.023432823265420233e-01 -3.686254368238606075e-17 7.206188047478864767e-02 0.000000000000000000e+00
4.194304000000000000e+06 5.095544290612064389e-04 -1.178095293793519557e-02 2.008690721441695748e-02 0.000000000000000000e+00 9.333261685644411720e-02 -3.543053013655905218e-17 6.484222501493400181e-02 0.000000000000000000e+00
8.388608000000000000e+06 -6.763992580388780360e-03 1.023041027949303603e-03 1.773252581979204573e-02 0.000000000000000000e+00 6.716615944047919784e-02 -2.444972862121917638e-17 5.560633455075915388e-02 0.000000000000000000e+00
1.677721600000000000e+07 -1.965596783142474491e-02 -2.021320359923610421e-02 2.505987024334754495e-02 0.000000000000000000e+00 1.939642385998010046e-02 -5.602269065052182292e-18 5.208411662442097301e-02 0.000000000000000000e+00
3.355443200000000000e+07 1.348772938099828712e-02 3.475671339921659886e-03 1.833887136162970152e-02 0.000000000000000000e+00 2.358144854934439774e-02 -8.251186685617788572e-18 3.887682293829278213e-02 0.000000000000000000e+00
6.710886400000000000e+07 1.420189676003832599e-02 -6.576081242324983978e-03 1.782889471734297807e-02 0.000000000000000000e+00 2.622797188762735279e-02 -1.102055193344438326e-17 3.461885388817120823e-02 0.000000000000000000e+00
1.342177280000000000e+08 1.531448043427647687e-03 2.276830806938775435e-03 2.063268609301482925e-02 0.000000000000000000e+00 2.145770642956162239e-02 -8.760923845122702704e-18 3.740862028325471489e-02 0.000000000000000000e+00
2.684354560000000000e+08 -6.425429565981624278e-03 -1.489605118910234706e-03 1.798776334183703127e-02 0.000000000000000000e+00 1.327279493374538578e-02 -2.667122699411571104e-18 3.053734044435998940e-02 0.000000000000000000e+00
5.368709120000000000e+08 9.409906721178104214e-03 1.394079474262776078e-03 1.671275305552996637e-02 0.000000000000000000e+00 -3.196336797234396176e-02 1.158302616065037273e-17 3.216054679649012205e-02 0.000000000000000000e+00
1.073741824000000000e+09 -3.565943207219838314e-03 7.189877988918412337e-03 1.855461031989294809e-02 0.000000000000000000e+00 -1.361923438644438260e-02 2.892958732780574339e-18 3.215790749426205436e-02 0.000000000000000000e+00
2.147483648000000000e+09 -1.370206158976932168e-02 -6.454741967658892202e-03 1.886020930612971463e-02 0.000000000000000000e+00 1.323917409926776353e-02 -4.487983817893717636e-18 2.399595753366027748e-02 0.000000000000000000e+00
4.294967296000000000e+09 -6.752335804936614692e-03 -6.555343066032615074e-03 1.334166775430719980e-02 0.000000000000000000e+00 -2.935102522425625179e-02 1.307893872565354279e-17 2.476649453712261376e-02 0.000000000000000000e+00
8.589934592000000000e+09 -5.630797876464450381e-03 -4.175162738699855465e-04 1.550612477180140364e-02 0.000000000000000000e+00 -1.245073137747497449e-02 5.488281376113745207e-18 2.503352674948056827e-02 0.000000000000000000e+00
1.717986918400000000e+10 2.418729273347863112e-03 7.826887317954221365e-03 1.709655361215827243e-02 0.000000000000000000e+00 -7.293938631665220374e-04 3.619422792379156293e-20 3.205688934624895126e-02 0.000000000000000000e+00
3.435973836800000000e+10 6.369127204407065528e-03 -9.051059328772547569e-03 1.899451796849386392e-02 0.000000000000000000e+00 -5.239064907657981635e-03 2.820387006240276701e-18 2.436173847995708533e-02 0.000000000000000000e+00
6.871947673600000000e+10 2.545143671377594289e-03 -5.321999484175594583e-03 1.775432571782376706e-02 0.000000000000000000e+00 -2.622808457399699797e-02 1.108302286576178445e-17 2.488904602926437365e-02 0.000000000000000000e+00
1.374389534720000000e+11 3.813429602856880860e-03 -9.518965240204715818e-04 1.893076036507385790e-02 0.000000000000000000e+00 6.400273374744257920e-03 -3.227165401382091159e-18 1.805949654366116250e-02 0.000000000000000000e+00
2.748779069440000000e+11 4.640345515457818502e-03 1.346214751079342561e-02 1.788618741243929583e-02 0.000000000000000000e+00 -1.166764918774952295e-02 5.179235170610222058e-18 3.258527875684163327e-02 0.000000000000000000e+00
5.497558138880000000e+11 1.294859847789551870e-02 -2.405223075345849955e-03 1.572903943384806533e-02 0.000000000000000000e+00 2.727723193510726146e-02 -1.084514119951873500e-17 2.623548379428098862e-02 0.000000000000000000e+00
