
# n_dis 100
# dim_loc 4
# L 5
# betas [0.1  0.99 0.1 ]
# lambdas [0.1 1.  0.1]
# alphas [0.0025+0.00433013j 1.    +0.j         0.0025-0.00433013j]
# hZ 1.0
# JZZ 1.0
# hX 1.0
# lambd 0.99
# phi 1.0471975511965976
# gap 0.006135923151542555 9.16246124714537e-35
# shifted_gap 0.07795273742148062 0.011678426580237706
# shifted_gap_2 4.336293544828977e-05 1.0076822064163734e-08
# log10_gap -2.449606497783387 0.0005365612172288723
# log10_shifted_gap -1.5420367439313996 0.26953501830064863
# log10_shifted_gap_2 -inf nan
# ratio 0.3922421955373769 0.00022390951283890318
# time	Re(Z)\Im(Z)	Var(Re(Z))	Var(Im(Z))
1.000000000000000000e+00 4.349505512062090684e-01 1.708041029364481944e-06 1.997345975618519121e-01 0.000000000000000000e+00 9.916050536752042399e-01 -2.267446493519790306e-16 9.393011225733290885e-05 0.000000000000000000e+00
2.000000000000000000e+00 -2.048753786190960213e-01 1.244620588902384316e-04 5.198397843321164169e-01 0.000000000000000000e+00 9.764379563589986599e-01 -8.802878285242454117e-17 1.072432740149691652e-03 0.000000000000000000e+00
4.000000000000000000e+00 1.478434976843558124e-01 -4.925869353438862633e-04 4.349842256562002629e-01 0.000000000000000000e+00 9.420076491002535857e-01 -3.247886854635495461e-16 9.507208384484966066e-03 0.000000000000000000e+00
8.000000000000000000e+00 -5.192719721666126317e-03 -2.173142817379499891e-03 4.218656999086323744e-01 0.000000000000000000e+00 9.006624119323968225e-01 -3.162171161339423058e-16 3.873256995624482085e-02 0.000000000000000000e+00
1.600000000000000000e+01 3.321747399693755071e-02 -1.455608997191720853e-03 3.938496277354948116e-01 0.000000000000000000e+00 9.123317935326511474e-01 -3.216073906251799985e-16 2.870461622398752174e-02 0.000000000000000000e+00
3.200000000000000000e+01 2.760874216262727138e-02 8.984038780925084110e-04 3.877067389219472360e-01 0.000000000000000000e+00 8.985393436447770554e-01 -3.113756978503225560e-16 3.833384914875388738e-02 0.000000000000000000e+00
6.400000000000000000e+01 2.774814331337944334e-02 8.012408562118680539e-04 3.826261978553616161e-01 0.000000000000000000e+00 8.872485293299819942e-01 -3.058741845174437404e-16 3.899981582799726121e-02 0.000000000000000000e+00
1.280000000000000000e+02 4.926375294141797923e-02 2.331434992491441746e-03 3.530442781228484428e-01 0.000000000000000000e+00 8.866529674683417683e-01 -3.143215784178534284e-16 3.593853461108077740e-02 0.000000000000000000e+00
2.560000000000000000e+02 7.665947903032944988e-02 -7.637616722775482543e-05 3.272485922707492056e-01 0.000000000000000000e+00 8.874668429759131616e-01 -3.097460643521112234e-16 3.273543462823014227e-02 0.000000000000000000e+00
5.120000000000000000e+02 6.427000515499806110e-02 5.711963675993100929e-04 2.998916978681603340e-01 0.000000000000000000e+00 8.792866518954830513e-01 -3.032069164365330770e-16 3.394890196170059077e-02 0.000000000000000000e+00
1.024000000000000000e+03 5.162712751504362763e-02 -9.302155217116628814e-04 2.376288308375854585e-01 0.000000000000000000e+00 8.734964132379792190e-01 -3.002540875496406023e-16 3.335298383598115507e-02 0.000000000000000000e+00
2.048000000000000000e+03 1.138115648194651212e-02 1.576705298806798826e-03 2.428592038431266753e-01 0.000000000000000000e+00 8.646793331876082567e-01 -3.028384845900778802e-16 3.364018562835482257e-02 0.000000000000000000e+00
4.096000000000000000e+03 7.741991708981531273e-02 1.476836968026824966e-03 1.984829023918797397e-01 0.000000000000000000e+00 8.543767713196950275e-01 -2.943276581579189386e-16 3.507792809223917591e-02 0.000000000000000000e+00
8.192000000000000000e+03 4.656431707250111018e-02 1.631380047629425126e-03 1.626501745416374101e-01 0.000000000000000000e+00 8.502503280134242614e-01 -2.949261480884680934e-16 3.156614263698871714e-02 0.000000000000000000e+00
1.638400000000000000e+04 4.849908547041852785e-02 2.688686182413241982e-04 1.303398751663137900e-01 0.000000000000000000e+00 8.267862318974980029e-01 -2.806611405997978669e-16 3.492488299789333478e-02 0.000000000000000000e+00
3.276800000000000000e+04 2.982263995005852292e-02 9.881600853985923576e-04 1.282566266641230746e-01 0.000000000000000000e+00 8.282564764934038370e-01 -2.848327258713705180e-16 3.514329998985248754e-02 0.000000000000000000e+00
6.553600000000000000e+04 8.295661284061349450e-02 2.603893310032948452e-04 8.873214446587411597e-02 0.000000000000000000e+00 8.082660188693715497e-01 -2.798790193352181421e-16 3.680960067105721462e-02 0.000000000000000000e+00
1.310720000000000000e+05 5.052796737859163723e-02 2.227898952567970974e-03 7.848459971468907392e-02 0.000000000000000000e+00 7.941946873556700037e-01 -2.714792973704508994e-16 3.542017590872788974e-02 0.000000000000000000e+00
2.621440000000000000e+05 4.329176535498299727e-02 5.464860469935854540e-04 6.345538709765283225e-02 0.000000000000000000e+00 7.753638179788759910e-01 -2.671382500527240192e-16 3.916428210798768295e-02 0.000000000000000000e+00
5.242880000000000000e+05 3.439276502048609768e-02 2.015496169484013497e-03 4.995962473166180168e-02 0.000000000000000000e+00 7.526866604953720286e-01 -2.597783697041067059e-16 3.817918300567495205e-02 0.000000000000000000e+00
1.048576000000000000e+06 4.211298914428958373e-02 1.221881266719384825e-03 4.945276769423331137e-02 0.000000000000000000e+00 7.328413015851937828e-01 -2.512686767769223833e-16 3.816348026083233452e-02 0.000000000000000000e+00
2.097152000000000000e+06 3.948935979352934111e-02 -6.447383403375803353e-04 5.059607282848666010e-02 0.000000000000000000e+00 7.069063383768394715e-01 -2.450548332272272774e-16 4.451369582902219013e-02 0.000000000000000000e+00
4.194304000000000000e+06 5.420669181048903135e-02 1.029048815016554968e-03 3.919502402653527590e-02 0.000000000000000000e+00 6.757990326974721018e-01 -2.319946688527518411e-16 4.975126097098200167e-02 0.000000000000000000e+00
8.388608000000000000e+06 4.033582765569826423e-02 3.131994247686277662e-03 3.727217416618518880e-02 0.000000000000000000e+00 6.563289559738818557e-01 -2.251782779249756963e-16 4.319208936848217828e-02 0.000000000000000000e+00
1.677721600000000000e+07 4.319701087950886947e-02 -1.770777868621481021e-03 3.065996623430899265e-02 0.000000000000000000e+00 6.149891029506590057e-01 -2.100950668332884648e-16 5.423911866102003321e-02 0.000000000000000000e+00
3.355443200000000000e+07 4.173592448681820444e-02 3.869129304539988944e-03 2.960932466662062265e-02 0.000000000000000000e+00 5.866645706798698789e-01 -2.023258042019689734e-16 5.638570939096662626e-02 0.000000000000000000e+00
6.710886400000000000e+07 4.180985141256227805e-02 2.169763925820065911e-03 2.651790936404392271e-02 0.000000000000000000e+00 5.352506454474285080e-01 -1.833185765118077231e-16 5.899873803312456061e-02 0.000000000000000000e+00
1.342177280000000000e+08 3.638321410526838134e-02 -1.449118904437718836e-03 2.951587508170839744e-02 0.000000000000000000e+00 4.970215190425018581e-01 -1.698766454505260301e-16 6.326458366715881354e-02 0.000000000000000000e+00
2.684354560000000000e+08 3.031733791187059615e-02 -1.309123285874167148e-03 2.670169821589522124e-02 0.000000000000000000e+00 4.490797286327199989e-01 -1.516518608534912383e-16 6.650056850893922011e-02 0.000000000000000000e+00
5.368709120000000000e+08 4.469751504096834693e-02 2.936926808521991838e-03 2.358695977445630226e-02 0.000000000000000000e+00 4.035183391050885526e-01 -1.365113681023821486e-16 6.154899430180889308e-02 0.000000000000000000e+00
1.073741824000000000e+09 2.747582057921266543e-02 9.034790373364919719e-04 2.157712611553383800e-02 0.000000000000000000e+00 3.620484693023452438e-01 -1.216346270987930068e-16 6.030340754399537984e-02 0.000000000000000000e+00
2.147483648000000000e+09 4.176673649512908232e-02 2.027049719055355140e-03 2.265384775489337477e-02 0.000000000000000000e+00 3.225241878211548285e-01 -1.094586989376227347e-16 5.629277473468494858e-02 0.000000000000000000e+00
4.294967296000000000e+09 2.886124419313815248e-02 -2.613534694391161581e-03 2.269017730253510348e-02 0.000000000000000000e+00 2.699423944076715376e-01 -9.054617832150296869e-17 6.319525378229870483e-02 0.000000000000000000e+00
8.589934592000000000e+09 3.206894906795083877e-02 -8.109462671637064982e-03 2.097764640817498250e-02 0.000000000000000000e+00 2.434364955784496243e-01 -8.047317584206316314e-17 4.707997304067004091e-02 0.000000000000000000e+00
1.717986918400000000e+10 3.489974267314553680e-02 -1.341233938701558376e-03 1.961671228977622181e-02 0.000000000000000000e+00 2.028970447659972087e-01 -6.600085288810952657e-17 4.398061422066582016e-02 0.000000000000000000e+00
3.435973836800000000e+10 3.431533104663742062e-02 3.010602339271058973e-03 1.921773055873466501e-02 0.000000000000000000e+00 1.678277511863005000e-01 -5.372984098631231315e-17 4.463659722519864453e-02 0.000000000000000000e+00
6.871947673600000000e+10 2.397564017758643806e-02 2.898199852755137078e-04 1.672258876689416973e-02 0.000000000000000000e+00 1.465917724311799897e-01 -4.568670963834675214e-17 3.334017539895621496e-02 0.000000000000000000e+00
1.374389534720000000e+11 2.252648073893757930e-02 -5.550406265290172558e-03 2.027761161742066068e-02 0.000000000000000000e+00 1.184982924430071360e-01 -3.695835984317836553e-17 3.267376081189134196e-02 0.000000000000000000e+00
2.748779069440000000e+11 2.930663308187181001e-02 -6.439395530576384578e-03 1.869114652744663721e-02 0.000000000000000000e+00 1.000290362257537785e-01 -3.200461098197524241e-17 2.591244476839308503e-02 0.000000000000000000e+00
5.497558138880000000e+11 2.079539560218933089e-02 -3.158561169900166252e-03 1.938329756379318647e-02 0.000000000000000000e+00 5.896456247510592497e-02 -1.613429154325405620e-17 2.847002987841059166e-02 0.000000000000000000e+00
