
# dim_loc 4
# L 5
# n_dis 100
# JZZ 1.0
# hZ 1.0
# hX 1.0
# alphas [ 0.075+0.12990381j  1.000+0.j          0.075-0.12990381j]
# betas [ 0.1  0.7  0.1]
# lambdas [ 0.1  1.   0.1]
# phi 1.0471975511965976
# lambd 0.7
# gap 0.00613592315154 1.08973028299e-34
# shifted_gap 0.0194537220423 0.00029477937026
# shifted_gap_2 0.000119473348817 3.0862129893e-08
# log10_gap -2.39035438298 0.000717703132783
# log10_shifted_gap -2.00891350712 0.142249474219
# log10_shifted_gap_2 -5.10789879455 0.947802756136
# ratio 0.429566392989 0.000611269301114
# time	Re(Z)\Im(Z)	Var(Re(Z))	Var(Im(Z))
1.000000000000000000e+00 7.383293998579397721e-01 -3.375319367480719652e-05 5.899436315900176420e-02 0.000000000000000000e+00 9.940718647601820557e-01 -2.444976782343918377e-16 6.388942850815396591e-05 0.000000000000000000e+00
2.000000000000000000e+00 2.932531563281531861e-01 -3.956667435485372374e-05 3.340534947494847584e-01 0.000000000000000000e+00 9.841030233991208132e-01 -1.274465069259982729e-16 7.187069871569232073e-04 0.000000000000000000e+00
4.000000000000000000e+00 2.016322125973309121e-01 6.368086016076383729e-05 2.265831947538290148e-01 0.000000000000000000e+00 9.619069528650835421e-01 -3.653366461878068952e-16 5.890437508977500007e-03 0.000000000000000000e+00
8.000000000000000000e+00 1.291151359112552022e-01 1.601436470124678471e-03 1.999814421511107443e-01 0.000000000000000000e+00 9.274585546542535308e-01 -3.531185713628041688e-16 2.456367165922546808e-02 0.000000000000000000e+00
1.600000000000000000e+01 1.032457863944017812e-01 -3.278356025766855511e-04 1.795567434674069374e-01 0.000000000000000000e+00 9.119381219255678905e-01 -3.465016127292645401e-16 2.561054317096278163e-02 0.000000000000000000e+00
3.200000000000000000e+01 1.026278695377287747e-01 1.327603457507032917e-04 1.309463995373921497e-01 0.000000000000000000e+00 8.774741593809487483e-01 -3.385264281538426309e-16 3.962823173901007523e-02 0.000000000000000000e+00
6.400000000000000000e+01 6.288349276140699218e-02 9.459703258208387042e-04 9.621480578272179063e-02 0.000000000000000000e+00 8.392106065685762673e-01 -3.248096546438762972e-16 5.035290831424135000e-02 0.000000000000000000e+00
1.280000000000000000e+02 4.666267535319616744e-02 7.039251493323748013e-04 6.399838849062979007e-02 0.000000000000000000e+00 8.077152764490471704e-01 -3.132003758812056261e-16 5.130790965704610379e-02 0.000000000000000000e+00
2.560000000000000000e+02 1.745460515948597455e-02 7.390493333311356746e-04 4.666633233168928502e-02 0.000000000000000000e+00 7.821948402368150699e-01 -3.001744656575299999e-16 5.557511826324151166e-02 0.000000000000000000e+00
5.120000000000000000e+02 6.359182796864331147e-03 -2.268019110995195319e-04 4.789254021166926972e-02 0.000000000000000000e+00 7.568666104308070519e-01 -2.900747325380584306e-16 5.729796273856406497e-02 0.000000000000000000e+00
1.024000000000000000e+03 1.795480668665987850e-02 -1.501713551177770098e-03 2.535777238462245953e-02 0.000000000000000000e+00 7.357652654423032512e-01 -2.838568581630020087e-16 5.850972096108193049e-02 0.000000000000000000e+00
2.048000000000000000e+03 5.985663942642033448e-03 -6.145303713748426211e-04 3.420519652330678007e-02 0.000000000000000000e+00 7.099867598025061399e-01 -2.732871304698365557e-16 6.467928860695770776e-02 0.000000000000000000e+00
4.096000000000000000e+03 1.834065983950581430e-02 3.597263629865171913e-04 2.785410913572195987e-02 0.000000000000000000e+00 6.741336370890378404e-01 -2.595857652319969092e-16 7.795564574138885705e-02 0.000000000000000000e+00
8.192000000000000000e+03 2.087033156718382659e-02 5.549894648361457933e-04 2.875461190992891630e-02 0.000000000000000000e+00 6.159890351098236128e-01 -2.396002222868807932e-16 9.656540113326729513e-02 0.000000000000000000e+00
1.638400000000000000e+04 2.500938459034982367e-02 -5.577177328707999624e-04 2.746931931159695209e-02 0.000000000000000000e+00 5.649791874844128925e-01 -2.194216501365217449e-16 1.022775346463920404e-01 0.000000000000000000e+00
3.276800000000000000e+04 2.260223444597766335e-02 -1.014686091828744799e-03 2.643761644474917558e-02 0.000000000000000000e+00 5.007725401925710029e-01 -1.953316194166662921e-16 1.106566345949503982e-01 0.000000000000000000e+00
6.553600000000000000e+04 1.217698983977109906e-02 -3.107522081809115187e-03 2.198062977966733569e-02 0.000000000000000000e+00 4.090155440242460028e-01 -1.595297932925679980e-16 1.214786432830084056e-01 0.000000000000000000e+00
1.310720000000000000e+05 1.156675141710654039e-02 -4.878851634220917992e-03 2.252812026062793460e-02 0.000000000000000000e+00 3.273123508349642385e-01 -1.305667555228226552e-16 1.174329948897016584e-01 0.000000000000000000e+00
2.621440000000000000e+05 9.407951742138745757e-03 1.566235996113206482e-03 2.188135262750672341e-02 0.000000000000000000e+00 2.915516636077709611e-01 -1.161822973943466284e-16 1.012797427110991716e-01 0.000000000000000000e+00
5.242880000000000000e+05 1.155849969963135791e-02 -1.944868145580860939e-03 2.012559625233883986e-02 0.000000000000000000e+00 2.144840159909148225e-01 -8.598161945181486046e-17 8.929793025869110779e-02 0.000000000000000000e+00
1.048576000000000000e+06 1.348019155684416701e-02 1.203629681508936421e-03 1.688866364515473686e-02 0.000000000000000000e+00 1.582871492342072528e-01 -6.412926911644003061e-17 6.856672457261211995e-02 0.000000000000000000e+00
2.097152000000000000e+06 1.036109794775748588e-03 2.619921221934233459e-03 1.760540475022327050e-02 0.000000000000000000e+00 1.139396040124756454e-01 -4.775573427207833691e-17 6.615519975315053980e-02 0.000000000000000000e+00
4.194304000000000000e+06 1.399541565403147371e-02 2.063266099913693002e-03 1.595494380102576229e-02 0.000000000000000000e+00 7.077206428944733674e-02 -2.827665206596567850e-17 6.027583287122385836e-02 0.000000000000000000e+00
8.388608000000000000e+06 9.366926064114012088e-03 -1.375579817024878996e-03 1.649214430470210754e-02 0.000000000000000000e+00 7.364249814726922527e-02 -3.294647247278078419e-17 4.774680042400884783e-02 0.000000000000000000e+00
1.677721600000000000e+07 4.116364952118009395e-03 -1.682606031213429963e-03 1.600582950969913626e-02 0.000000000000000000e+00 2.708730450314293658e-02 -1.564963192593264483e-17 3.430031846887533764e-02 0.000000000000000000e+00
3.355443200000000000e+07 7.975940738151899786e-03 -1.341183083493296393e-03 1.571790045728475513e-02 0.000000000000000000e+00 5.669410430234095473e-03 -6.146893774686279961e-18 3.033971274851815156e-02 0.000000000000000000e+00
6.710886400000000000e+07 -1.324685503219080263e-03 -7.403934757295754787e-03 1.358219865721216509e-02 0.000000000000000000e+00 2.700490997593368858e-02 -1.370046943641328345e-17 1.970434627840932443e-02 0.000000000000000000e+00
1.342177280000000000e+08 9.882760175969405696e-04 7.782792973121234817e-03 1.347378637509056253e-02 0.000000000000000000e+00 -1.260592356425955206e-02 -9.252496994645108362e-19 2.803289481981488182e-02 0.000000000000000000e+00
2.684354560000000000e+08 3.919016874597273828e-04 1.655275847694214842e-03 1.388698279201697888e-02 0.000000000000000000e+00 -1.293331131208812212e-02 9.616441544516584990e-19 2.599138108467800509e-02 0.000000000000000000e+00
5.368709120000000000e+08 3.230100200177773301e-03 -1.398056695657449132e-02 1.607626743807483161e-02 0.000000000000000000e+00 -1.701155335132799665e-02 1.012107002615812343e-18 2.585181110659548129e-02 0.000000000000000000e+00
1.073741824000000000e+09 4.264332205467590876e-03 -1.233300050951953051e-03 1.534342478907678789e-02 0.000000000000000000e+00 -1.486900155811911491e-02 1.041613435530169249e-18 2.849536508582323907e-02 0.000000000000000000e+00
2.147483648000000000e+09 4.388609676827066527e-03 -5.121351325096367693e-04 1.489884992636500080e-02 0.000000000000000000e+00 1.364654334621746325e-02 -1.016924667869500421e-17 2.122762846450601884e-02 0.000000000000000000e+00
4.294967296000000000e+09 4.041715263292890506e-03 -9.010399039527975176e-03 1.471421757793667413e-02 0.000000000000000000e+00 -7.846885942503068270e-03 -4.749212516464083674e-19 2.198317389555914242e-02 0.000000000000000000e+00
8.589934592000000000e+09 3.024223219454915106e-03 -3.321872486853112098e-03 1.441369108208291443e-02 0.000000000000000000e+00 3.866064503932470364e-02 -1.841859998865935254e-17 2.207488291232067440e-02 0.000000000000000000e+00
1.717986918400000000e+10 7.805748290756669983e-03 -7.837016592084933850e-04 1.453161298520586411e-02 0.000000000000000000e+00 2.402023039904039453e-02 -1.241065391402333711e-17 2.160585790561658434e-02 0.000000000000000000e+00
3.435973836800000000e+10 8.486826986294233183e-04 -4.158302813220144116e-04 1.542366063962010043e-02 0.000000000000000000e+00 -2.122867340979439979e-02 5.442573896478585568e-18 3.071272451974938617e-02 0.000000000000000000e+00
6.871947673600000000e+10 8.905881555371055608e-03 -6.749886217729024127e-03 1.482578356149192797e-02 0.000000000000000000e+00 1.068931778848102900e-02 -7.348920605542086712e-18 1.851017700135295513e-02 0.000000000000000000e+00
1.374389534720000000e+11 1.043724288659045839e-02 5.732676398051248130e-03 1.616398445872384640e-02 0.000000000000000000e+00 -2.979887734244007422e-02 7.008144796218848729e-18 2.789910578457980087e-02 0.000000000000000000e+00
2.748779069440000000e+11 5.013557019587273726e-03 -1.470612631630269056e-02 1.809710474581218212e-02 0.000000000000000000e+00 -5.844330033159269612e-03 -1.341661879061566198e-18 2.700468408130021758e-02 0.000000000000000000e+00
5.497558138880000000e+11 2.595687311954795063e-03 4.065334705555038314e-03 1.520415095542483781e-02 0.000000000000000000e+00 -3.266512613060747628e-03 -2.062987586791447902e-18 2.630690415633422582e-02 0.000000000000000000e+00
