
# dim_loc 4
# L 6
# n_dis 100
# JZZ 1.0
# hZ 1.0
# hX 1.0
# alphas [ 0.+0.j  1.+0.j  0.+0.j]
# betas [ 0.1  1.   0.1]
# lambdas [ 0.1  1.   0.1]
# phi 1.0471975511965976
# lambd 1.0
# gap 0.00153398078789 5.65553842068e-36
# shifted_gap 0.0444254543439 0.00553980234396
# shifted_gap_2 1.07071186575e-05 5.69712659595e-10
# log10_gap -3.06130734756 0.000273772978813
# log10_shifted_gap -1.88445033452 0.334725113814
# log10_shifted_gap_2 -inf nan
# ratio 0.388242035936 8.66317791773e-05
# time	Re(Z)\Im(Z)	Var(Re(Z))	Var(Im(Z))
1.000000000000000000e+00 4.502665718296445241e-01 5.128544508532454431e-06 1.972909365043525043e-01 0.000000000000000000e+00 9.924184129116473407e-01 -2.435428694960926490e-16 8.401086047924714482e-05 0.000000000000000000e+00
2.000000000000000000e+00 -1.837110979681100820e-01 9.116796524966981488e-06 5.114041263901993872e-01 0.000000000000000000e+00 9.793325160890811176e-01 -1.148886108201776064e-16 8.945348544950184689e-04 0.000000000000000000e+00
4.000000000000000000e+00 1.129666468836265508e-01 -1.719704810830720830e-04 4.189374671956246909e-01 0.000000000000000000e+00 9.511555311197636975e-01 -3.456447289188937574e-16 7.481434149352354616e-03 0.000000000000000000e+00
8.000000000000000000e+00 -6.353758106555164320e-02 7.195856848750114759e-06 4.130245832744435797e-01 0.000000000000000000e+00 9.192329957668380347e-01 -3.281795043179512364e-16 2.992754931064483745e-02 0.000000000000000000e+00
1.600000000000000000e+01 1.768154801713468782e-02 -3.832304237358313912e-04 4.164143930794089177e-01 0.000000000000000000e+00 9.077983568598592123e-01 -3.348681073108300227e-16 3.544978820461270469e-02 0.000000000000000000e+00
3.200000000000000000e+01 8.324359820749716032e-02 -5.098706242423498101e-04 4.030331278763469305e-01 0.000000000000000000e+00 9.057890754089292784e-01 -3.263701837711592538e-16 3.429398645949925661e-02 0.000000000000000000e+00
6.400000000000000000e+01 3.379305265260135888e-02 -8.743098021986140484e-04 3.858480216025436116e-01 0.000000000000000000e+00 9.028434682771755426e-01 -3.319269756707555635e-16 2.965524521226818935e-02 0.000000000000000000e+00
1.280000000000000000e+02 2.271734986087011257e-02 5.619829787032574759e-04 3.865253224725616610e-01 0.000000000000000000e+00 8.955968817974967466e-01 -3.219613982939942246e-16 3.318975371103932009e-02 0.000000000000000000e+00
2.560000000000000000e+02 8.289105728609949542e-02 8.364385237951768321e-04 3.276293643778699360e-01 0.000000000000000000e+00 8.920076006569240823e-01 -3.238150436159146092e-16 3.274706406228914540e-02 0.000000000000000000e+00
5.120000000000000000e+02 2.181954241698529778e-02 1.621116049013383224e-04 3.191791733119650476e-01 0.000000000000000000e+00 8.932538030460545064e-01 -3.230061178247879440e-16 2.688848337333357708e-02 0.000000000000000000e+00
1.024000000000000000e+03 5.120897958360917657e-02 2.435585110414075437e-04 2.893053161044799038e-01 0.000000000000000000e+00 8.842077451033428792e-01 -3.200056370630839089e-16 3.185233517751316634e-02 0.000000000000000000e+00
2.048000000000000000e+03 5.039531430089985720e-02 9.780573262284507786e-04 2.581384281562080774e-01 0.000000000000000000e+00 8.893030591802142393e-01 -3.233550610924259654e-16 2.778479373383335727e-02 0.000000000000000000e+00
4.096000000000000000e+03 4.600952576778400555e-02 2.823821052882878753e-04 2.225117225965715373e-01 0.000000000000000000e+00 8.844405329055041731e-01 -3.213762091077975766e-16 2.634382732402501884e-02 0.000000000000000000e+00
8.192000000000000000e+03 5.348822022884636845e-02 6.436932164760473521e-04 1.872657785721580648e-01 0.000000000000000000e+00 8.799061056026683536e-01 -3.208515020770234844e-16 2.750168424511261617e-02 0.000000000000000000e+00
1.638400000000000000e+04 4.991277098142168911e-02 3.909336357769424238e-04 1.711061417185139599e-01 0.000000000000000000e+00 8.741351855725572051e-01 -3.195172735820291403e-16 2.769380262079954719e-02 0.000000000000000000e+00
3.276800000000000000e+04 5.112053437401609807e-02 1.012988258620528244e-03 1.462411889677467103e-01 0.000000000000000000e+00 8.663465348980261549e-01 -3.137698432346154741e-16 2.927086393932161815e-02 0.000000000000000000e+00
6.553600000000000000e+04 4.938829200019420607e-02 4.187689229795281192e-04 1.225175387514420983e-01 0.000000000000000000e+00 8.601283689021655965e-01 -3.130346264400180890e-16 3.068532383534916530e-02 0.000000000000000000e+00
1.310720000000000000e+05 3.275803073420874983e-02 -5.864621364999255630e-04 1.048365653670337294e-01 0.000000000000000000e+00 8.537420927376686564e-01 -3.086235385423275621e-16 2.978445905443919545e-02 0.000000000000000000e+00
2.621440000000000000e+05 3.094239368637855328e-02 4.426049715627915150e-04 1.014470812261137056e-01 0.000000000000000000e+00 8.389626708071028505e-01 -3.043963264207028901e-16 3.442538832465062704e-02 0.000000000000000000e+00
5.242880000000000000e+05 5.799661959621801172e-02 7.940064207346788543e-04 7.636390999611847308e-02 0.000000000000000000e+00 8.307972814402827533e-01 -3.019193947167529284e-16 3.122669379371102380e-02 0.000000000000000000e+00
1.048576000000000000e+06 3.740806764704063259e-02 -9.035828470297923307e-04 6.769515639231564463e-02 0.000000000000000000e+00 8.147094189497332550e-01 -2.969954958400220520e-16 3.839776659100938017e-02 0.000000000000000000e+00
2.097152000000000000e+06 2.823838258659722156e-02 -1.754263858011906362e-03 6.417705630955172769e-02 0.000000000000000000e+00 8.010924067086575562e-01 -2.914396631652588952e-16 3.940579743638034788e-02 0.000000000000000000e+00
4.194304000000000000e+06 4.846445075460720231e-02 8.795242088600587144e-05 5.607062730617295987e-02 0.000000000000000000e+00 7.837837765052400041e-01 -2.858321998884254862e-16 4.387636673996339609e-02 0.000000000000000000e+00
8.388608000000000000e+06 2.865938371327313855e-02 1.598799846689086712e-04 4.632546175413898570e-02 0.000000000000000000e+00 7.718864262557914024e-01 -2.814523186637842523e-16 4.493724934587454284e-02 0.000000000000000000e+00
1.677721600000000000e+07 3.843600789816922769e-02 -1.357997296437260916e-03 4.380618402250013865e-02 0.000000000000000000e+00 7.594675425354283638e-01 -2.770842736275434233e-16 5.024220395742585998e-02 0.000000000000000000e+00
3.355443200000000000e+07 4.145068472143345617e-02 3.757664170435255613e-04 3.838101744080275879e-02 0.000000000000000000e+00 7.262472684367540232e-01 -2.651198380431570975e-16 5.537452847411331730e-02 0.000000000000000000e+00
6.710886400000000000e+07 3.987304659372666038e-02 -2.503156171826075157e-04 3.007398011600189922e-02 0.000000000000000000e+00 7.056136838673593425e-01 -2.571004344909734466e-16 5.296717443127862968e-02 0.000000000000000000e+00
1.342177280000000000e+08 4.992617533912530742e-02 -1.768175452731025280e-03 2.646664436544866536e-02 0.000000000000000000e+00 6.882640513259418169e-01 -2.512188790351646113e-16 5.978970817380246244e-02 0.000000000000000000e+00
2.684354560000000000e+08 3.879071587806605381e-02 -8.518233890207877303e-04 2.730297632413513850e-02 0.000000000000000000e+00 6.652520384180643509e-01 -2.417115372261599592e-16 5.693544861501672466e-02 0.000000000000000000e+00
5.368709120000000000e+08 4.052145744994273963e-02 3.841963974889946870e-04 2.671498844422801749e-02 0.000000000000000000e+00 6.434541901342955006e-01 -2.335238507756811528e-16 5.943150744993595108e-02 0.000000000000000000e+00
1.073741824000000000e+09 4.952219714511352233e-02 -1.022273822394939450e-03 2.631308361072474608e-02 0.000000000000000000e+00 6.085666189357512579e-01 -2.220611059513361779e-16 6.113711039733840669e-02 0.000000000000000000e+00
2.147483648000000000e+09 3.666813590873227446e-02 -2.637076222627154475e-03 2.318441810393703437e-02 0.000000000000000000e+00 5.951085051785879321e-01 -2.164592238743365953e-16 6.154069764394450026e-02 0.000000000000000000e+00
4.294967296000000000e+09 3.326023392989824190e-02 8.335753200562497328e-05 2.189225290902791984e-02 0.000000000000000000e+00 5.591425705074745123e-01 -2.035329623366578053e-16 6.564372505004202607e-02 0.000000000000000000e+00
8.589934592000000000e+09 3.022702351304971252e-02 -5.133174901498009602e-04 2.055984906009356364e-02 0.000000000000000000e+00 5.381444931299582679e-01 -1.952465383437215463e-16 6.365371450091415750e-02 0.000000000000000000e+00
1.717986918400000000e+10 3.714092079896252202e-02 6.172388117752062881e-04 1.849314660927018142e-02 0.000000000000000000e+00 5.161157787515733286e-01 -1.865538149171924549e-16 5.940427321947832490e-02 0.000000000000000000e+00
3.435973836800000000e+10 3.484714599815087743e-02 -1.348675687036057736e-03 1.965416737836642169e-02 0.000000000000000000e+00 4.809722824521486806e-01 -1.762405109053824028e-16 6.171228654530488966e-02 0.000000000000000000e+00
6.871947673600000000e+10 3.560531496855229988e-02 -2.118855706876204489e-03 1.841345497850984531e-02 0.000000000000000000e+00 4.567847981056758488e-01 -1.658480748695891878e-16 6.312901233474199625e-02 0.000000000000000000e+00
1.374389534720000000e+11 3.985474070699399768e-02 -2.591806680274047481e-03 1.664390899742307015e-02 0.000000000000000000e+00 4.481533586011120507e-01 -1.627138703123161990e-16 6.156883409968744864e-02 0.000000000000000000e+00
2.748779069440000000e+11 3.369276061028803754e-02 1.042161246667064811e-03 1.546178247583089062e-02 0.000000000000000000e+00 4.144363554245070747e-01 -1.516149535175805077e-16 6.107667497939033019e-02 0.000000000000000000e+00
5.497558138880000000e+11 2.405695799816818387e-02 2.790414419507689613e-03 1.750634880100102042e-02 0.000000000000000000e+00 3.721156637938030642e-01 -1.366464061543999614e-16 6.012299058598356144e-02 0.000000000000000000e+00
