
# dim_loc 4
# L 6
# n_dis 100
# JZZ 1.0
# hZ 1.0
# hX 1.0
# alphas [ 0.025+0.04330127j  1.000+0.j          0.025-0.04330127j]
# betas [ 0.1  0.9  0.1]
# lambdas [ 0.1  1.   0.1]
# phi 1.0471975511965976
# lambd 0.9
# gap 0.00153398078789 6.77648983362e-36
# shifted_gap 0.0239332834484 0.00148339524483
# shifted_gap_2 9.95384374621e-06 5.01357472889e-10
# log10_gap -3.04187586381 0.000211854579826
# log10_shifted_gap -2.05448150565 0.23737132149
# log10_shifted_gap_2 -inf nan
# ratio 0.396602702218 9.23233429245e-05
# time	Re(Z)\Im(Z)	Var(Re(Z))	Var(Im(Z))
1.000000000000000000e+00 5.681972110238676654e-01 2.557609003603174814e-05 1.360808949735461126e-01 0.000000000000000000e+00 9.928517278339396013e-01 -2.448459460542246075e-16 7.952288031677564066e-05 0.000000000000000000e+00
2.000000000000000000e+00 -5.564793583917699432e-02 8.880095936148782421e-05 5.069669007053279053e-01 0.000000000000000000e+00 9.802231504588906352e-01 -1.227257983159594032e-16 8.385462812018514272e-04 0.000000000000000000e+00
4.000000000000000000e+00 9.512520573540603208e-02 7.355099067781067793e-04 4.124946511597408771e-01 0.000000000000000000e+00 9.530950668171034312e-01 -3.561226903137511977e-16 7.044048503570663269e-03 0.000000000000000000e+00
8.000000000000000000e+00 2.379609975560567289e-02 7.775676325839462211e-04 3.591784989108343096e-01 0.000000000000000000e+00 9.216158130775207180e-01 -3.444091480643451900e-16 2.992080395323945194e-02 0.000000000000000000e+00
1.600000000000000000e+01 1.632021066105545509e-02 2.520950099777888309e-03 3.185304710690241570e-01 0.000000000000000000e+00 9.056415145377370024e-01 -3.331930652365564956e-16 3.704377449186262855e-02 0.000000000000000000e+00
3.200000000000000000e+01 6.927280440096680869e-02 -8.114430380417970512e-04 3.236164985717088771e-01 0.000000000000000000e+00 8.900260394141801257e-01 -3.378391024199153804e-16 4.563608735885342493e-02 0.000000000000000000e+00
6.400000000000000000e+01 7.981309263441696555e-02 2.407959631686369434e-04 3.006030105340145031e-01 0.000000000000000000e+00 8.782222777995547514e-01 -3.315981851909310477e-16 4.823396681707872030e-02 0.000000000000000000e+00
1.280000000000000000e+02 6.687489720774016100e-02 -9.484959782815352526e-04 2.635826842440145423e-01 0.000000000000000000e+00 8.653288289717587789e-01 -3.184034460265304253e-16 4.381774712398727595e-02 0.000000000000000000e+00
2.560000000000000000e+02 5.978741441215381508e-02 2.902255987549458185e-04 2.367317285984986974e-01 0.000000000000000000e+00 8.586856034238533608e-01 -3.223241168871587405e-16 4.373046626801520287e-02 0.000000000000000000e+00
5.120000000000000000e+02 4.744792064195408471e-02 3.200050125818152519e-04 1.763932770897048696e-01 0.000000000000000000e+00 8.551568181780319078e-01 -3.171114223649119382e-16 4.267524446262786070e-02 0.000000000000000000e+00
1.024000000000000000e+03 4.702850037455253915e-03 2.450299964336333735e-04 1.458935559904168400e-01 0.000000000000000000e+00 8.414738897756444125e-01 -3.144929629593208367e-16 4.643615946006305478e-02 0.000000000000000000e+00
2.048000000000000000e+03 4.837609095987221997e-02 7.713723684457467721e-04 1.014550965834735002e-01 0.000000000000000000e+00 8.417080075231823111e-01 -3.149881746320366688e-16 4.167045743545611663e-02 0.000000000000000000e+00
4.096000000000000000e+03 5.329179397371385657e-02 5.076465803362467753e-04 7.586248007540981331e-02 0.000000000000000000e+00 8.322242554605286946e-01 -3.103066683554859437e-16 4.136984281155166310e-02 0.000000000000000000e+00
8.192000000000000000e+03 5.449033266934939085e-02 -3.357563430874781749e-04 5.431825842958598605e-02 0.000000000000000000e+00 8.243611567567251663e-01 -3.093285253915060059e-16 4.219452951668840185e-02 0.000000000000000000e+00
1.638400000000000000e+04 3.959765644788887373e-02 1.648305192300418076e-03 4.237955571048035441e-02 0.000000000000000000e+00 8.168735462145830795e-01 -3.056152784922539345e-16 4.177787089229621775e-02 0.000000000000000000e+00
3.276800000000000000e+04 4.303974818475567177e-02 4.827829150026776437e-04 3.583633448928295884e-02 0.000000000000000000e+00 8.012148808186744242e-01 -2.986276295252576063e-16 4.393954294844160807e-02 0.000000000000000000e+00
6.553600000000000000e+04 5.309938079008939826e-02 8.828627146618626661e-04 2.651443271337178276e-02 0.000000000000000000e+00 7.782501906972579819e-01 -2.901038643279428840e-16 5.029960613999261837e-02 0.000000000000000000e+00
1.310720000000000000e+05 4.456938371249146574e-02 1.500270307291982387e-03 2.302832071661779778e-02 0.000000000000000000e+00 7.459502083715218168e-01 -2.782941735732456265e-16 6.100056975512027635e-02 0.000000000000000000e+00
2.621440000000000000e+05 2.213768253197330449e-02 3.798351732883516836e-04 2.104782824738584204e-02 0.000000000000000000e+00 7.207635288814936425e-01 -2.705471842589987360e-16 6.519782284336744782e-02 0.000000000000000000e+00
5.242880000000000000e+05 3.901748194295973776e-02 4.476366153805729506e-04 1.991577124161603152e-02 0.000000000000000000e+00 6.769286543380806931e-01 -2.543208528372904994e-16 7.911223291900627841e-02 0.000000000000000000e+00
1.048576000000000000e+06 3.470139636223666668e-02 1.162931289494390777e-03 1.889228586576175567e-02 0.000000000000000000e+00 6.488635921429853903e-01 -2.432027333615667525e-16 7.401843196116955625e-02 0.000000000000000000e+00
2.097152000000000000e+06 4.054449382951013509e-02 3.396436759541123320e-04 2.127004888514048495e-02 0.000000000000000000e+00 5.921341753988444978e-01 -2.223492126353483147e-16 8.412393313569016540e-02 0.000000000000000000e+00
4.194304000000000000e+06 3.825997293532865107e-02 4.136089748995487939e-03 1.948667065274875196e-02 0.000000000000000000e+00 5.347595616137096330e-01 -2.018376251620260402e-16 9.190399407799702824e-02 0.000000000000000000e+00
8.388608000000000000e+06 3.046123327282268187e-02 -1.284398336490757964e-03 1.878966262584896851e-02 0.000000000000000000e+00 4.767647028988455382e-01 -1.796613551339084703e-16 9.570897753513774031e-02 0.000000000000000000e+00
1.677721600000000000e+07 2.350006134291431070e-02 5.497040801493588641e-04 1.643817236895126280e-02 0.000000000000000000e+00 4.096133243990455197e-01 -1.551655900376127107e-16 1.015100331689965246e-01 0.000000000000000000e+00
3.355443200000000000e+07 2.644808611674325655e-02 1.616355148432808671e-03 1.469753860718671368e-02 0.000000000000000000e+00 3.584763646807274662e-01 -1.376971786262289953e-16 9.416072359881128007e-02 0.000000000000000000e+00
6.710886400000000000e+07 2.144978520484882092e-02 3.345692474977195858e-04 1.475764419212121509e-02 0.000000000000000000e+00 3.028762757778519776e-01 -1.161989371899520399e-16 8.547348151634982794e-02 0.000000000000000000e+00
1.342177280000000000e+08 2.531043220476318634e-02 -2.382205509767598283e-04 1.569312819838387940e-02 0.000000000000000000e+00 2.405934843961445857e-01 -9.274149121636324904e-17 7.610785139708628466e-02 0.000000000000000000e+00
2.684354560000000000e+08 3.177038015765595164e-02 1.691882736741043627e-03 1.317681864004579921e-02 0.000000000000000000e+00 1.768655745941642987e-01 -6.941574491339751009e-17 6.572398896750795971e-02 0.000000000000000000e+00
5.368709120000000000e+08 2.641684660515199873e-02 4.976194038244561788e-03 1.271713847769555435e-02 0.000000000000000000e+00 1.454941786222052058e-01 -5.770052924898746665e-17 5.692466099285296843e-02 0.000000000000000000e+00
1.073741824000000000e+09 1.970478522239323127e-02 -1.343031243581359682e-03 1.303627752305959626e-02 0.000000000000000000e+00 9.496111936241294349e-02 -3.686161094928953464e-17 4.498907238675296100e-02 0.000000000000000000e+00
2.147483648000000000e+09 1.973204313131462703e-02 -2.308679678419669080e-03 1.290123351769899111e-02 0.000000000000000000e+00 7.627309922067684878e-02 -3.163847237817889010e-17 2.805010346522272130e-02 0.000000000000000000e+00
4.294967296000000000e+09 2.294341220457624467e-02 4.665439718847444635e-03 1.141092511093381306e-02 0.000000000000000000e+00 5.040643310158573337e-02 -2.148859825039440685e-17 2.151508213395390487e-02 0.000000000000000000e+00
8.589934592000000000e+09 1.644623381248348781e-02 5.408338525137480757e-04 1.094809909908728805e-02 0.000000000000000000e+00 3.806158011435202548e-02 -1.762653438821373537e-17 1.576937574838232353e-02 0.000000000000000000e+00
1.717986918400000000e+10 2.180475422394644036e-02 5.935074734951599831e-03 1.171611040187370105e-02 0.000000000000000000e+00 2.617607414183672696e-02 -1.111808790182505767e-17 1.398718523504480400e-02 0.000000000000000000e+00
3.435973836800000000e+10 1.504697744104868153e-02 1.176626201709351973e-03 1.179672606399388875e-02 0.000000000000000000e+00 5.092380234810577749e-03 -3.595162969271700974e-18 1.028960648624605533e-02 0.000000000000000000e+00
6.871947673600000000e+10 1.980204797471311548e-02 -4.125287177816394472e-03 1.185853151830074462e-02 0.000000000000000000e+00 3.196076511202873387e-03 -3.016011160332345139e-18 1.113918829332735672e-02 0.000000000000000000e+00
1.374389534720000000e+11 1.564404471662960913e-02 3.182889185525047417e-04 1.261554060432291784e-02 0.000000000000000000e+00 1.028334024795247341e-03 -2.445688778008907146e-18 8.424143977213499612e-03 0.000000000000000000e+00
2.748779069440000000e+11 1.723582081742869310e-02 1.378476778085336620e-03 1.130430419061499020e-02 0.000000000000000000e+00 4.283003844419783733e-03 -3.403096196164297610e-18 7.066630796587678592e-03 0.000000000000000000e+00
5.497558138880000000e+11 2.309089098751614458e-02 -8.730424781343993496e-04 1.195575521121801724e-02 0.000000000000000000e+00 5.406836342047068554e-03 -5.192564930001127607e-18 1.164586413855440636e-02 0.000000000000000000e+00
