
# dim_loc 4
# L 6
# n_dis 100
# JZZ 1.0
# hZ 1.0
# hX 1.0
# alphas [ 0.0025+0.00433013j  1.0000+0.j          0.0025-0.00433013j]
# betas [ 0.1   0.99  0.1 ]
# lambdas [ 0.1  1.   0.1]
# phi 1.0471975511965976
# lambd 0.99
# gap 0.00153398078789 6.78824477713e-36
# shifted_gap 0.025532024169 0.00183059139067
# shifted_gap_2 4.60621483404e-06 1.27695791742e-10
# log10_gap -3.05950400141 0.00024576335677
# log10_shifted_gap -2.00486339187 0.206291179773
# log10_shifted_gap_2 -inf nan
# ratio 0.38911072927 9.63810700192e-05
# time	Re(Z)\Im(Z)	Var(Re(Z))	Var(Im(Z))
1.000000000000000000e+00 4.902625675928634075e-01 9.073033225686116091e-06 1.919048039186853627e-01 0.000000000000000000e+00 9.931825836509089456e-01 -2.358982968572112934e-16 7.777442829355326953e-05 0.000000000000000000e+00
2.000000000000000000e+00 -1.213565472169820803e-01 6.678433011180449907e-05 5.265756994619749110e-01 0.000000000000000000e+00 9.813486973119759371e-01 -1.223994676792317114e-16 8.041923563617223722e-04 0.000000000000000000e+00
4.000000000000000000e+00 1.037626162217040043e-01 -3.806778949870208016e-04 4.590582794696994595e-01 0.000000000000000000e+00 9.575494988035028188e-01 -3.499627966486838529e-16 6.227973042469174374e-03 0.000000000000000000e+00
8.000000000000000000e+00 -7.661392183024450951e-05 -4.868326657693957532e-04 4.170827963279641892e-01 0.000000000000000000e+00 9.311226037140295508e-01 -3.378191139505542740e-16 2.651749121819018881e-02 0.000000000000000000e+00
1.600000000000000000e+01 -1.545850848844851355e-02 -2.058094933185124990e-03 4.114443701377414886e-01 0.000000000000000000e+00 9.259818289310920436e-01 -3.408454992340332468e-16 2.757680748169428694e-02 0.000000000000000000e+00
3.200000000000000000e+01 4.844951487064413920e-02 2.717878381167606987e-03 4.321974616228524968e-01 0.000000000000000000e+00 9.183501731951094760e-01 -3.340246800080625507e-16 4.021935674894416834e-02 0.000000000000000000e+00
6.400000000000000000e+01 5.639254449796601842e-02 -8.110679877957287362e-04 4.063373738596059992e-01 0.000000000000000000e+00 9.195732876509362663e-01 -3.357402775366920486e-16 3.049581961692554924e-02 0.000000000000000000e+00
1.280000000000000000e+02 5.340801398075148421e-02 -1.885794467858532613e-03 3.660131247154945755e-01 0.000000000000000000e+00 9.192960575229771614e-01 -3.369969666433634268e-16 2.631649102075197394e-02 0.000000000000000000e+00
2.560000000000000000e+02 4.220057137396858449e-02 -5.208849081270634524e-04 3.842348432722410001e-01 0.000000000000000000e+00 9.160691086144493456e-01 -3.313478906107622295e-16 2.469025069625454399e-02 0.000000000000000000e+00
5.120000000000000000e+02 8.242293001198400249e-02 -1.236606340841334660e-03 3.500122315647485327e-01 0.000000000000000000e+00 9.093780664355961552e-01 -3.292724512744656596e-16 2.630401041317083702e-02 0.000000000000000000e+00
1.024000000000000000e+03 6.969473235351915374e-02 1.600385181317854353e-03 3.091736553314758940e-01 0.000000000000000000e+00 9.034752099233112066e-01 -3.302501463018611116e-16 2.983952455058699882e-02 0.000000000000000000e+00
2.048000000000000000e+03 5.300189079895190752e-02 -6.340191451195045097e-04 2.793558872460484843e-01 0.000000000000000000e+00 9.045183647534619231e-01 -3.342002637799355349e-16 2.771424229829709887e-02 0.000000000000000000e+00
4.096000000000000000e+03 5.949250426287262111e-02 1.096159744503825972e-03 2.531304467128036584e-01 0.000000000000000000e+00 9.033159169927826859e-01 -3.294760141833756865e-16 3.127011961024069725e-02 0.000000000000000000e+00
8.192000000000000000e+03 7.981522707646541981e-02 -1.102337003549870792e-03 2.074456460970811045e-01 0.000000000000000000e+00 9.001377529973363378e-01 -3.237672163702452213e-16 3.020974131327806844e-02 0.000000000000000000e+00
1.638400000000000000e+04 4.623308581002170958e-02 -1.252452764199621229e-05 1.884661357256854353e-01 0.000000000000000000e+00 8.995456224653829436e-01 -3.289307012289308311e-16 2.587908015900915876e-02 0.000000000000000000e+00
3.276800000000000000e+04 3.838157123611199428e-02 -5.428926346746192890e-04 1.544253614375916961e-01 0.000000000000000000e+00 8.944274774246028237e-01 -3.268598071791927380e-16 2.687757077718219353e-02 0.000000000000000000e+00
6.553600000000000000e+04 3.713569109079652847e-02 -5.692312410186001773e-05 1.312907659943872152e-01 0.000000000000000000e+00 8.886932262508024927e-01 -3.263056860650534430e-16 2.660127892261609367e-02 0.000000000000000000e+00
1.310720000000000000e+05 4.724186626031370850e-02 7.259158778052179906e-04 1.120818293997775800e-01 0.000000000000000000e+00 8.844599367523209299e-01 -3.218018012902956501e-16 2.405944100367475233e-02 0.000000000000000000e+00
2.621440000000000000e+05 5.537276330103426542e-02 -3.905316882292252020e-05 8.683083027078944416e-02 0.000000000000000000e+00 8.727812386336550876e-01 -3.175288077430986032e-16 2.723209902060653650e-02 0.000000000000000000e+00
5.242880000000000000e+05 3.584606694444935487e-02 -2.714325890609983294e-04 7.397541587493111637e-02 0.000000000000000000e+00 8.655109644407278369e-01 -3.146898866668522584e-16 2.617568329705360214e-02 0.000000000000000000e+00
1.048576000000000000e+06 4.646161757704985601e-02 2.932612870758652597e-04 5.856116279187285195e-02 0.000000000000000000e+00 8.528616322494508850e-01 -3.104770274957066847e-16 2.860076832182792753e-02 0.000000000000000000e+00
2.097152000000000000e+06 4.997754760131786766e-02 1.890104565729211613e-04 5.005817326772862841e-02 0.000000000000000000e+00 8.398302691473393811e-01 -3.044194312686976584e-16 2.902615847911375890e-02 0.000000000000000000e+00
4.194304000000000000e+06 5.249587968036237284e-02 -1.354961365244596299e-03 4.062349046369354011e-02 0.000000000000000000e+00 8.212112342945085963e-01 -2.978690325723597192e-16 3.375210973622327915e-02 0.000000000000000000e+00
8.388608000000000000e+06 4.396104013759843943e-02 -8.860579730226103372e-05 4.016203685938791318e-02 0.000000000000000000e+00 8.089800712750057077e-01 -2.934921254405012354e-16 3.121169174927545045e-02 0.000000000000000000e+00
1.677721600000000000e+07 5.056626079312066813e-02 9.755691434673244159e-04 3.123524605909881388e-02 0.000000000000000000e+00 7.889206546411691168e-01 -2.871474661493007759e-16 3.540441148317524656e-02 0.000000000000000000e+00
3.355443200000000000e+07 5.302233836477348444e-02 5.812278194939810537e-04 2.633603092050704891e-02 0.000000000000000000e+00 7.646924739968716800e-01 -2.790877250060673072e-16 3.614334874844755269e-02 0.000000000000000000e+00
6.710886400000000000e+07 4.826230144217889817e-02 1.940087605374411035e-03 2.750401093072096445e-02 0.000000000000000000e+00 7.384129581510191498e-01 -2.686776362244807847e-16 4.071990017592853200e-02 0.000000000000000000e+00
1.342177280000000000e+08 4.215405434656161604e-02 7.158323407722883306e-04 1.971852010559317636e-02 0.000000000000000000e+00 7.086612302741288616e-01 -2.578094591002710459e-16 4.498706728186967208e-02 0.000000000000000000e+00
2.684354560000000000e+08 4.083302056095277494e-02 7.414300695312356490e-04 2.126558845589150357e-02 0.000000000000000000e+00 6.766727694697504125e-01 -2.461050635238701825e-16 5.075115959810076738e-02 0.000000000000000000e+00
5.368709120000000000e+08 4.591713721145756349e-02 4.144875209166068919e-04 1.901929404452010891e-02 0.000000000000000000e+00 6.364686580156510010e-01 -2.305092702373421704e-16 5.431435966475015725e-02 0.000000000000000000e+00
1.073741824000000000e+09 3.542988858045326844e-02 2.110099945983246101e-04 1.769117951198532351e-02 0.000000000000000000e+00 5.972956901023009912e-01 -2.172396937838733044e-16 6.163791294796619469e-02 0.000000000000000000e+00
2.147483648000000000e+09 3.314290704219275546e-02 1.053575509715055925e-03 1.759926373013570577e-02 0.000000000000000000e+00 5.573717696311621950e-01 -2.031745978823075257e-16 6.316937481449237668e-02 0.000000000000000000e+00
4.294967296000000000e+09 3.515761068513673093e-02 4.099488298454443677e-05 1.805477887084597916e-02 0.000000000000000000e+00 5.211655459332539264e-01 -1.889556974860714561e-16 6.712006191261801757e-02 0.000000000000000000e+00
8.589934592000000000e+09 3.105968636885999071e-02 1.416598823541693640e-04 1.567859872612458599e-02 0.000000000000000000e+00 4.986460197021118090e-01 -1.816018694961593629e-16 6.698652754495479367e-02 0.000000000000000000e+00
1.717986918400000000e+10 3.130008129138636686e-02 3.671474371631473083e-03 1.588999416704591633e-02 0.000000000000000000e+00 4.449049741511013067e-01 -1.624373497544034085e-16 6.593221546522221033e-02 0.000000000000000000e+00
3.435973836800000000e+10 3.622266232242302153e-02 7.304861313376647281e-04 1.494659080996768759e-02 0.000000000000000000e+00 3.940440098030120741e-01 -1.429446946504771349e-16 7.296007412673041759e-02 0.000000000000000000e+00
6.871947673600000000e+10 2.018583874885703650e-02 -1.194795928259994927e-03 1.485089065218313763e-02 0.000000000000000000e+00 3.786327188389885801e-01 -1.387210839611219724e-16 6.336689701215576787e-02 0.000000000000000000e+00
1.374389534720000000e+11 2.495576467377732047e-02 2.500465623849029186e-03 1.485568601354152890e-02 0.000000000000000000e+00 3.270524901995377487e-01 -1.193867159573659118e-16 6.202027394103868524e-02 0.000000000000000000e+00
2.748779069440000000e+11 2.508191315127343557e-02 9.023735994345274481e-04 1.484128750805765833e-02 0.000000000000000000e+00 3.031138895127973854e-01 -1.114030095725061151e-16 5.706442687315890078e-02 0.000000000000000000e+00
5.497558138880000000e+11 2.487912315724229162e-02 5.400698041616565446e-04 1.366561474903317530e-02 0.000000000000000000e+00 2.623497544570193574e-01 -9.525536972537188252e-17 6.038710646133937932e-02 0.000000000000000000e+00
