
# dim_loc 4
# L 5
# n_dis 100
# JZZ 1.0
# hZ 1.0
# hX 1.0
# alphas [ 0.025+0.04330127j  1.000+0.j          0.025-0.04330127j]
# betas [ 0.1  0.9  0.1]
# lambdas [ 0.1  1.   0.1]
# phi 1.0471975511965976
# lambd 0.9
# gap 0.00613592315154 9.15794734884e-35
# shifted_gap 0.0586930953448 0.0100917404413
# shifted_gap_2 6.61356848511e-05 2.7683942758e-08
# log10_gap -2.43039589421 0.000960812839156
# log10_shifted_gap -1.68815242575 0.273532810685
# log10_shifted_gap_2 -6.3029337971 1.2312277706
# ratio 0.403335577859 0.000851481738739
# time	Re(Z)\Im(Z)	Var(Re(Z))	Var(Im(Z))
1.000000000000000000e+00 5.282971980962946068e-01 -1.327669871259212756e-05 1.524410162876825847e-01 0.000000000000000000e+00 9.924329739916130100e-01 -2.468713528296686298e-16 9.049752137372581997e-05 0.000000000000000000e+00
2.000000000000000000e+00 -1.078477018135283599e-01 -8.720223003508989035e-05 5.226558169517419028e-01 0.000000000000000000e+00 9.792056696507540625e-01 -1.236724644916014525e-16 9.514974121407944073e-04 0.000000000000000000e+00
4.000000000000000000e+00 1.389597183565672023e-01 2.004603977427855068e-05 4.356710925678548008e-01 0.000000000000000000e+00 9.499377074630032114e-01 -3.454738779600151778e-16 8.508985655579535262e-03 0.000000000000000000e+00
8.000000000000000000e+00 8.629562237318430529e-02 1.376755454586135784e-03 3.256792031838244283e-01 0.000000000000000000e+00 9.134433697619335213e-01 -3.319724979187874131e-16 3.189403539377314717e-02 0.000000000000000000e+00
1.600000000000000000e+01 -2.541943700439372109e-02 -6.604865219952874402e-04 3.237725628185708082e-01 0.000000000000000000e+00 9.097066572759563430e-01 -3.260055624459514973e-16 3.145644356591360130e-02 0.000000000000000000e+00
3.200000000000000000e+01 8.393109354750975803e-02 1.939154336794970067e-04 2.986091635012960155e-01 0.000000000000000000e+00 8.921243405655595593e-01 -3.203566654750700350e-16 3.812719565305611180e-02 0.000000000000000000e+00
6.400000000000000000e+01 5.206212839441463208e-02 -2.071692979318239477e-05 2.927996993746499466e-01 0.000000000000000000e+00 8.743273402754977441e-01 -3.174534631355390130e-16 4.471926459742302240e-02 0.000000000000000000e+00
1.280000000000000000e+02 8.815522789557872496e-02 -1.045910523627062655e-03 2.570555075620229446e-01 0.000000000000000000e+00 8.670386743739870727e-01 -3.132967642530072202e-16 4.478150685524681651e-02 0.000000000000000000e+00
2.560000000000000000e+02 7.537128205477501564e-02 -1.167116379199506374e-03 1.970749485938173007e-01 0.000000000000000000e+00 8.587335153965944823e-01 -3.106185224641158775e-16 4.504856173419313076e-02 0.000000000000000000e+00
5.120000000000000000e+02 2.640667459824384139e-02 -8.652640466114301307e-04 1.679014393571334751e-01 0.000000000000000000e+00 8.461029371233623753e-01 -3.051700073858285413e-16 4.658890268245580862e-02 0.000000000000000000e+00
1.024000000000000000e+03 4.677158800487750401e-02 -5.023868843307422718e-04 1.442083857988316342e-01 0.000000000000000000e+00 8.323285764750976146e-01 -3.017447020457098843e-16 5.223426452777436835e-02 0.000000000000000000e+00
2.048000000000000000e+03 5.718526232173989921e-02 -7.900130840026520565e-04 8.958160793079439355e-02 0.000000000000000000e+00 8.190457947450974219e-01 -2.959659897024659116e-16 5.577187247546239873e-02 0.000000000000000000e+00
4.096000000000000000e+03 2.666828056703757915e-02 -1.793983299100065975e-03 7.278621261383177998e-02 0.000000000000000000e+00 8.100591791080710147e-01 -2.952922224730933905e-16 5.559453690891694860e-02 0.000000000000000000e+00
8.192000000000000000e+03 3.881507848432811519e-02 -2.218016747191717090e-03 5.958012649693992385e-02 0.000000000000000000e+00 7.909839050432957430e-01 -2.872998707534888537e-16 5.912223500659597591e-02 0.000000000000000000e+00
1.638400000000000000e+04 4.985405372515871320e-02 -9.766322161284233822e-04 5.183320974738091919e-02 0.000000000000000000e+00 7.619896495073631426e-01 -2.753032328807139526e-16 6.656904171913267942e-02 0.000000000000000000e+00
3.276800000000000000e+04 5.325908983506072447e-02 -8.682358865931729796e-04 4.166269719995294163e-02 0.000000000000000000e+00 7.309513659035078437e-01 -2.641582558982036390e-16 7.309833046088297370e-02 0.000000000000000000e+00
6.553600000000000000e+04 3.084404842762526744e-02 5.824713141901858996e-04 4.232908637725855266e-02 0.000000000000000000e+00 7.057334556178901375e-01 -2.538244020613566515e-16 7.801527297663443661e-02 0.000000000000000000e+00
1.310720000000000000e+05 3.587645209466008150e-02 -4.352813708320273393e-04 3.130116809705557612e-02 0.000000000000000000e+00 6.595115003790434915e-01 -2.383810372207736115e-16 8.485040313528252609e-02 0.000000000000000000e+00
2.621440000000000000e+05 3.934554826677105072e-02 1.264964416009706433e-03 3.000170551372119410e-02 0.000000000000000000e+00 6.172513997265928198e-01 -2.226500498275450170e-16 8.580717351959821215e-02 0.000000000000000000e+00
5.242880000000000000e+05 3.808463520334197383e-02 1.652523879171314235e-03 3.052994742735673159e-02 0.000000000000000000e+00 5.523657671165167482e-01 -1.964395280388187006e-16 9.252300194817383860e-02 0.000000000000000000e+00
1.048576000000000000e+06 4.045548511462856989e-02 -9.758480028662571163e-04 2.851676181257953996e-02 0.000000000000000000e+00 4.840527086018290293e-01 -1.733523585744682584e-16 9.784255676505657084e-02 0.000000000000000000e+00
2.097152000000000000e+06 3.483341451308732961e-02 2.313649175521146316e-03 2.701276467706179713e-02 0.000000000000000000e+00 4.230402425880406270e-01 -1.508810169797355711e-16 9.442440319188097342e-02 0.000000000000000000e+00
4.194304000000000000e+06 2.275355083546922591e-02 -1.370051057769531080e-03 2.729407999226468942e-02 0.000000000000000000e+00 3.454084591155130446e-01 -1.202114454463058186e-16 9.316580824936314398e-02 0.000000000000000000e+00
8.388608000000000000e+06 2.721862811488007933e-02 1.964734383418002307e-03 2.455564939712131037e-02 0.000000000000000000e+00 2.639714251246993992e-01 -9.164132303727114066e-17 8.298376839431925722e-02 0.000000000000000000e+00
1.677721600000000000e+07 3.261688994892020937e-02 -2.943317515502905319e-04 2.667324438171259776e-02 0.000000000000000000e+00 2.291251213287812394e-01 -8.006465422866680841e-17 7.618694543822060461e-02 0.000000000000000000e+00
3.355443200000000000e+07 3.370601924167587055e-02 -5.307744344504272856e-03 2.390684749516826593e-02 0.000000000000000000e+00 1.826333279903407381e-01 -6.345132627681030899e-17 6.219802545543880179e-02 0.000000000000000000e+00
6.710886400000000000e+07 2.308226617411502854e-02 -5.282300986928993147e-04 2.313573213935139414e-02 0.000000000000000000e+00 1.192500869798932273e-01 -4.224726403794075904e-17 5.930412533260592811e-02 0.000000000000000000e+00
1.342177280000000000e+08 3.041075301906260089e-02 -3.013582871382637814e-03 2.269450578328718535e-02 0.000000000000000000e+00 6.223640532669749009e-02 -1.988045516509627102e-17 4.925233743629355704e-02 0.000000000000000000e+00
2.684354560000000000e+08 2.324158036656511633e-02 6.568518354231868417e-03 2.180246274360469680e-02 0.000000000000000000e+00 5.111623953401082249e-02 -1.450473890876895176e-17 3.958143469470550013e-02 0.000000000000000000e+00
5.368709120000000000e+08 2.698165852974998558e-02 -7.668593633495114463e-04 1.945440072584661909e-02 0.000000000000000000e+00 1.054874109293028363e-02 -4.437297883967871256e-18 2.363892886094671325e-02 0.000000000000000000e+00
1.073741824000000000e+09 1.997148497342787418e-02 -3.046619764328713578e-03 2.077538307423641012e-02 0.000000000000000000e+00 -1.088018620916551089e-03 2.400749433376671329e-18 2.528256786911923376e-02 0.000000000000000000e+00
2.147483648000000000e+09 2.836968904967508004e-02 -8.720149461039957903e-03 2.180349919950870519e-02 0.000000000000000000e+00 8.770137706852766321e-03 -1.650885314073627437e-18 1.888433596530205566e-02 0.000000000000000000e+00
4.294967296000000000e+09 1.939630394985949330e-02 7.120932034929014498e-03 2.096954912285774186e-02 0.000000000000000000e+00 1.743223458705327189e-02 -5.002732375797796981e-18 2.226042971711840804e-02 0.000000000000000000e+00
8.589934592000000000e+09 2.589421168970025555e-02 -1.167471303101898618e-03 2.273086630036103700e-02 0.000000000000000000e+00 1.866675869551460976e-02 -5.409434406077389388e-18 1.852722600637124462e-02 0.000000000000000000e+00
1.717986918400000000e+10 2.754481761795952305e-02 -7.649039718803520667e-04 2.055671081391474697e-02 0.000000000000000000e+00 8.274481215168022485e-03 -1.559734063003220940e-18 1.762941448914253847e-02 0.000000000000000000e+00
3.435973836800000000e+10 2.596845244822355500e-02 1.090199316144862705e-03 1.979623127302245281e-02 0.000000000000000000e+00 -1.870443299581379601e-02 9.224749811661401917e-18 2.116100452761527501e-02 0.000000000000000000e+00
6.871947673600000000e+10 1.892151495017230234e-02 -5.272619863619916990e-03 2.108730251861473323e-02 0.000000000000000000e+00 2.794690141437647032e-03 7.386734227814054319e-19 1.586021533481144288e-02 0.000000000000000000e+00
1.374389534720000000e+11 2.947918205445724388e-02 -2.164084264558828116e-03 1.883530734097554199e-02 0.000000000000000000e+00 -1.432225020746010977e-02 5.946701718111011676e-18 2.396133712632717364e-02 0.000000000000000000e+00
2.748779069440000000e+11 2.959746532760283710e-02 -5.225793267296826444e-03 2.092830708832682865e-02 0.000000000000000000e+00 -3.815815486932994799e-02 1.425901363447766059e-17 2.090041958181437787e-02 0.000000000000000000e+00
5.497558138880000000e+11 2.626003905182128922e-02 2.292648486475427211e-03 2.034804442189220783e-02 0.000000000000000000e+00 5.437358722125572221e-04 6.271171351181409917e-19 1.806707209525434954e-02 0.000000000000000000e+00
