
# dim_loc 4
# L 4
# n_dis 100
# JZZ 1.0
# hZ 1.0
# hX 1.0
# alphas [ 0.025+0.04330127j  1.000+0.j          0.025-0.04330127j]
# betas [ 0.1  0.9  0.1]
# lambdas [ 0.1  1.   0.1]
# phi 1.0471975511965976
# lambd 0.9
# gap 0.0245436926062 1.4450493114e-33
# shifted_gap 0.12962614636 0.0183400781855
# shifted_gap_2 0.000323822335634 2.19012606328e-07
# log10_gap -1.81258997263 0.00178674629345
# log10_shifted_gap -1.24713369774 0.2709532394
# log10_shifted_gap_2 -5.51405907585 1.1792509833
# ratio 0.412236315304 0.00125598015742
# time	Re(Z)\Im(Z)	Var(Re(Z))	Var(Im(Z))
1.000000000000000000e+00 5.408710796623679151e-01 -1.041400484537440238e-05 1.403832830647123997e-01 0.000000000000000000e+00 9.922954176222561484e-01 -2.479967123822432686e-16 8.660953396650012250e-05 0.000000000000000000e+00
2.000000000000000000e+00 -1.055722902692117909e-01 -1.293670762831165117e-04 5.000898751767873796e-01 0.000000000000000000e+00 9.781832279445744627e-01 -1.284187084110861365e-16 1.000922621345270384e-03 0.000000000000000000e+00
4.000000000000000000e+00 9.509280635116452995e-02 4.648396081554302976e-04 4.081615378092599555e-01 0.000000000000000000e+00 9.460746872206142744e-01 -3.491498739179322033e-16 8.574813451807463544e-03 0.000000000000000000e+00
8.000000000000000000e+00 1.731557580672803132e-02 -2.220258847777326766e-05 3.308245188638961332e-01 0.000000000000000000e+00 9.143641757040518181e-01 -3.371480187054601516e-16 3.125805156614313435e-02 0.000000000000000000e+00
1.600000000000000000e+01 -4.870337171228004622e-03 1.090752650186706512e-03 2.944006721630298973e-01 0.000000000000000000e+00 9.078195637357524550e-01 -3.318514033175712537e-16 2.493025142092350141e-02 0.000000000000000000e+00
3.200000000000000000e+01 3.065519093630644787e-02 1.305208409624019576e-03 2.782334768344594256e-01 0.000000000000000000e+00 8.890894665794055740e-01 -3.249428301138088089e-16 3.491013061338658907e-02 0.000000000000000000e+00
6.400000000000000000e+01 2.695772286511580879e-02 1.297854279569764019e-03 2.713455737853154304e-01 0.000000000000000000e+00 8.690012320516288247e-01 -3.237947789287207365e-16 4.506193520010765008e-02 0.000000000000000000e+00
1.280000000000000000e+02 7.141278945103064768e-02 3.234914006876365988e-03 2.350533338457600208e-01 0.000000000000000000e+00 8.584497830573244448e-01 -3.145694724705818958e-16 4.526952184808587937e-02 0.000000000000000000e+00
2.560000000000000000e+02 7.232375912988750488e-02 7.951710584265470278e-04 1.883442516408810885e-01 0.000000000000000000e+00 8.502648896417046576e-01 -3.170597191160044614e-16 3.973985865939386186e-02 0.000000000000000000e+00
5.120000000000000000e+02 -1.129851859969389178e-03 -2.417958949383442521e-03 1.484333804175881066e-01 0.000000000000000000e+00 8.327746523118706445e-01 -3.035111719765726568e-16 4.568931832889758932e-02 0.000000000000000000e+00
1.024000000000000000e+03 2.544031565743134701e-02 2.356699519014370783e-04 1.310078361803634628e-01 0.000000000000000000e+00 7.992444847528827889e-01 -2.951138799597451859e-16 5.657840396939566724e-02 0.000000000000000000e+00
2.048000000000000000e+03 7.434547817356101929e-02 -6.255615132176831506e-04 9.360258195571527495e-02 0.000000000000000000e+00 7.757062034366183356e-01 -2.864022468189965647e-16 6.200407040800457598e-02 0.000000000000000000e+00
4.096000000000000000e+03 6.779713366067510738e-02 9.116230712388815162e-04 7.470104812938696548e-02 0.000000000000000000e+00 7.482736502758599029e-01 -2.771395552255644558e-16 7.102028958120319702e-02 0.000000000000000000e+00
8.192000000000000000e+03 2.304284635451641847e-02 -4.882425355625629345e-06 6.022366291109922803e-02 0.000000000000000000e+00 7.100627195460958996e-01 -2.611494233276140609e-16 8.308006991429726928e-02 0.000000000000000000e+00
1.638400000000000000e+04 5.735662606391952328e-02 4.872056376725040962e-04 5.825515754525790318e-02 0.000000000000000000e+00 6.754448664502470390e-01 -2.492706589191244174e-16 8.946121376995880281e-02 0.000000000000000000e+00
3.276800000000000000e+04 1.838825754034079107e-02 -3.998998808137106849e-03 4.335604225430829406e-02 0.000000000000000000e+00 6.200143872211908436e-01 -2.295314325924558222e-16 9.848431624127083894e-02 0.000000000000000000e+00
6.553600000000000000e+04 4.860606701381431187e-03 -2.607804731420612036e-03 5.674627973905727041e-02 0.000000000000000000e+00 5.660815604450352145e-01 -2.113608582106811809e-16 1.011253788499209411e-01 0.000000000000000000e+00
1.310720000000000000e+05 4.143115004323348616e-02 -7.199085414740916122e-03 4.156758917255246738e-02 0.000000000000000000e+00 5.291153526137007956e-01 -1.931246532002351395e-16 1.059747721223991551e-01 0.000000000000000000e+00
2.621440000000000000e+05 4.214478950833154547e-02 1.536621832831560827e-03 4.131182105951089478e-02 0.000000000000000000e+00 4.688297050415319855e-01 -1.769258462652650807e-16 1.066492792773092585e-01 0.000000000000000000e+00
5.242880000000000000e+05 3.978330211526634463e-02 -3.569898500141581096e-03 3.648938697123487590e-02 0.000000000000000000e+00 3.754904673549981364e-01 -1.400159186847967764e-16 1.052566216529997184e-01 0.000000000000000000e+00
1.048576000000000000e+06 3.033110629173571896e-02 -8.151938478713814315e-03 3.954327096727017904e-02 0.000000000000000000e+00 3.049274829705724277e-01 -1.129562842521608664e-16 1.052367651221835787e-01 0.000000000000000000e+00
2.097152000000000000e+06 2.357741981589825744e-02 -4.647305482032625633e-03 3.389614153356708404e-02 0.000000000000000000e+00 2.604389524860094562e-01 -9.803918925928215118e-17 8.967434227153274484e-02 0.000000000000000000e+00
4.194304000000000000e+06 1.568843362142006981e-02 -1.030047891419279445e-02 3.949516760551227690e-02 0.000000000000000000e+00 2.024402097204160145e-01 -7.869745675364516723e-17 9.179398801043150979e-02 0.000000000000000000e+00
8.388608000000000000e+06 2.748001273536162734e-02 -7.257590459635730046e-03 3.370010357582148286e-02 0.000000000000000000e+00 1.790740190968709011e-01 -6.789689152625440171e-17 7.984463260404947582e-02 0.000000000000000000e+00
1.677721600000000000e+07 9.371062083340599494e-03 1.751672193162438426e-03 3.251283506824718256e-02 0.000000000000000000e+00 1.061434206593465795e-01 -4.254130363459341782e-17 6.375517295483580649e-02 0.000000000000000000e+00
3.355443200000000000e+07 2.786323042063922409e-02 -4.551700700452174231e-03 3.300183539640370867e-02 0.000000000000000000e+00 6.016287339397115297e-02 -2.570802872882642797e-17 5.993699589227635682e-02 0.000000000000000000e+00
6.710886400000000000e+07 1.303479005787323841e-02 1.204341131161361118e-03 3.466014713115189022e-02 0.000000000000000000e+00 7.115773745983067222e-02 -2.759439832460357862e-17 4.351725034268473513e-02 0.000000000000000000e+00
1.342177280000000000e+08 2.504783680195188378e-02 -1.126436856384401171e-02 2.940955812177927300e-02 0.000000000000000000e+00 4.472992136996999796e-02 -1.511064937707231670e-17 3.819611813566616693e-02 0.000000000000000000e+00
2.684354560000000000e+08 2.303612907083633227e-02 -5.634739804207539692e-03 3.232009556326016775e-02 0.000000000000000000e+00 1.413203169211366649e-02 -6.182855767684915736e-18 3.981625275448109208e-02 0.000000000000000000e+00
5.368709120000000000e+08 1.303841099425926200e-02 3.213344323291018011e-03 3.095364592052526898e-02 0.000000000000000000e+00 2.249411446155936620e-02 -7.877045266047355600e-18 4.256410065944851023e-02 0.000000000000000000e+00
1.073741824000000000e+09 1.425336634488253221e-02 -7.249471269103965627e-04 3.417229893404016144e-02 0.000000000000000000e+00 4.651527219936722746e-02 -1.492692506418582049e-17 3.879207697776875657e-02 0.000000000000000000e+00
2.147483648000000000e+09 1.465453014885582765e-02 -1.040896457625509891e-03 3.527937838318862679e-02 0.000000000000000000e+00 1.053192950226155764e-02 1.016577783114659936e-19 3.586850460899032589e-02 0.000000000000000000e+00
4.294967296000000000e+09 1.468229146091790463e-02 -2.062564201562552477e-03 3.223676830427426448e-02 0.000000000000000000e+00 -2.022649558837386410e-02 5.445824179432477812e-18 3.797461886111740820e-02 0.000000000000000000e+00
8.589934592000000000e+09 2.164589119812228638e-02 8.512611734448543438e-03 3.303049125996002783e-02 0.000000000000000000e+00 -4.862179785716480920e-03 1.512871931338794284e-18 3.410217494563369534e-02 0.000000000000000000e+00
1.717986918400000000e+10 1.944782644470025718e-02 -8.905148874875725568e-03 3.351472824245734644e-02 0.000000000000000000e+00 5.131554674926095891e-03 -1.268031134157569948e-18 3.152407692522199434e-02 0.000000000000000000e+00
3.435973836800000000e+10 2.335815904236136428e-02 1.153467786928516958e-03 3.350460516906053621e-02 0.000000000000000000e+00 -1.192721559667037252e-02 5.329261308297607319e-18 3.597243873926037755e-02 0.000000000000000000e+00
6.871947673600000000e+10 1.737680676515524283e-02 2.775690867302163609e-03 3.370750775203632671e-02 0.000000000000000000e+00 3.323882035971086057e-02 -1.515336207220572197e-17 3.476705349864446515e-02 0.000000000000000000e+00
1.374389534720000000e+11 1.400094733936197398e-02 -1.439648772746870281e-02 3.058268889048440173e-02 0.000000000000000000e+00 -2.837236998990004533e-02 1.128315239773935328e-17 4.674983399059479128e-02 0.000000000000000000e+00
2.748779069440000000e+11 2.479651375932037313e-02 4.571352078897328655e-03 3.241558671506702960e-02 0.000000000000000000e+00 1.696559556320693116e-03 -1.270082512345410237e-18 3.113650955064571277e-02 0.000000000000000000e+00
5.497558138880000000e+11 1.918818471066910045e-02 -1.408592416054122755e-02 3.256761538876042777e-02 0.000000000000000000e+00 -3.397412770728711756e-02 1.238489342004243641e-17 3.432953062718467618e-02 0.000000000000000000e+00
