
# dim_loc 4
# L 3
# n_dis 100
# JZZ 1.0
# hZ 1.0
# hX 1.0
# alphas [ 0.1+0.17320508j  1.0+0.j          0.1-0.17320508j]
# betas [ 0.1  0.6  0.1]
# lambdas [ 0.1  1.   0.1]
# phi 1.0471975511965976
# lambd 0.6
# gap 0.0981747704247 2.34154562639e-32
# shifted_gap 0.0944319743042 0.00825466758042
# shifted_gap_2 0.00146201862841 4.6320926208e-06
# log10_gap -1.1774707328 0.00227090136581
# log10_shifted_gap -1.36303229864 0.286065597365
# log10_shifted_gap_2 -4.23594767646 0.673693713369
# ratio 0.423654478713 0.00376295139059
# time	Re(Z)\Im(Z)	Var(Re(Z))	Var(Im(Z))
1.000000000000000000e+00 7.863433491483425852e-01 -8.089323337263107459e-05 3.494579062964792149e-02 0.000000000000000000e+00 9.927557890941537400e-01 -2.480863226455463414e-16 8.104875442044657868e-05 0.000000000000000000e+00
2.000000000000000000e+00 4.058803774429066702e-01 -2.727548241061274127e-04 2.354471307110935219e-01 0.000000000000000000e+00 9.822981940736535966e-01 -1.030267605466229084e-16 8.555472949048803684e-04 0.000000000000000000e+00
4.000000000000000000e+00 2.626348518729861858e-01 -3.269142173107497792e-05 2.758438570903544718e-01 0.000000000000000000e+00 9.581744496478468154e-01 -3.455060682792323506e-16 6.412176188032089365e-03 0.000000000000000000e+00
8.000000000000000000e+00 2.576238015332155684e-01 3.512502768857446922e-04 2.529425222964833408e-01 0.000000000000000000e+00 9.267840708223226143e-01 -3.402880296497047997e-16 2.313420091308618018e-02 0.000000000000000000e+00
1.600000000000000000e+01 2.193519359334158148e-01 5.115304374762945057e-04 1.947165338779270893e-01 0.000000000000000000e+00 9.063029260699577705e-01 -3.277531991841994620e-16 2.753200757833276086e-02 0.000000000000000000e+00
3.200000000000000000e+01 7.328969397207339698e-02 2.677283798392211204e-03 2.108216517179254124e-01 0.000000000000000000e+00 8.830981925160295010e-01 -3.164990820991314396e-16 3.616565987390858716e-02 0.000000000000000000e+00
6.400000000000000000e+01 7.394711691665636910e-02 -1.643385088975733059e-03 1.438958998692642655e-01 0.000000000000000000e+00 8.609152923190036555e-01 -3.096841765266019207e-16 4.316635744207908409e-02 0.000000000000000000e+00
1.280000000000000000e+02 -3.479464342798749277e-02 1.717427563950291300e-03 1.431905604655608621e-01 0.000000000000000000e+00 8.474436887255382134e-01 -3.060683496285652007e-16 3.966940449285424886e-02 0.000000000000000000e+00
2.560000000000000000e+02 4.169971298353143674e-02 1.401603255197619077e-03 1.381416201778190578e-01 0.000000000000000000e+00 8.128069737021280661e-01 -2.903579894240366449e-16 6.070743880893361699e-02 0.000000000000000000e+00
5.120000000000000000e+02 3.364499454446755189e-02 2.355421897201114521e-03 1.302511088084310209e-01 0.000000000000000000e+00 7.743290505917915789e-01 -2.820505488787473926e-16 6.467469543234141693e-02 0.000000000000000000e+00
1.024000000000000000e+03 1.330882557309450050e-02 2.378523001672143769e-03 1.017419750146801444e-01 0.000000000000000000e+00 7.139503964374205314e-01 -2.578748639857541870e-16 9.095346313448053610e-02 0.000000000000000000e+00
2.048000000000000000e+03 -4.209598115694241673e-03 -2.140776265286746614e-03 1.193360607003630530e-01 0.000000000000000000e+00 6.404833593617662579e-01 -2.360263589121959417e-16 9.986817494316262145e-02 0.000000000000000000e+00
4.096000000000000000e+03 -1.297908920559225814e-03 -1.732845664917176442e-03 1.170859423325029541e-01 0.000000000000000000e+00 5.654182542846500903e-01 -2.089729875077759016e-16 1.094781192287563876e-01 0.000000000000000000e+00
8.192000000000000000e+03 5.435017068992219202e-02 9.389570321007460058e-03 1.015284947951221456e-01 0.000000000000000000e+00 4.654716238994434652e-01 -1.732468145670188630e-16 1.333088687374854309e-01 0.000000000000000000e+00
1.638400000000000000e+04 -1.182827057405133608e-02 -2.717021266322102845e-03 8.429219784276419103e-02 0.000000000000000000e+00 4.178023929222340338e-01 -1.566134004140639669e-16 1.204372651917314380e-01 0.000000000000000000e+00
3.276800000000000000e+04 2.538641538431257814e-03 9.840288178674359149e-03 7.349863272273499115e-02 0.000000000000000000e+00 3.337413862819496591e-01 -1.245147437046343938e-16 1.332529841059662268e-01 0.000000000000000000e+00
6.553600000000000000e+04 -3.510851985942348152e-02 8.843698770470847376e-03 7.221039870705937835e-02 0.000000000000000000e+00 2.469550821194252677e-01 -9.269633063825672375e-17 1.422224621576791970e-01 0.000000000000000000e+00
1.310720000000000000e+05 1.248835231988886137e-02 1.082105602476042538e-02 9.011933080995568335e-02 0.000000000000000000e+00 1.865195809740352595e-01 -6.972181350348344044e-17 1.354634477000241088e-01 0.000000000000000000e+00
2.621440000000000000e+05 -2.613249664741686476e-02 -3.116814545903166724e-03 6.899499890301390159e-02 0.000000000000000000e+00 1.267852526882220499e-01 -4.232265800417395187e-17 1.220473970491850468e-01 0.000000000000000000e+00
5.242880000000000000e+05 -9.315765715030474277e-05 -5.911239528941178445e-05 7.485225483508721467e-02 0.000000000000000000e+00 1.197680593505979219e-01 -3.762669606771598562e-17 1.030486138113813899e-01 0.000000000000000000e+00
1.048576000000000000e+06 5.901369186204402650e-03 -8.753716711011345214e-03 6.694289476911065295e-02 0.000000000000000000e+00 1.042697245112276655e-01 -3.846736457004151950e-17 8.357288605012042071e-02 0.000000000000000000e+00
2.097152000000000000e+06 -4.893615916813699208e-03 1.787516732159293714e-02 7.697527075442725519e-02 0.000000000000000000e+00 3.665309667089223372e-02 -1.258408542289961870e-17 9.227119256275420622e-02 0.000000000000000000e+00
4.194304000000000000e+06 2.213542060097218114e-02 3.150525078154694375e-02 7.085566884154355372e-02 0.000000000000000000e+00 2.248850085803181555e-03 4.724553941250431876e-18 1.001860271839545985e-01 0.000000000000000000e+00
8.388608000000000000e+06 8.855088689934989890e-03 6.480943435248762673e-03 6.386537890883775548e-02 0.000000000000000000e+00 3.712808766341245403e-02 -8.921993471321986458e-18 9.829187311304615760e-02 0.000000000000000000e+00
1.677721600000000000e+07 2.074257068214828068e-02 8.978978753256842624e-03 7.936443759682498822e-02 0.000000000000000000e+00 -2.873722120994566791e-03 -7.785482336088557852e-19 8.888458789325927312e-02 0.000000000000000000e+00
3.355443200000000000e+07 2.353308155459519699e-02 -3.222727426928029271e-02 6.413485534189837523e-02 0.000000000000000000e+00 -5.622910467176323729e-03 3.289479279384711096e-18 7.330484635181803987e-02 0.000000000000000000e+00
6.710886400000000000e+07 9.215108429881624721e-03 -3.651526316557187485e-02 6.837534807158358874e-02 0.000000000000000000e+00 -3.718463188017234744e-02 1.608136913431026780e-17 1.008041685776144558e-01 0.000000000000000000e+00
1.342177280000000000e+08 -3.433975055634497925e-02 1.853493070358962691e-03 7.244900932074116451e-02 0.000000000000000000e+00 6.627052888637557232e-03 2.361665408181578606e-18 8.576757704134897742e-02 0.000000000000000000e+00
2.684354560000000000e+08 5.917993272584894625e-04 1.261205518915002426e-02 6.384904872266544684e-02 0.000000000000000000e+00 3.185097543616417781e-02 -1.255738264015236334e-17 8.635583717126078807e-02 0.000000000000000000e+00
5.368709120000000000e+08 -1.132832677766789850e-02 -2.242554142687011240e-02 6.571087016797562408e-02 0.000000000000000000e+00 -1.042012634032474759e-02 2.776447970745009918e-18 1.145132385223610327e-01 0.000000000000000000e+00
1.073741824000000000e+09 -6.397274990931351400e-03 3.128225911586696856e-02 6.731949320425294203e-02 0.000000000000000000e+00 -4.685862075913864119e-04 3.776434835863177512e-18 9.949283647793739915e-02 0.000000000000000000e+00
2.147483648000000000e+09 -3.706749459636194625e-03 -1.319512374157418011e-02 6.966259485899212178e-02 0.000000000000000000e+00 -8.774829501646685612e-03 1.005140010777344686e-17 9.952592103837257231e-02 0.000000000000000000e+00
4.294967296000000000e+09 2.586496917803918563e-02 3.464258099467604213e-02 8.356135470232424478e-02 0.000000000000000000e+00 1.019597975808665983e-03 3.122917445626020381e-18 1.115053732976229173e-01 0.000000000000000000e+00
8.589934592000000000e+09 -1.238776357964738867e-02 -8.684512559236511400e-03 7.105720285198820207e-02 0.000000000000000000e+00 -1.688437417416648392e-02 1.273590189265500578e-17 1.083489699413424240e-01 0.000000000000000000e+00
1.717986918400000000e+10 -2.506170305752501368e-02 -8.814840791191441358e-03 6.865936238921017953e-02 0.000000000000000000e+00 2.513372610769601390e-02 -2.777904082132843674e-18 8.103310167752858506e-02 0.000000000000000000e+00
3.435973836800000000e+10 7.474350347490833248e-03 -1.164026089300141363e-02 6.371884141409035751e-02 0.000000000000000000e+00 -1.992336971722206973e-02 1.306783162008027134e-17 1.164626319651231312e-01 0.000000000000000000e+00
6.871947673600000000e+10 -1.683966882803514253e-02 -1.145074692095058829e-03 8.243658217668015098e-02 0.000000000000000000e+00 2.536816621426763937e-02 -8.268937127595967658e-18 9.107094039578091105e-02 0.000000000000000000e+00
1.374389534720000000e+11 3.626747276443360174e-02 1.817933450026179218e-02 7.321086856926506403e-02 0.000000000000000000e+00 -2.383785564422548353e-02 9.363634806413905043e-18 1.139740193906461918e-01 0.000000000000000000e+00
2.748779069440000000e+11 1.055816324834636319e-02 3.287215676941861175e-02 7.722865030056948188e-02 0.000000000000000000e+00 -6.956857396455808085e-02 2.812580787624496274e-17 9.525030488137865847e-02 0.000000000000000000e+00
5.497558138880000000e+11 -1.766675104592140347e-02 2.827358708376749054e-03 7.646941879161842093e-02 0.000000000000000000e+00 -5.690070983253818623e-04 -3.614172804547360595e-18 1.139788271961205829e-01 0.000000000000000000e+00
