
# dim_loc 4
# L 3
# n_dis 100
# JZZ 1.0
# hZ 1.0
# hX 1.0
# alphas [ 0.25+0.4330127j  1.00+0.j         0.25-0.4330127j]
# betas [ 0.1  0.   0.1]
# lambdas [ 0.1  1.   0.1]
# phi 1.0471975511965976
# lambd 0.0
# gap 0.0981747704247 2.30841963134e-32
# shifted_gap 0.00167210921914 5.9171732296e-06
# shifted_gap_2 0.00168287337044 5.95102816965e-06
# log10_gap -1.20850684378 0.00482311827405
# log10_shifted_gap -3.68382352989 0.597126592481
# log10_shifted_gap_2 -4.4389759179 0.626034709155
# ratio 0.411229676402 0.00562316377626
# time	Re(Z)\Im(Z)	Var(Re(Z))	Var(Im(Z))
1.000000000000000000e+00 9.964075801051223147e-01 -1.405412934689882548e-04 1.960034436057390904e-05 0.000000000000000000e+00 9.928507861294306736e-01 -2.504003096859094392e-16 6.578338354276572035e-05 0.000000000000000000e+00
2.000000000000000000e+00 9.917436731056152865e-01 -5.730755294830251713e-04 1.707403604541519136e-04 0.000000000000000000e+00 9.837028855967684393e-01 -1.156724088270618243e-16 5.097978062947076342e-04 0.000000000000000000e+00
4.000000000000000000e+00 9.789794561439419951e-01 -1.528795019264467302e-03 1.782964173172954438e-03 0.000000000000000000e+00 9.591406447057150286e-01 -3.243119132914040341e-16 4.477944827995020832e-03 0.000000000000000000e+00
8.000000000000000000e+00 9.532679139574385951e-01 -3.472988343856039765e-03 1.219207294506623185e-02 0.000000000000000000e+00 9.109174715325492055e-01 -3.125216279739246571e-16 2.639863056194325860e-02 0.000000000000000000e+00
1.600000000000000000e+01 9.232942435239704926e-01 -8.495931451381232491e-04 4.132661086897887470e-02 0.000000000000000000e+00 8.597729688357439448e-01 -2.932248478775774992e-16 7.847441984410394311e-02 0.000000000000000000e+00
3.200000000000000000e+01 9.063086699139669689e-01 3.238910178893326594e-03 6.024307211422837149e-02 0.000000000000000000e+00 8.396141416489564246e-01 -2.857072378699587711e-16 1.104323483804462852e-01 0.000000000000000000e+00
6.400000000000000000e+01 8.997355351554335856e-01 -4.194192729091751615e-03 5.314485251216237438e-02 0.000000000000000000e+00 8.510285619332169649e-01 -2.874294511350357688e-16 7.345240777646543096e-02 0.000000000000000000e+00
1.280000000000000000e+02 8.661912296135445555e-01 4.142167980344020790e-03 7.804338201377587769e-02 0.000000000000000000e+00 8.093894661243579147e-01 -2.831280398031168698e-16 1.031660964095448968e-01 0.000000000000000000e+00
2.560000000000000000e+02 8.117146056581232560e-01 -2.784987553718799597e-03 1.265575978509205779e-01 0.000000000000000000e+00 7.817606258046007062e-01 -2.691387551283750313e-16 1.190954798438090267e-01 0.000000000000000000e+00
5.120000000000000000e+02 7.473785840627414911e-01 7.079196487305087181e-03 1.645757441220964123e-01 0.000000000000000000e+00 7.340298386789946283e-01 -2.484271813136720604e-16 1.217865417992785859e-01 0.000000000000000000e+00
1.024000000000000000e+03 6.314907997641674431e-01 1.534656042200960302e-03 2.630437279575152387e-01 0.000000000000000000e+00 6.741693567471455095e-01 -2.258620089003516319e-16 1.386780151010524320e-01 0.000000000000000000e+00
2.048000000000000000e+03 5.078029999640167880e-01 -2.556153809029469964e-03 3.150847439694981489e-01 0.000000000000000000e+00 5.974328479269899184e-01 -1.959726190798532923e-16 1.299758439435365898e-01 0.000000000000000000e+00
4.096000000000000000e+03 3.764643871924668872e-01 4.537917929747310210e-03 3.090027634118933109e-01 0.000000000000000000e+00 5.057945532267292821e-01 -1.641184957280389083e-16 1.235953270767660706e-01 0.000000000000000000e+00
8.192000000000000000e+03 1.570739340620466717e-01 -5.477336140241785382e-03 3.729783189937369570e-01 0.000000000000000000e+00 4.380035676207338358e-01 -1.477389103862846844e-16 1.420674922617613800e-01 0.000000000000000000e+00
1.638400000000000000e+04 8.915865009316462086e-02 4.105587698356088187e-03 3.631503302008236567e-01 0.000000000000000000e+00 4.029616534414551254e-01 -1.376893864557358234e-16 1.438930539135596376e-01 0.000000000000000000e+00
3.276800000000000000e+04 7.354487930596077805e-02 7.575734660372375473e-03 3.340580290135506947e-01 0.000000000000000000e+00 3.667691043024401409e-01 -1.259719718306702758e-16 1.436310007268843947e-01 0.000000000000000000e+00
6.553600000000000000e+04 1.404151012452271342e-02 7.341220452552830143e-03 3.405369499873606154e-01 0.000000000000000000e+00 3.467805359087394179e-01 -1.217996186650019599e-16 1.771467041575766621e-01 0.000000000000000000e+00
1.310720000000000000e+05 7.167251892172742112e-02 3.864062937659405034e-02 2.996949426772439473e-01 0.000000000000000000e+00 2.637484457492756396e-01 -8.641498064333084571e-17 1.983486696594651544e-01 0.000000000000000000e+00
2.621440000000000000e+05 3.802461205642368447e-02 1.309320963500251039e-02 2.567275936354370680e-01 0.000000000000000000e+00 1.880783383317421176e-01 -6.424662035044943657e-17 1.650395095411173185e-01 0.000000000000000000e+00
5.242880000000000000e+05 8.801719826182764078e-03 -4.026868163155598174e-02 2.291373595898764381e-01 0.000000000000000000e+00 8.818012236244841817e-02 -2.714968626335305070e-17 1.840828482493382379e-01 0.000000000000000000e+00
1.048576000000000000e+06 -4.408939061947930033e-02 2.630886296997418661e-02 2.256031010957684213e-01 0.000000000000000000e+00 6.669060599485861218e-02 -1.774544992468747539e-17 2.229190909287304956e-01 0.000000000000000000e+00
2.097152000000000000e+06 8.457781943962532079e-02 3.921307526406762889e-02 2.065209369771495163e-01 0.000000000000000000e+00 7.860761165211607726e-02 -2.588245928764961876e-17 2.081391016494879842e-01 0.000000000000000000e+00
4.194304000000000000e+06 5.291818346605017820e-02 -1.606508457601439274e-02 1.907880538697464823e-01 0.000000000000000000e+00 8.427105250342867282e-02 -2.087178603277879228e-17 1.779884173794961943e-01 0.000000000000000000e+00
8.388608000000000000e+06 -6.566712650766740045e-02 -6.342800358992120580e-02 1.706546297968598858e-01 0.000000000000000000e+00 -2.397229093763321092e-02 1.115978173569481077e-17 1.846705912866551946e-01 0.000000000000000000e+00
1.677721600000000000e+07 -9.162687778570328956e-03 1.860718404073557347e-02 2.207205685037366139e-01 0.000000000000000000e+00 7.193960759377522607e-02 -3.169811891835449333e-17 1.852635186352429020e-01 0.000000000000000000e+00
3.355443200000000000e+07 2.445244548037520116e-02 -6.538682110164500440e-03 2.189373671502601315e-01 0.000000000000000000e+00 -4.870665649926239626e-02 2.952575823057073613e-17 1.948537235051658323e-01 0.000000000000000000e+00
6.710886400000000000e+07 3.719331078394815665e-02 1.390513961462593213e-02 2.345331105214336631e-01 0.000000000000000000e+00 6.612715660969493980e-02 -2.739462410248307844e-17 2.154906696839599678e-01 0.000000000000000000e+00
1.342177280000000000e+08 4.699630826498326155e-03 3.725378945496136268e-02 1.865136341677520182e-01 0.000000000000000000e+00 3.605138000031728185e-02 -1.024560259831283334e-17 1.783108420265658300e-01 0.000000000000000000e+00
2.684354560000000000e+08 5.613433390347328383e-03 -3.515773553144540403e-02 1.899800196341087377e-01 0.000000000000000000e+00 3.329553337551492253e-03 8.528389161883179417e-18 1.867562890030410594e-01 0.000000000000000000e+00
5.368709120000000000e+08 5.448712093137197260e-03 -3.628827894048600872e-02 2.187226760761122046e-01 0.000000000000000000e+00 -3.129464873682540060e-02 1.496896000513848174e-17 1.841023092468223044e-01 0.000000000000000000e+00
1.073741824000000000e+09 1.641903749206212590e-03 -4.007614065253922719e-02 1.876722263127641177e-01 0.000000000000000000e+00 -4.998398146511563549e-03 1.093259596818173789e-17 2.059974119542246351e-01 0.000000000000000000e+00
2.147483648000000000e+09 4.521530480016693054e-02 1.874374110456011877e-02 1.852825498575892682e-01 0.000000000000000000e+00 7.087780912969829372e-02 -1.072705715088361180e-17 1.626719984571880773e-01 0.000000000000000000e+00
4.294967296000000000e+09 3.703289503013721756e-05 6.938489363867071658e-02 1.784196134778985865e-01 0.000000000000000000e+00 1.226887079157517983e-02 -8.750961053016077813e-18 1.958344538444491412e-01 0.000000000000000000e+00
8.589934592000000000e+09 -3.603322740639888083e-02 4.810747825151538010e-02 2.195808866271637683e-01 0.000000000000000000e+00 2.491797320484299277e-02 4.356874608584354382e-18 1.935372271580232395e-01 0.000000000000000000e+00
1.717986918400000000e+10 1.298345771631826372e-03 2.162130214168214715e-02 1.865524083166067715e-01 0.000000000000000000e+00 -1.570245569023241694e-02 2.104040117870630812e-17 1.739714925501018306e-01 0.000000000000000000e+00
3.435973836800000000e+10 -1.720492536383904161e-02 1.451841480700579758e-02 2.057455083473443691e-01 0.000000000000000000e+00 -1.480487211075869232e-02 2.005085327543905420e-18 1.640592063730298977e-01 0.000000000000000000e+00
6.871947673600000000e+10 -2.664672231005868475e-02 2.540253223224194293e-02 1.829252808791988760e-01 0.000000000000000000e+00 -5.711807016144122839e-02 2.654535089281003142e-17 1.701584376697977130e-01 0.000000000000000000e+00
1.374389534720000000e+11 5.123061880404919909e-03 1.167878813804944758e-02 1.818279566950753157e-01 0.000000000000000000e+00 2.678037289817161715e-02 -2.994351806304980709e-18 1.659421638106224894e-01 0.000000000000000000e+00
2.748779069440000000e+11 9.550452064348095502e-03 1.770391279811651258e-02 1.843629488767776492e-01 0.000000000000000000e+00 -1.470892502531872571e-02 2.233933371943635106e-17 1.841835193953953176e-01 0.000000000000000000e+00
5.497558138880000000e+11 2.934422617698176361e-02 -6.954279428197909264e-03 2.255224187453924722e-01 0.000000000000000000e+00 6.811110232049199728e-03 -1.010476822773206716e-18 2.420423287070527785e-01 0.000000000000000000e+00
