
# dim_loc 4
# L 3
# n_dis 100
# JZZ 1.0
# hZ 1.0
# hX 1.0
# alphas [ 0.075+0.12990381j  1.000+0.j          0.075-0.12990381j]
# betas [ 0.1  0.7  0.1]
# lambdas [ 0.1  1.   0.1]
# phi 1.0471975511965976
# lambd 0.7
# gap 0.0981747704247 2.32536781485e-32
# shifted_gap 0.14081211495 0.0183520982265
# shifted_gap_2 0.0014704852356 4.35843949521e-06
# log10_gap -1.17756162658 0.00181583100394
# log10_shifted_gap -1.15576025542 0.222024891619
# log10_shifted_gap_2 -4.18598835982 0.610128378768
# ratio 0.434984333167 0.00343964560685
# time	Re(Z)\Im(Z)	Var(Re(Z))	Var(Im(Z))
1.000000000000000000e+00 6.950171025073911268e-01 -1.912595387123616251e-05 6.471690945774512260e-02 0.000000000000000000e+00 9.913930782296660471e-01 -2.613090351076974367e-16 9.853023585555029356e-05 0.000000000000000000e+00
2.000000000000000000e+00 1.987113415839704966e-01 -2.489566217924946015e-04 3.424080705911151101e-01 0.000000000000000000e+00 9.762550760947195094e-01 -1.248673427334560691e-16 1.158567242354072895e-03 0.000000000000000000e+00
4.000000000000000000e+00 1.828220196959993160e-01 -1.765942573668843928e-03 2.561254458116303256e-01 0.000000000000000000e+00 9.422861126733667048e-01 -3.442061694022725244e-16 9.699093370140295794e-03 0.000000000000000000e+00
8.000000000000000000e+00 1.461677618166110637e-01 1.244104424332337930e-03 2.253768620810033818e-01 0.000000000000000000e+00 9.000327612960409285e-01 -3.242228163243561618e-16 3.528223300152560915e-02 0.000000000000000000e+00
1.600000000000000000e+01 6.325750450332515151e-02 2.089120706941074556e-03 1.972123272539261785e-01 0.000000000000000000e+00 8.789254688918441971e-01 -3.212586456040356421e-16 3.517198494410047477e-02 0.000000000000000000e+00
3.200000000000000000e+01 -7.401064785483898144e-03 4.358450347950713639e-04 1.752087984519110075e-01 0.000000000000000000e+00 8.379693554631386654e-01 -3.052849537533119321e-16 5.525380696048641516e-02 0.000000000000000000e+00
6.400000000000000000e+01 6.988192132354846542e-02 -4.185501593316211591e-03 1.395435610429626161e-01 0.000000000000000000e+00 8.334195819812929562e-01 -3.081275857478974593e-16 5.217264558761963017e-02 0.000000000000000000e+00
1.280000000000000000e+02 8.905425192534505152e-02 -3.853463895957643694e-03 1.401164624278163351e-01 0.000000000000000000e+00 7.939497234437261630e-01 -2.964368417734787464e-16 6.020083148049485550e-02 0.000000000000000000e+00
2.560000000000000000e+02 5.933595682142878830e-02 -2.197820779484355169e-03 1.176414957341730821e-01 0.000000000000000000e+00 7.587285334414585192e-01 -2.840519826330284138e-16 6.045291153109483978e-02 0.000000000000000000e+00
5.120000000000000000e+02 -1.314787014625169032e-02 -2.711805674441850316e-03 1.045366851985119888e-01 0.000000000000000000e+00 7.171882560107019078e-01 -2.582804988780654416e-16 7.382105241779579607e-02 0.000000000000000000e+00
1.024000000000000000e+03 9.153674620340704685e-03 -4.844285733998193971e-04 1.069474708040515504e-01 0.000000000000000000e+00 6.819553409729859350e-01 -2.489542389283454846e-16 7.612696249257452918e-02 0.000000000000000000e+00
2.048000000000000000e+03 5.657491840588908978e-04 -3.891000213815259696e-03 9.200149099245982787e-02 0.000000000000000000e+00 5.815227861794436404e-01 -2.134948272510557007e-16 1.159268910004133124e-01 0.000000000000000000e+00
4.096000000000000000e+03 3.027098573106384860e-02 4.538434906480010023e-03 1.060829125507151138e-01 0.000000000000000000e+00 5.585516340595160223e-01 -2.002380580614254583e-16 1.011319941334712369e-01 0.000000000000000000e+00
8.192000000000000000e+03 1.824489836670498133e-02 -3.972886345140069103e-04 7.941210988388058833e-02 0.000000000000000000e+00 4.320808506149915740e-01 -1.554171143634017933e-16 1.399621752105075778e-01 0.000000000000000000e+00
1.638400000000000000e+04 4.381666769871425671e-02 8.261134236513494392e-03 8.809066920258185052e-02 0.000000000000000000e+00 3.748694280118620714e-01 -1.345816280325314873e-16 1.210740343023174320e-01 0.000000000000000000e+00
3.276800000000000000e+04 2.043968404990412907e-02 -1.181538667382407573e-03 7.405050169018805029e-02 0.000000000000000000e+00 2.756351487873627271e-01 -9.372529323022824511e-17 1.401197919257029523e-01 0.000000000000000000e+00
6.553600000000000000e+04 3.388937518403851989e-02 2.733921616089036392e-03 5.912816521237200529e-02 0.000000000000000000e+00 1.970503742122020341e-01 -6.350118285469735848e-17 1.262927763414235793e-01 0.000000000000000000e+00
1.310720000000000000e+05 -4.388983728639854129e-03 4.699069163298589223e-03 7.375302556877742777e-02 0.000000000000000000e+00 1.541048954062694820e-01 -5.073445821213316807e-17 1.327348214887845435e-01 0.000000000000000000e+00
2.621440000000000000e+05 4.096333156729451558e-02 -8.907040302489018825e-04 6.564966455115923971e-02 0.000000000000000000e+00 1.303743647912764259e-01 -4.409679095066989983e-17 9.815959032186694078e-02 0.000000000000000000e+00
5.242880000000000000e+05 1.175298034552787509e-02 -9.672656859937411172e-03 6.941972048314258570e-02 0.000000000000000000e+00 7.129596856569396512e-02 -1.586501255173737544e-17 9.281244150396765480e-02 0.000000000000000000e+00
1.048576000000000000e+06 4.414096956840438124e-02 1.267812736143311692e-02 6.735742500686715817e-02 0.000000000000000000e+00 6.090342952639236918e-02 -1.528368804812606910e-17 1.041530317405504197e-01 0.000000000000000000e+00
2.097152000000000000e+06 2.535483134647428805e-02 -2.568984647604731410e-03 6.699126890548617874e-02 0.000000000000000000e+00 -2.306692345842258421e-02 1.122770849695103301e-17 9.654113375068729130e-02 0.000000000000000000e+00
4.194304000000000000e+06 -3.644347427220404924e-03 -2.387846427656016568e-02 6.127443680654261898e-02 0.000000000000000000e+00 -7.572465044857712609e-03 9.020600665232708376e-18 8.120514329261104003e-02 0.000000000000000000e+00
8.388608000000000000e+06 -5.058446586484894800e-03 1.159868640588743172e-02 5.676135187526630543e-02 0.000000000000000000e+00 -1.118385803966004052e-02 8.495526784192793462e-18 6.504840619718185724e-02 0.000000000000000000e+00
1.677721600000000000e+07 2.996904387528124755e-02 1.059148336593333621e-02 5.799974125767814320e-02 0.000000000000000000e+00 1.097360409364189424e-02 -1.407306136878612728e-18 1.186694521403260233e-01 0.000000000000000000e+00
3.355443200000000000e+07 1.708744811352611720e-02 -1.378295442123346481e-02 5.868262462057480949e-02 0.000000000000000000e+00 1.368359456310480051e-03 8.034927512085823575e-18 1.005681680629228886e-01 0.000000000000000000e+00
6.710886400000000000e+07 7.229036265386803127e-03 -1.728053668260595352e-02 5.954265868120012239e-02 0.000000000000000000e+00 -1.463393944866832504e-02 6.168988081174337728e-18 7.028826584648144304e-02 0.000000000000000000e+00
1.342177280000000000e+08 3.420318253920597712e-02 1.868566220097172582e-03 5.894803590335629534e-02 0.000000000000000000e+00 2.226938275751852089e-02 -7.985246760682895726e-18 9.674996856466910877e-02 0.000000000000000000e+00
2.684354560000000000e+08 7.853377551864167139e-03 9.806867080379474272e-03 5.781620336507047736e-02 0.000000000000000000e+00 -1.748748713803374537e-03 4.386658104831776174e-18 8.582621518828456586e-02 0.000000000000000000e+00
5.368709120000000000e+08 4.215583303342709419e-04 1.192533949856999093e-02 6.006952404407612384e-02 0.000000000000000000e+00 1.690099402934202438e-02 -1.162188944400436714e-18 8.604444280045782378e-02 0.000000000000000000e+00
1.073741824000000000e+09 4.171691714932329598e-02 -3.637456214854636969e-03 6.053627428498024876e-02 0.000000000000000000e+00 3.022212786147312862e-03 2.098699215393684194e-18 8.649638603926566860e-02 0.000000000000000000e+00
2.147483648000000000e+09 1.534834228622393958e-02 -1.668162875009938581e-02 6.191128838530707973e-02 0.000000000000000000e+00 4.914308049034357695e-02 -1.646153499739541669e-17 9.246516186849686181e-02 0.000000000000000000e+00
4.294967296000000000e+09 7.113275237001119100e-04 -1.780809392626015591e-02 5.427839527348621296e-02 0.000000000000000000e+00 4.190533894643504870e-02 -1.263644108763711410e-17 7.068670637615101504e-02 0.000000000000000000e+00
8.589934592000000000e+09 8.519303723102505596e-03 -8.056873766858976479e-03 5.708135736242143932e-02 0.000000000000000000e+00 3.045518978531497334e-02 -6.605858013159542009e-18 8.138475757850346937e-02 0.000000000000000000e+00
1.717986918400000000e+10 3.877090029753801209e-02 -1.149073736697369535e-02 6.285230049725976098e-02 0.000000000000000000e+00 -1.010199227406785583e-02 7.936094033976729465e-18 9.964235700198717516e-02 0.000000000000000000e+00
3.435973836800000000e+10 7.382928748219153708e-03 -5.029366236845591275e-04 5.815243599466018987e-02 0.000000000000000000e+00 -2.596785990171456351e-02 1.288586634107656921e-17 9.363528910459655019e-02 0.000000000000000000e+00
6.871947673600000000e+10 2.569429762710365855e-02 6.826050312498888268e-04 6.560694678184597617e-02 0.000000000000000000e+00 -3.880636240559020428e-02 1.887399367515379043e-17 9.455454009393536585e-02 0.000000000000000000e+00
1.374389534720000000e+11 2.199967769210372376e-02 -1.851154144660731998e-02 5.668814092058355875e-02 0.000000000000000000e+00 4.673786888407265375e-03 8.055410857933213478e-19 1.021327297057285644e-01 0.000000000000000000e+00
2.748779069440000000e+11 5.240101426252206755e-03 -1.146709067538300569e-02 5.701210057790571939e-02 0.000000000000000000e+00 1.653630226161981534e-02 1.838954338806799866e-18 5.979343184725318533e-02 0.000000000000000000e+00
5.497558138880000000e+11 -2.857065124967937686e-02 1.939463810784650133e-02 6.849609049948381101e-02 0.000000000000000000e+00 -3.111312493142118565e-02 2.036308701056526427e-17 9.911631139735610496e-02 0.000000000000000000e+00
