
# dim_loc 4
# L 4
# n_dis 100
# JZZ 1.0
# hZ 1.0
# hX 1.0
# alphas [ 0.125+0.21650635j  1.000+0.j          0.125-0.21650635j]
# betas [ 0.1  0.5  0.1]
# lambdas [ 0.1  1.   0.1]
# phi 1.0471975511965976
# lambd 0.5
# gap 0.0245436926062 1.4579289679e-33
# shifted_gap 0.0282021527866 0.000893788282875
# shifted_gap_2 0.000664415965262 1.0120504429e-06
# log10_gap -1.77595585146 0.000926716625149
# log10_shifted_gap -1.96263366967 0.333045944702
# log10_shifted_gap_2 -4.44159828326 1.00852540883
# ratio 0.439865049682 0.00124255291728
# time	Re(Z)\Im(Z)	Var(Re(Z))	Var(Im(Z))
1.000000000000000000e+00 8.416230469135217440e-01 6.811464708819265908e-05 1.833523334194568297e-02 0.000000000000000000e+00 9.921969212975394470e-01 -2.429550137488828429e-16 8.555238959239040903e-05 0.000000000000000000e+00
2.000000000000000000e+00 5.712906224931781907e-01 -1.489476521939839118e-06 1.376324240480210626e-01 0.000000000000000000e+00 9.806085437182741060e-01 -1.105682380527766403e-16 8.931676846476185958e-04 0.000000000000000000e+00
4.000000000000000000e+00 4.106857416403469352e-01 3.330867017780159232e-04 2.118194216380134554e-01 0.000000000000000000e+00 9.511863723935787274e-01 -3.374085303788302968e-16 7.699372547008367755e-03 0.000000000000000000e+00
8.000000000000000000e+00 3.800806311294801509e-01 -1.946054333519671962e-03 1.828327312961191276e-01 0.000000000000000000e+00 8.998457125271949186e-01 -3.224341183225990499e-16 3.793813293630855094e-02 0.000000000000000000e+00
1.600000000000000000e+01 2.664878063260684993e-01 1.367864235538054658e-03 1.871286965065180885e-01 0.000000000000000000e+00 8.526961890612652084e-01 -3.044819513334742172e-16 6.416304463807011305e-02 0.000000000000000000e+00
3.200000000000000000e+01 2.244775363240304744e-01 -2.598102306348629761e-03 1.458980939003940713e-01 0.000000000000000000e+00 8.249218378463614165e-01 -2.937124984174779093e-16 5.441952796635081413e-02 0.000000000000000000e+00
6.400000000000000000e+01 1.450443412117506381e-01 1.416496503639718633e-03 1.346672389609105125e-01 0.000000000000000000e+00 7.979089377813579631e-01 -2.854736025198596467e-16 5.686135021815579005e-02 0.000000000000000000e+00
1.280000000000000000e+02 8.443264218033265378e-02 2.724389223009323485e-03 1.136975116392620472e-01 0.000000000000000000e+00 7.620363592349361781e-01 -2.683335949363698950e-16 6.376819558964096080e-02 0.000000000000000000e+00
2.560000000000000000e+02 4.155562288355662409e-02 3.586694367753003911e-03 1.047113380266008198e-01 0.000000000000000000e+00 7.310295939635574891e-01 -2.568499784727847884e-16 7.434022614805937956e-02 0.000000000000000000e+00
5.120000000000000000e+02 2.027807399302980484e-02 7.731306678218374546e-04 9.164227770552468844e-02 0.000000000000000000e+00 6.941743949058016838e-01 -2.439781684063109118e-16 8.365671490571852109e-02 0.000000000000000000e+00
1.024000000000000000e+03 2.176968400008987350e-02 -6.201781952065168416e-04 8.799173961863988869e-02 0.000000000000000000e+00 6.593625694629366985e-01 -2.332256152013983052e-16 9.498491512280873850e-02 0.000000000000000000e+00
2.048000000000000000e+03 1.816474309896988146e-02 -1.253839110914197396e-03 7.480378398873732682e-02 0.000000000000000000e+00 6.028959961006167267e-01 -2.068780668181456843e-16 1.152988090892298201e-01 0.000000000000000000e+00
4.096000000000000000e+03 -2.138299135453703911e-02 -1.013759906384584068e-03 7.122573120086270193e-02 0.000000000000000000e+00 5.288233638289991934e-01 -1.868614818982501938e-16 1.272859456927039612e-01 0.000000000000000000e+00
8.192000000000000000e+03 -1.525761861402193109e-02 2.889283353652665181e-03 5.942073459882708797e-02 0.000000000000000000e+00 4.622020352622998596e-01 -1.611590773927338083e-16 1.405998921127563361e-01 0.000000000000000000e+00
1.638400000000000000e+04 -3.574577703651368298e-03 2.303600515026994408e-03 7.528261129824359577e-02 0.000000000000000000e+00 4.125487927878401240e-01 -1.435565151616376202e-16 1.299028751312727714e-01 0.000000000000000000e+00
3.276800000000000000e+04 3.040687182777242897e-02 -3.772151765540370308e-03 6.519946254333630620e-02 0.000000000000000000e+00 3.348902721884988720e-01 -1.166591805375157753e-16 1.313779199131898112e-01 0.000000000000000000e+00
6.553600000000000000e+04 1.362456184855336330e-02 4.391811528943071440e-03 5.259343361015182683e-02 0.000000000000000000e+00 2.818464456087231840e-01 -1.000911276403422841e-16 1.264042826085612359e-01 0.000000000000000000e+00
1.310720000000000000e+05 -1.147199849852952036e-02 -1.838166066631238956e-03 5.270135692441486885e-02 0.000000000000000000e+00 2.354420272997016228e-01 -8.220352248686961130e-17 1.404386965869864612e-01 0.000000000000000000e+00
2.621440000000000000e+05 -8.012249425068049269e-03 -3.903958012991832344e-03 4.830481264779744321e-02 0.000000000000000000e+00 1.845132247835541972e-01 -6.245582756778305333e-17 1.234399536400229702e-01 0.000000000000000000e+00
5.242880000000000000e+05 -1.312529474542055083e-02 5.542734557449109124e-03 4.371751746516751302e-02 0.000000000000000000e+00 1.591431697935342671e-01 -5.588048971673155484e-17 1.162783848118350422e-01 0.000000000000000000e+00
1.048576000000000000e+06 -1.037759481332954647e-02 -6.126164193641997317e-03 5.178351864093538176e-02 0.000000000000000000e+00 9.653342417842886158e-02 -2.971200293577727484e-17 1.004104813139879704e-01 0.000000000000000000e+00
2.097152000000000000e+06 -1.665651367794880947e-02 -7.320182869436898943e-03 4.860922562002216452e-02 0.000000000000000000e+00 7.157428375262187004e-02 -2.339435337886193360e-17 1.016716655404791836e-01 0.000000000000000000e+00
4.194304000000000000e+06 -1.686956193926516731e-02 -1.852872927489629742e-02 3.806716228071012342e-02 0.000000000000000000e+00 8.236665121770769815e-02 -2.566215732701064629e-17 7.853492141035076091e-02 0.000000000000000000e+00
8.388608000000000000e+06 -2.128102331815709056e-02 -8.139314830968778737e-04 4.396810085934761692e-02 0.000000000000000000e+00 4.677944311694132856e-02 -1.479322983817716918e-17 8.619222225028640161e-02 0.000000000000000000e+00
1.677721600000000000e+07 1.145385378911863844e-02 7.794657231875353962e-03 4.566933183436541061e-02 0.000000000000000000e+00 2.017809969760282415e-02 -6.550296760831497958e-18 7.982984437587653526e-02 0.000000000000000000e+00
3.355443200000000000e+07 1.789139909908940215e-02 -7.064355603014866800e-03 3.892705832089977946e-02 0.000000000000000000e+00 3.072133915198129242e-02 -5.305956401822033867e-18 6.305690487913441500e-02 0.000000000000000000e+00
6.710886400000000000e+07 -2.886191644256084869e-03 -2.110276369891541173e-02 3.701899547230881604e-02 0.000000000000000000e+00 1.797945454482543365e-02 -4.106102471133476736e-18 5.885906216734738267e-02 0.000000000000000000e+00
1.342177280000000000e+08 -1.544148897328512411e-02 1.911002941367449890e-03 3.858908534361701892e-02 0.000000000000000000e+00 3.981742209298879363e-03 5.018420642846113247e-18 5.465378416580057158e-02 0.000000000000000000e+00
2.684354560000000000e+08 1.321198576192266850e-03 -1.753092048536039615e-02 4.093454184066461221e-02 0.000000000000000000e+00 -8.759816302532036011e-03 3.647383695259372712e-18 7.155344884098226166e-02 0.000000000000000000e+00
5.368709120000000000e+08 4.770328560487979708e-03 9.502632421135219151e-03 3.438986424222962440e-02 0.000000000000000000e+00 3.000912400185432385e-02 -5.984386437792557506e-18 4.841966690565839559e-02 0.000000000000000000e+00
1.073741824000000000e+09 2.927963963190370264e-02 3.868698868966184874e-03 3.937834022277714174e-02 0.000000000000000000e+00 1.582764370545769114e-02 -6.200636587886322319e-18 5.297936932028006474e-02 0.000000000000000000e+00
2.147483648000000000e+09 7.747040169582009202e-03 6.574144466402823128e-03 4.098198062893811805e-02 0.000000000000000000e+00 6.092188110617467560e-04 2.840837520258282506e-19 6.662634964334795962e-02 0.000000000000000000e+00
4.294967296000000000e+09 1.521132574710939121e-03 -1.053353175333103867e-02 5.086352446433455021e-02 0.000000000000000000e+00 -2.582316003584978967e-02 1.028710494049045839e-17 5.316632400665455976e-02 0.000000000000000000e+00
8.589934592000000000e+09 2.426876358148096283e-02 -2.528976102835687675e-02 3.876306933372603708e-02 0.000000000000000000e+00 -2.439875336347374288e-02 1.082588745155627161e-17 5.859399831782010487e-02 0.000000000000000000e+00
1.717986918400000000e+10 9.983230767929078889e-03 -1.334494139385316094e-02 4.805543783647643619e-02 0.000000000000000000e+00 -2.289616563157578430e-02 1.588850970008273938e-17 6.737823579057020118e-02 0.000000000000000000e+00
3.435973836800000000e+10 7.220672126521096579e-03 -9.044236097697914631e-03 3.987817678719619841e-02 0.000000000000000000e+00 1.929356487902956704e-02 -5.950838559852477357e-18 6.758864656050739272e-02 0.000000000000000000e+00
6.871947673600000000e+10 8.867072184481796307e-03 5.977174380315994871e-03 3.823700685560736667e-02 0.000000000000000000e+00 2.209183327403535166e-02 -4.722445363231312717e-18 5.147601039073181756e-02 0.000000000000000000e+00
1.374389534720000000e+11 -6.384513869829498006e-03 -5.838012959158404456e-04 3.695466680261020459e-02 0.000000000000000000e+00 -1.643832019230082042e-02 1.103047615052355941e-17 6.066983204770768495e-02 0.000000000000000000e+00
2.748779069440000000e+11 1.374538848063841696e-02 -1.016449127724299538e-02 4.527189341548225332e-02 0.000000000000000000e+00 2.177395780952479792e-02 -4.524751936344908739e-18 5.499224027777915857e-02 0.000000000000000000e+00
5.497558138880000000e+11 2.147482222622244460e-02 -6.051113445775051745e-03 4.069218207740158549e-02 0.000000000000000000e+00 -1.662303667472880137e-02 1.375830959314788313e-17 7.088308844520613272e-02 0.000000000000000000e+00
