
# L 2
# dim_loc 4
# n_dis 100
# lambd 0.0
# JZZ 1.0
# phi 1.0471975511965976
# betas [ 0.  0.  0.]
# hZ 1.0
# hX 1.0
# alphas [ 0.25+0.4330127j  1.00+0.j         0.25-0.4330127j]
# lambdas [0 1 0]
# gap 0.392699081699 4.44412186527e-31
# shifted_gap 2.15244488899e-16 6.91214331111e-33
# log10_gap -0.587670174449 0.0143344385024
# log10_shifted_gap -inf nan
# ratio 0.368031704911 0.02210383282
# time	Re(Z)\Im(Z)	Var(Re(Z))	Var(Im(Z))
1.000000000000000000e+00 1.000000000000000000e+00 -3.004084343064243415e-16 8.514538900419191135e-32 0.000000000000000000e+00
2.000000000000000000e+00 1.000000000000000000e+00 -2.313351442376415816e-16 6.126882049659105274e-32 0.000000000000000000e+00
4.000000000000000000e+00 1.000000000000000000e+00 -3.614369442553647275e-16 1.095987954895732263e-31 0.000000000000000000e+00
8.000000000000000000e+00 1.000000000000000000e+00 -3.609338744473320589e-16 1.151949320585335457e-31 0.000000000000000000e+00
1.600000000000000000e+01 1.000000000000000000e+00 -3.614412810640575745e-16 1.151503630952911323e-31 0.000000000000000000e+00
3.200000000000000000e+01 1.000000000000000000e+00 -3.598366618487880801e-16 1.143740129666009764e-31 0.000000000000000000e+00
6.400000000000000000e+01 1.000000000000000000e+00 -3.583794941290046820e-16 1.021111345222202797e-31 0.000000000000000000e+00
1.280000000000000000e+02 1.000000000000000000e+00 -3.594116545973292094e-16 1.192985178898803274e-31 0.000000000000000000e+00
2.560000000000000000e+02 1.000000000000000000e+00 -3.622479274810607294e-16 1.175097490568250339e-31 0.000000000000000000e+00
5.120000000000000000e+02 1.000000000000000000e+00 -3.560809855260118895e-16 1.131781998791557778e-31 0.000000000000000000e+00
1.024000000000000000e+03 1.000000000000000000e+00 -3.609642321190875955e-16 1.187886949066679001e-31 0.000000000000000000e+00
2.048000000000000000e+03 1.000000000000000000e+00 -3.573776913653679716e-16 1.127564481452126093e-31 0.000000000000000000e+00
4.096000000000000000e+03 1.000000000000000000e+00 -3.570274941951404166e-16 1.132263685907545297e-31 0.000000000000000000e+00
8.192000000000000000e+03 1.000000000000000000e+00 -3.603353955494247534e-16 1.147288715295777350e-31 0.000000000000000000e+00
1.638400000000000000e+04 1.000000000000000000e+00 -3.585377904518209786e-16 1.140322304404618290e-31 0.000000000000000000e+00
3.276800000000000000e+04 1.000000000000000000e+00 -3.591774781516200238e-16 1.161756388037224909e-31 0.000000000000000000e+00
6.553600000000000000e+04 1.000000000000000000e+00 -3.607691206137390634e-16 1.108269982163806272e-31 0.000000000000000000e+00
1.310720000000000000e+05 1.000000000000000000e+00 -3.581563280733130510e-16 1.075631851829517096e-31 0.000000000000000000e+00
2.621440000000000000e+05 1.000000000000000000e+00 -3.590177233801073418e-16 1.233053583854500692e-31 0.000000000000000000e+00
5.242880000000000000e+05 1.000000000000000000e+00 -3.601257647310691525e-16 1.098692335422626078e-31 0.000000000000000000e+00
1.048576000000000000e+06 1.000000000000000000e+00 -3.617606885504885077e-16 1.221474092888607020e-31 0.000000000000000000e+00
2.097152000000000000e+06 1.000000000000000000e+00 -3.616780769902295467e-16 1.177371508831755576e-31 0.000000000000000000e+00
4.194304000000000000e+06 1.000000000000000000e+00 -3.583378855544636640e-16 1.015037052547485527e-31 0.000000000000000000e+00
8.388608000000000000e+06 1.000000000000000000e+00 -3.607631036262051450e-16 1.054466876172330851e-31 0.000000000000000000e+00
1.677721600000000000e+07 1.000000000000000000e+00 -3.646179579176281100e-16 1.089517621277316599e-31 0.000000000000000000e+00
3.355443200000000000e+07 1.000000000000000000e+00 -3.699933264612567687e-16 2.324144685763778218e-31 0.000000000000000000e+00
6.710886400000000000e+07 9.999999999999997780e-01 -4.065565378315990382e-16 1.715734792220009469e-30 0.000000000000000000e+00
1.342177280000000000e+08 9.999999999999974465e-01 -5.442615305684127524e-16 1.696965254482990897e-29 0.000000000000000000e+00
2.684354560000000000e+08 9.999999999999831246e-01 -1.116284121165440140e-15 2.139265482871662387e-28 0.000000000000000000e+00
5.368709120000000000e+08 9.999999999999295008e-01 -3.369900884219738892e-15 3.416761261983120364e-27 0.000000000000000000e+00
1.073741824000000000e+09 9.999999999997191136e-01 -1.241297968274218233e-14 5.469091056063451540e-26 0.000000000000000000e+00
2.147483648000000000e+09 9.999999999988741228e-01 -4.856544673351739758e-14 8.749286668434679860e-25 0.000000000000000000e+00
4.294967296000000000e+09 9.999999999954977126e-01 -1.931980510238771697e-13 1.399824022695957790e-23 0.000000000000000000e+00
8.589934592000000000e+09 9.999999999819897400e-01 -7.717135651163892282e-13 2.239744280210831448e-22 0.000000000000000000e+00
1.717986918400000000e+10 9.999999999279591822e-01 -3.085761082408140492e-12 3.583590544974311122e-21 0.000000000000000000e+00
3.435973836800000000e+10 9.999999997118378392e-01 -1.234186735641727838e-11 5.733756851512855502e-20 0.000000000000000000e+00
6.871947673600000000e+10 9.999999988473444734e-01 -4.936562542201856696e-11 9.174050929040023331e-19 0.000000000000000000e+00
1.374389534720000000e+11 9.999999953893565774e-01 -1.974553363495036918e-10 1.467860525544943493e-17 0.000000000000000000e+00
2.748779069440000000e+11 9.999999815572111483e-01 -7.897716214098113080e-10 2.348616491026395435e-16 0.000000000000000000e+00
5.497558138880000000e+11 9.999999262271117573e-01 -3.158696040654868551e-09 3.757912972348205232e-15 0.000000000000000000e+00
