
# dim_loc 4
# L 4
# n_dis 100
# JZZ 1.0
# hZ 1.0
# hX 1.0
# alphas [ 0.2+0.34641016j  1.0+0.j          0.2-0.34641016j]
# betas [ 0.1  0.2  0.1]
# lambdas [ 0.1  1.   0.1]
# phi 1.0471975511965976
# lambd 0.2
# gap 0.0245436926062 1.45467896112e-33
# shifted_gap 0.00463501028383 1.70328003398e-05
# shifted_gap_2 0.000433453929655 3.05450688299e-07
# log10_gap -1.7986001748 0.00143320772668
# log10_shifted_gap -2.95518713818 0.478265618292
# log10_shifted_gap_2 -4.81476517066 0.749315788092
# ratio 0.416806359996 0.00136753987544
# time	Re(Z)\Im(Z)	Var(Re(Z))	Var(Im(Z))
1.000000000000000000e+00 9.736983845702361640e-01 4.655539186250198493e-05 6.114285439006685507e-04 0.000000000000000000e+00 9.921881901640020596e-01 -2.647255048883918459e-16 9.055361021112336920e-05 0.000000000000000000e+00
2.000000000000000000e+00 9.312108632202974468e-01 1.078048972733805820e-04 6.318862604341226978e-03 0.000000000000000000e+00 9.825787292135885753e-01 -1.030564013864260727e-16 7.211350161668358006e-04 0.000000000000000000e+00
4.000000000000000000e+00 8.392666624247222540e-01 1.160979069528226626e-03 5.104805541822984849e-02 0.000000000000000000e+00 9.574614780463723829e-01 -3.406471671162928696e-16 5.978977002412014935e-03 0.000000000000000000e+00
8.000000000000000000e+00 7.126416637782633234e-01 1.182940163701766282e-03 1.625827362871286319e-01 0.000000000000000000e+00 9.161692055157371062e-01 -3.287824871159001599e-16 2.877862029732090529e-02 0.000000000000000000e+00
1.600000000000000000e+01 6.868462457789246134e-01 3.487736367183746911e-03 1.361913322917875091e-01 0.000000000000000000e+00 8.746664524187045542e-01 -3.182011029437585879e-16 5.607348721435359562e-02 0.000000000000000000e+00
3.200000000000000000e+01 6.091652933134173997e-01 -2.550847121304975363e-03 1.750945631041503359e-01 0.000000000000000000e+00 8.447684437530263990e-01 -3.103784760659321316e-16 7.433402281707109094e-02 0.000000000000000000e+00
6.400000000000000000e+01 5.394958506639266904e-01 2.817184177315363702e-03 2.002255198644944389e-01 0.000000000000000000e+00 8.252306211261616342e-01 -2.999853281487579488e-16 7.164885467352810622e-02 0.000000000000000000e+00
1.280000000000000000e+02 4.693083142721251599e-01 2.053141280857622829e-03 2.100186043972634975e-01 0.000000000000000000e+00 8.060298527801168511e-01 -2.892314415819795444e-16 6.687237625913579342e-02 0.000000000000000000e+00
2.560000000000000000e+02 3.948374270156944643e-01 7.677508669091381030e-04 2.129620913133787041e-01 0.000000000000000000e+00 7.709982780564008653e-01 -2.754879006146982645e-16 8.353662369729619730e-02 0.000000000000000000e+00
5.120000000000000000e+02 3.269868084420952115e-01 -7.900456168440794444e-03 1.850903495008730804e-01 0.000000000000000000e+00 7.455514812590920970e-01 -2.668929881451081024e-16 8.560854957908178853e-02 0.000000000000000000e+00
1.024000000000000000e+03 2.166617779141916389e-01 -2.684618769451069427e-03 2.008973649805917416e-01 0.000000000000000000e+00 7.130763312316219515e-01 -2.569021938307027808e-16 9.065509104293355269e-02 0.000000000000000000e+00
2.048000000000000000e+03 1.619465966846592442e-01 -1.165191845772894528e-03 1.886218630233559845e-01 0.000000000000000000e+00 6.843168085044222249e-01 -2.493041720015972525e-16 8.927169809372299814e-02 0.000000000000000000e+00
4.096000000000000000e+03 1.335237258503685631e-01 4.714935311976532241e-03 1.568837006535036827e-01 0.000000000000000000e+00 6.005810813997560782e-01 -2.161809566303818455e-16 1.146814510073094345e-01 0.000000000000000000e+00
8.192000000000000000e+03 4.062668769037387079e-02 2.143140795962686796e-03 1.819441180747632114e-01 0.000000000000000000e+00 5.426681178021804941e-01 -1.985519301748732453e-16 1.199188789324442117e-01 0.000000000000000000e+00
1.638400000000000000e+04 8.877109535980104438e-02 -1.991087166941653914e-04 1.299456582003410410e-01 0.000000000000000000e+00 4.876373550148334624e-01 -1.705930334921947324e-16 1.240897371803762333e-01 0.000000000000000000e+00
3.276800000000000000e+04 1.532529143818622645e-02 4.896976221155601577e-03 1.121471633330861917e-01 0.000000000000000000e+00 4.013414872670980627e-01 -1.377095826475837462e-16 1.159003049843240346e-01 0.000000000000000000e+00
6.553600000000000000e+04 -3.376493727208161599e-02 -7.024455485216570243e-04 1.129253249812388477e-01 0.000000000000000000e+00 3.330264806387266963e-01 -1.111642789188173278e-16 1.295882501480742632e-01 0.000000000000000000e+00
1.310720000000000000e+05 4.229619609983061024e-03 1.993673552948410643e-02 1.172346965685772818e-01 0.000000000000000000e+00 2.559340594985721196e-01 -8.505813059382474655e-17 1.540470813219577961e-01 0.000000000000000000e+00
2.621440000000000000e+05 4.250583376506843203e-02 9.967868299679209787e-03 1.129849575520554539e-01 0.000000000000000000e+00 2.583907028580200160e-01 -8.794109883532831525e-17 1.407358752815366931e-01 0.000000000000000000e+00
5.242880000000000000e+05 3.912704440211896284e-02 -8.709282187541729156e-03 1.022136930227359880e-01 0.000000000000000000e+00 1.874460086544573745e-01 -6.290128281680764873e-17 1.128275651583820899e-01 0.000000000000000000e+00
1.048576000000000000e+06 5.417036087257653953e-02 -2.030322007284261765e-02 1.095156583269715628e-01 0.000000000000000000e+00 7.616408285020598301e-02 -2.411979553146034143e-17 1.206191918280829639e-01 0.000000000000000000e+00
2.097152000000000000e+06 -1.381818901297720073e-02 6.193872560483774416e-03 9.035065710534005701e-02 0.000000000000000000e+00 4.142665895502967849e-02 -8.595246447421463807e-18 1.088799409164552534e-01 0.000000000000000000e+00
4.194304000000000000e+06 2.578468802567361953e-02 1.131103608167885119e-02 9.106867672945555270e-02 0.000000000000000000e+00 3.280975755627585366e-02 -5.020916146578575944e-18 1.065422324046944036e-01 0.000000000000000000e+00
8.388608000000000000e+06 -9.929470211243041425e-03 -5.242962079307573846e-03 7.066063825335883175e-02 0.000000000000000000e+00 4.323283887086558364e-02 -6.149055487024728053e-18 1.077777356883097698e-01 0.000000000000000000e+00
1.677721600000000000e+07 2.201621224757115830e-02 2.347814474606241611e-02 8.863287521640846045e-02 0.000000000000000000e+00 4.960560406707233139e-02 -1.176443287519809991e-17 9.744692397773020709e-02 0.000000000000000000e+00
3.355443200000000000e+07 1.414090181870387292e-02 2.672301294119696236e-03 6.699873345928111790e-02 0.000000000000000000e+00 -3.197384033499048751e-03 8.732581675808516350e-18 9.483129983143323560e-02 0.000000000000000000e+00
6.710886400000000000e+07 -5.205241503250579438e-02 1.441978635734759810e-02 9.669459731756151200e-02 0.000000000000000000e+00 8.395819131304438354e-02 -2.507701308836574393e-17 1.079876389908763501e-01 0.000000000000000000e+00
1.342177280000000000e+08 -6.877307285296052446e-03 1.003873862174912979e-02 8.840773452027095303e-02 0.000000000000000000e+00 8.412657416873981983e-03 1.883200518168899798e-18 1.080151416950506649e-01 0.000000000000000000e+00
2.684354560000000000e+08 2.621011637990830478e-02 1.040545705784895122e-02 8.082007610199415382e-02 0.000000000000000000e+00 2.216338923954074697e-02 1.619936023462746987e-18 1.030729009723913014e-01 0.000000000000000000e+00
5.368709120000000000e+08 6.113103324087499398e-04 -1.682927734939170319e-02 8.671011530970522407e-02 0.000000000000000000e+00 7.438529546150872418e-02 -2.556443856728466736e-17 1.178967358480063343e-01 0.000000000000000000e+00
1.073741824000000000e+09 -5.591296306357415070e-03 -1.206049978842026194e-02 7.537962106115517202e-02 0.000000000000000000e+00 5.571431302301903948e-02 -1.230406568775913192e-17 7.296620652103506799e-02 0.000000000000000000e+00
2.147483648000000000e+09 -1.868721268089846080e-02 4.805951471887881347e-03 8.811396351364889079e-02 0.000000000000000000e+00 4.574122759578163472e-02 -4.336911791399473900e-18 7.058586914687187130e-02 0.000000000000000000e+00
4.294967296000000000e+09 7.698315941300850479e-03 -5.794158294545970721e-03 9.997659819084414590e-02 0.000000000000000000e+00 -3.156348783203537234e-02 2.464115676872399281e-17 1.035268457423940691e-01 0.000000000000000000e+00
8.589934592000000000e+09 -2.573509517891777593e-02 -2.702445563618379593e-02 1.012493794437006878e-01 0.000000000000000000e+00 -1.773354403209800867e-02 1.290622432219793444e-17 1.049190514712528138e-01 0.000000000000000000e+00
1.717986918400000000e+10 6.736283298350079045e-03 2.617345826141972628e-02 9.418572976792968787e-02 0.000000000000000000e+00 -1.849148823314819556e-02 1.412266035260827436e-17 8.280543459363685910e-02 0.000000000000000000e+00
3.435973836800000000e+10 -4.056111522926211105e-02 3.226133698958975286e-03 8.526776739877771349e-02 0.000000000000000000e+00 -1.309590601085718108e-03 1.009023141577382159e-17 9.389953378903484471e-02 0.000000000000000000e+00
6.871947673600000000e+10 1.122418746302302622e-02 -7.797882398284435718e-04 8.163071478478489684e-02 0.000000000000000000e+00 -6.042274392759289757e-03 5.247320695288942572e-18 1.044308981947362769e-01 0.000000000000000000e+00
1.374389534720000000e+11 2.737975254663710389e-02 1.498182404695385349e-02 6.953432123626289429e-02 0.000000000000000000e+00 5.836997516183092816e-03 6.177677416155157637e-18 8.630090881887995946e-02 0.000000000000000000e+00
2.748779069440000000e+11 3.659808319851756697e-02 -1.238622911680909398e-02 1.021707814676014320e-01 0.000000000000000000e+00 -2.364732286662172330e-03 8.416484678598135627e-18 1.107114288097925531e-01 0.000000000000000000e+00
5.497558138880000000e+11 -1.524255108840786091e-02 -2.583706220428141562e-02 8.194282104187911031e-02 0.000000000000000000e+00 -3.636350614430912832e-03 1.233685964219349698e-17 7.820465368909658432e-02 0.000000000000000000e+00
