
# dim_loc 4
# L 3
# n_dis 100
# JZZ 1.0
# hZ 1.0
# hX 1.0
# alphas [ 0.+0.j  1.+0.j  0.+0.j]
# betas [ 0.1  1.   0.1]
# lambdas [ 0.1  1.   0.1]
# phi 1.0471975511965976
# lambd 1.0
# gap 0.0981747704247 2.3168937231e-32
# shifted_gap 0.233622999191 0.0483532899143
# shifted_gap_2 0.00138939418092 4.0443484487e-06
# log10_gap -1.23998959778 0.00886672359303
# log10_shifted_gap -0.919700532341 0.247437680037
# log10_shifted_gap_2 -inf nan
# ratio 0.397315385104 0.00599186659778
# time	Re(Z)\Im(Z)	Var(Re(Z))	Var(Im(Z))
1.000000000000000000e+00 4.709289159229652633e-01 2.495733144824296933e-06 2.012042634142312270e-01 0.000000000000000000e+00 9.923622060465366879e-01 -2.436426237308488946e-16 9.784033136298681194e-05 0.000000000000000000e+00
2.000000000000000000e+00 -1.370149917585475052e-01 -1.376638557378632705e-05 5.359542185666356096e-01 0.000000000000000000e+00 9.769154654336467125e-01 -1.232430628682449768e-16 1.129306788999577321e-03 0.000000000000000000e+00
4.000000000000000000e+00 1.333633528048414896e-01 -1.208590974144705325e-05 4.157597009901478624e-01 0.000000000000000000e+00 9.403867605863028833e-01 -3.467895557920268919e-16 1.035225612552870614e-02 0.000000000000000000e+00
8.000000000000000000e+00 -4.864658751615816290e-02 3.439921823501449079e-04 4.113958224748739956e-01 0.000000000000000000e+00 8.945551406035312514e-01 -3.313814749275462354e-16 4.614944964408197736e-02 0.000000000000000000e+00
1.600000000000000000e+01 1.017089278323580863e-02 1.315307762880314627e-03 4.105141790232732513e-01 0.000000000000000000e+00 9.082163369216469384e-01 -3.302029139429504858e-16 3.910752051603326451e-02 0.000000000000000000e+00
3.200000000000000000e+01 3.244034941501239971e-02 3.213287842080858603e-03 3.851041070258242605e-01 0.000000000000000000e+00 8.864460615165868917e-01 -3.314648477320524391e-16 5.446009932952726451e-02 0.000000000000000000e+00
6.400000000000000000e+01 2.757224469746281763e-03 2.970777851726276713e-03 4.106182947234935932e-01 0.000000000000000000e+00 8.689750330793948319e-01 -3.170046273159075526e-16 5.876099459829497301e-02 0.000000000000000000e+00
1.280000000000000000e+02 6.217733892406537843e-02 -3.560567000928289722e-03 3.722447002867108612e-01 0.000000000000000000e+00 8.727009321055415603e-01 -3.226645599779984410e-16 4.157739469486963768e-02 0.000000000000000000e+00
2.560000000000000000e+02 6.199148026983953425e-02 3.726699131853114782e-03 3.301803332525134471e-01 0.000000000000000000e+00 8.372312138992460406e-01 -3.053251315868077749e-16 5.310099604909117310e-02 0.000000000000000000e+00
5.120000000000000000e+02 1.299006238028319916e-02 -4.203871123207774470e-04 2.930704277614463726e-01 0.000000000000000000e+00 7.955806942267549253e-01 -2.914171543947593187e-16 6.591677844572318978e-02 0.000000000000000000e+00
1.024000000000000000e+03 2.981824861666401358e-02 -1.200355102143002995e-03 2.574942894381535563e-01 0.000000000000000000e+00 7.687534706117947758e-01 -2.855933413150593923e-16 7.487732578076301826e-02 0.000000000000000000e+00
2.048000000000000000e+03 2.143086280914546435e-02 -1.176268513605279462e-03 2.485924994819677103e-01 0.000000000000000000e+00 7.916464710454171883e-01 -2.875849619592871007e-16 5.280505294461947108e-02 0.000000000000000000e+00
4.096000000000000000e+03 4.369214500277178448e-02 5.833947692858975622e-04 2.173767242805857702e-01 0.000000000000000000e+00 7.360072512542032985e-01 -2.680497371696415549e-16 6.732737548387640603e-02 0.000000000000000000e+00
8.192000000000000000e+03 2.108147651261964642e-02 4.391590050007549220e-03 2.119146777836211637e-01 0.000000000000000000e+00 7.315262508941674513e-01 -2.656476202696614727e-16 7.301224816534211681e-02 0.000000000000000000e+00
1.638400000000000000e+04 6.432724414364184018e-02 4.158659219253234805e-03 1.891674752879008437e-01 0.000000000000000000e+00 6.892847010201513802e-01 -2.515527298202835001e-16 6.985987273901576866e-02 0.000000000000000000e+00
3.276800000000000000e+04 3.052469738794343079e-02 8.794682337496103827e-04 1.705413310773670199e-01 0.000000000000000000e+00 6.563422311915846352e-01 -2.452030059780413583e-16 7.930193175643475423e-02 0.000000000000000000e+00
6.553600000000000000e+04 5.911182734772348762e-02 4.766205987810935292e-04 1.412096354154170619e-01 0.000000000000000000e+00 6.369697224430119764e-01 -2.358105157635559097e-16 6.645344236773068070e-02 0.000000000000000000e+00
1.310720000000000000e+05 3.832108357057764647e-02 5.408948418391099772e-03 1.257019167375062196e-01 0.000000000000000000e+00 5.819315882016227182e-01 -2.064923455710198018e-16 8.794706274289006143e-02 0.000000000000000000e+00
2.621440000000000000e+05 4.376399616312241087e-02 2.604435739163848073e-04 1.071513400671463695e-01 0.000000000000000000e+00 5.468946112979917729e-01 -1.985432264304287875e-16 9.654792165369079082e-02 0.000000000000000000e+00
5.242880000000000000e+05 1.614702738782127986e-02 6.135510437864652791e-03 9.799147267271346440e-02 0.000000000000000000e+00 5.284750833589637597e-01 -1.928570286704379391e-16 1.104223799939395012e-01 0.000000000000000000e+00
1.048576000000000000e+06 1.896408229410273538e-02 8.757168906226289393e-03 9.393667133280490800e-02 0.000000000000000000e+00 4.803001759294569517e-01 -1.723463032277246093e-16 1.076885097065825581e-01 0.000000000000000000e+00
2.097152000000000000e+06 3.219637252681645939e-02 9.697934805794490012e-04 8.535538834853353962e-02 0.000000000000000000e+00 4.303753069532249009e-01 -1.585880650358708688e-16 9.242048249174369956e-02 0.000000000000000000e+00
4.194304000000000000e+06 1.949452612615396388e-02 1.234411382421798063e-02 8.019994988950727988e-02 0.000000000000000000e+00 4.015337345952827985e-01 -1.446221924623289541e-16 9.411353261465742193e-02 0.000000000000000000e+00
8.388608000000000000e+06 3.682405731120788617e-02 -1.658582837590393769e-03 7.958331303289854775e-02 0.000000000000000000e+00 3.598267060160043052e-01 -1.308072880354202538e-16 9.560567950486972832e-02 0.000000000000000000e+00
1.677721600000000000e+07 3.627066416282673234e-02 -2.733574615380491690e-03 6.827174006576017251e-02 0.000000000000000000e+00 3.041577609853369779e-01 -1.090873566010430499e-16 1.009439440875580102e-01 0.000000000000000000e+00
3.355443200000000000e+07 1.468088776623728553e-02 -2.787358023745259861e-03 7.572829156596470879e-02 0.000000000000000000e+00 2.983630870655188949e-01 -1.070345752683028602e-16 9.347560967871812454e-02 0.000000000000000000e+00
6.710886400000000000e+07 2.922550012232425637e-02 3.775309429814384301e-03 7.415684617302097104e-02 0.000000000000000000e+00 2.626041061143732924e-01 -9.313928098932682004e-17 1.022687778900544381e-01 0.000000000000000000e+00
1.342177280000000000e+08 1.386084451577858541e-02 1.071119936866557140e-02 7.022965514751745852e-02 0.000000000000000000e+00 2.222456850227944869e-01 -7.763812140639758692e-17 8.974996544640892471e-02 0.000000000000000000e+00
2.684354560000000000e+08 1.987892266340570216e-02 -3.215050259324286550e-03 7.099359864342948134e-02 0.000000000000000000e+00 1.880221193566913029e-01 -6.942516111167603540e-17 1.023461277785219364e-01 0.000000000000000000e+00
5.368709120000000000e+08 1.628955653116545901e-02 4.075276670404964253e-03 6.675138424388395164e-02 0.000000000000000000e+00 2.077703780300192704e-01 -7.090674817869484920e-17 8.783707525316211684e-02 0.000000000000000000e+00
1.073741824000000000e+09 2.651800114138754688e-02 2.134884809418151948e-03 6.397909408996046987e-02 0.000000000000000000e+00 1.727364204930816327e-01 -5.972566944259173670e-17 7.735683067260983037e-02 0.000000000000000000e+00
2.147483648000000000e+09 4.042568804189671655e-02 -1.842641449487298147e-02 5.808384503267844529e-02 0.000000000000000000e+00 1.552358507552306088e-01 -5.424658096600577180e-17 8.546938946340842946e-02 0.000000000000000000e+00
4.294967296000000000e+09 1.397616577065988706e-02 9.840002164646330027e-03 6.067205138431814443e-02 0.000000000000000000e+00 1.277222754836593310e-01 -4.502453983502505514e-17 7.628672000162427247e-02 0.000000000000000000e+00
8.589934592000000000e+09 5.796269496942792199e-03 -8.258948503087150395e-03 6.781643127636298451e-02 0.000000000000000000e+00 1.322833114155645695e-01 -4.239783926092357337e-17 8.302616603787821292e-02 0.000000000000000000e+00
1.717986918400000000e+10 1.965994416582809642e-02 -2.788662749141414612e-03 5.791115334856716118e-02 0.000000000000000000e+00 1.233354880314916913e-01 -4.363348410068610741e-17 6.442948936469364285e-02 0.000000000000000000e+00
3.435973836800000000e+10 1.734283037768945615e-02 -8.724020960765431487e-03 6.055481338091938531e-02 0.000000000000000000e+00 8.089585231113625985e-02 -2.986460047107917699e-17 7.449657573750677331e-02 0.000000000000000000e+00
6.871947673600000000e+10 3.132682175645365441e-02 -4.621967795332196198e-03 6.011666672607892531e-02 0.000000000000000000e+00 7.944539004865418252e-02 -2.762619564099422824e-17 6.738181004119170314e-02 0.000000000000000000e+00
1.374389534720000000e+11 3.675400840843119632e-02 7.188388801497871093e-04 6.597215731435462915e-02 0.000000000000000000e+00 7.972284194806961155e-02 -2.266149146320161347e-17 7.126655456750428941e-02 0.000000000000000000e+00
2.748779069440000000e+11 2.122847733275986734e-02 -1.454103537699393900e-03 5.870676804896043932e-02 0.000000000000000000e+00 -5.351876915829395162e-03 4.340588499191825936e-18 8.011559068003933082e-02 0.000000000000000000e+00
5.497558138880000000e+11 3.100977832890696936e-02 -6.282072866326855395e-03 6.052388171137555728e-02 0.000000000000000000e+00 8.435615864995524293e-02 -2.488976801589544717e-17 6.461870565100200081e-02 0.000000000000000000e+00
