
# dim_loc 4
# L 5
# n_dis 100
# JZZ 1.0
# hZ 1.0
# hX 1.0
# alphas [ 0.+0.j  1.+0.j  0.+0.j]
# betas [ 0.1  1.   0.1]
# lambdas [ 0.1  1.   0.1]
# phi 1.0471975511965976
# lambd 1.0
# gap 0.00613592315154 9.17675525845e-35
# shifted_gap 0.0717469413238 0.00769314079689
# shifted_gap_2 4.34903933897e-05 7.58446905329e-09
# log10_gap -2.45659535071 0.00102567181698
# log10_shifted_gap -1.50514668136 0.223859663056
# log10_shifted_gap_2 -inf nan
# ratio 0.390596667534 0.000375303396555
# time	Re(Z)\Im(Z)	Var(Re(Z))	Var(Im(Z))
1.000000000000000000e+00 4.403649872431339429e-01 -6.502690555506226863e-07 1.994687444189292280e-01 0.000000000000000000e+00 9.921010458843834146e-01 -2.496172181718171783e-16 8.696926155432432826e-05 0.000000000000000000e+00
2.000000000000000000e+00 -1.970324215067054685e-01 -8.456082339465278389e-05 4.723479662465396856e-01 0.000000000000000000e+00 9.787703909877296660e-01 -1.238569711889120739e-16 9.176573747486511641e-04 0.000000000000000000e+00
4.000000000000000000e+00 4.381626869158147114e-02 3.680983286952609220e-04 4.485300417407921958e-01 0.000000000000000000e+00 9.489738126478354241e-01 -3.508718047717934267e-16 8.193732844320837649e-03 0.000000000000000000e+00
8.000000000000000000e+00 -2.324510207189200636e-02 5.536073240765212750e-04 4.554395165526467504e-01 0.000000000000000000e+00 9.117237412107375150e-01 -3.372723156883531067e-16 3.809999995171324538e-02 0.000000000000000000e+00
1.600000000000000000e+01 7.708641999981938331e-02 -2.178329834478544540e-03 4.101459249824134790e-01 0.000000000000000000e+00 9.068945184406732585e-01 -3.316407485684846482e-16 4.715327270677532878e-02 0.000000000000000000e+00
3.200000000000000000e+01 6.469068964227353558e-02 -6.314451149784365037e-04 4.141824479439264461e-01 0.000000000000000000e+00 9.091419727183142063e-01 -3.386733314792552859e-16 4.057351145169833112e-02 0.000000000000000000e+00
6.400000000000000000e+01 7.624879667071463030e-02 -8.424722862161906477e-04 4.087262879828030271e-01 0.000000000000000000e+00 8.999349201931513553e-01 -3.308005062460514344e-16 3.739303917144831679e-02 0.000000000000000000e+00
1.280000000000000000e+02 7.231175849186576021e-02 6.697778333080373547e-04 3.663878030757686810e-01 0.000000000000000000e+00 8.925017407941203684e-01 -3.310639181791276753e-16 4.201694336562065285e-02 0.000000000000000000e+00
2.560000000000000000e+02 3.344610481035577981e-02 -3.082447526633549581e-03 3.536618233301057623e-01 0.000000000000000000e+00 8.970702519768075645e-01 -3.297428840209121239e-16 3.567962344896832144e-02 0.000000000000000000e+00
5.120000000000000000e+02 5.162971018142892971e-02 -7.368653243932595008e-04 2.949894311303146721e-01 0.000000000000000000e+00 8.950302690297123887e-01 -3.315981275551077977e-16 3.331010528203177251e-02 0.000000000000000000e+00
1.024000000000000000e+03 3.509597388527534861e-02 -3.043334504208643123e-03 2.931658048794235083e-01 0.000000000000000000e+00 8.823548337426676547e-01 -3.272282748309599855e-16 3.718489298760021405e-02 0.000000000000000000e+00
2.048000000000000000e+03 6.340747954694096744e-02 -3.829108407986092297e-03 2.385065542313240805e-01 0.000000000000000000e+00 8.731813597505347913e-01 -3.221317591601195640e-16 4.296854182355910184e-02 0.000000000000000000e+00
4.096000000000000000e+03 4.291410574385437493e-02 -2.675651723888073426e-03 2.140452747033506631e-01 0.000000000000000000e+00 8.723146146324513017e-01 -3.225720504392626596e-16 3.396425970940447625e-02 0.000000000000000000e+00
8.192000000000000000e+03 4.395907804394533908e-02 -1.683375137218836746e-04 1.795856424451522937e-01 0.000000000000000000e+00 8.593765610371487673e-01 -3.207112894061421612e-16 3.234003447141824833e-02 0.000000000000000000e+00
1.638400000000000000e+04 3.392417760558009976e-02 -2.599136665415728749e-03 1.521619178435490161e-01 0.000000000000000000e+00 8.449442761071251917e-01 -3.165720112725982198e-16 3.622905211446839774e-02 0.000000000000000000e+00
3.276800000000000000e+04 6.313238976420093573e-02 -8.959228264567846867e-04 1.300497646791898554e-01 0.000000000000000000e+00 8.401797913753625835e-01 -3.121456689097857433e-16 3.120995260090116824e-02 0.000000000000000000e+00
6.553600000000000000e+04 5.958872955962134232e-02 -3.344858804949086802e-04 1.249041718833228259e-01 0.000000000000000000e+00 8.220987488469109206e-01 -3.069174915379146309e-16 3.823053420179864381e-02 0.000000000000000000e+00
1.310720000000000000e+05 8.282056634702678055e-02 -1.045387411159550469e-03 9.536715837395363937e-02 0.000000000000000000e+00 8.151621872056723506e-01 -3.027022141827507160e-16 3.683777279300239071e-02 0.000000000000000000e+00
2.621440000000000000e+05 6.136504466303031174e-02 -3.129448355351277869e-03 7.821078293081458466e-02 0.000000000000000000e+00 7.920647170537482573e-01 -2.966155315002081822e-16 4.372357365199582013e-02 0.000000000000000000e+00
5.242880000000000000e+05 5.239185264980009138e-02 -2.605442572594379811e-03 7.170082609370084792e-02 0.000000000000000000e+00 7.738967960498571719e-01 -2.888779856073843812e-16 4.086474878445343906e-02 0.000000000000000000e+00
1.048576000000000000e+06 5.938200172163912022e-02 -1.182404507001148276e-03 7.369797523695433006e-02 0.000000000000000000e+00 7.522570798921200952e-01 -2.760510561017112347e-16 4.298290012851881114e-02 0.000000000000000000e+00
2.097152000000000000e+06 3.701507688506359278e-02 -2.395642712111486442e-03 5.610115682284042005e-02 0.000000000000000000e+00 7.373733212368596135e-01 -2.717604371910077908e-16 4.363693689841962459e-02 0.000000000000000000e+00
4.194304000000000000e+06 5.076816572139395550e-02 -1.650473581983495424e-03 5.530213489531392301e-02 0.000000000000000000e+00 7.023178738386635089e-01 -2.588494118217462810e-16 4.784334827906551457e-02 0.000000000000000000e+00
8.388608000000000000e+06 5.425791208736401722e-02 -2.000475680800919802e-03 4.871951566017442697e-02 0.000000000000000000e+00 6.917748939397296848e-01 -2.580737635006056514e-16 4.373038420416942851e-02 0.000000000000000000e+00
1.677721600000000000e+07 4.438737613955926614e-02 4.972087764301752130e-04 4.732509250018543390e-02 0.000000000000000000e+00 6.568369556774490414e-01 -2.451635181997921801e-16 4.342945243779144232e-02 0.000000000000000000e+00
3.355443200000000000e+07 4.364468460658343929e-02 -2.111651332040357428e-03 4.268680305032319933e-02 0.000000000000000000e+00 6.143001764983786472e-01 -2.274797939381103794e-16 5.212625142154032887e-02 0.000000000000000000e+00
6.710886400000000000e+07 5.419127825849640728e-02 -1.146984844857707212e-03 3.678302981981387138e-02 0.000000000000000000e+00 6.021047280649665101e-01 -2.254674362629690819e-16 5.388200533957887561e-02 0.000000000000000000e+00
1.342177280000000000e+08 4.278347687593288262e-02 -4.702443478701844601e-04 3.387316339640604468e-02 0.000000000000000000e+00 5.746828078000136841e-01 -2.117297324601946358e-16 4.739892476604594396e-02 0.000000000000000000e+00
2.684354560000000000e+08 3.435790581208655187e-02 2.369043558265914926e-04 3.399233190564215912e-02 0.000000000000000000e+00 5.308947454859180848e-01 -1.957926257203663740e-16 4.994820936501145198e-02 0.000000000000000000e+00
5.368709120000000000e+08 3.030899954405627192e-02 -2.576958676882455754e-03 2.900591901994633431e-02 0.000000000000000000e+00 4.985092972670477351e-01 -1.849266732582931486e-16 4.497717444500286960e-02 0.000000000000000000e+00
1.073741824000000000e+09 4.122206248723647021e-02 7.243424287805024214e-04 3.045528742481130868e-02 0.000000000000000000e+00 4.609132334199222414e-01 -1.690016873291942116e-16 5.394418150364640313e-02 0.000000000000000000e+00
2.147483648000000000e+09 5.406119789920901808e-02 6.067089486343012856e-04 2.960729005440873238e-02 0.000000000000000000e+00 4.530424069916784702e-01 -1.675983094167535553e-16 4.494473328516909033e-02 0.000000000000000000e+00
4.294967296000000000e+09 3.184730029838246657e-02 1.994076661625023006e-03 2.616251124757797489e-02 0.000000000000000000e+00 3.972223308966952859e-01 -1.469113087885952081e-16 5.247904250071522975e-02 0.000000000000000000e+00
8.589934592000000000e+09 4.063384593416248525e-02 -2.217298221327446747e-03 2.444083597947530398e-02 0.000000000000000000e+00 3.780015089188757949e-01 -1.405283527598496369e-16 4.600814402852686918e-02 0.000000000000000000e+00
1.717986918400000000e+10 2.934934132917763755e-02 3.166372679850293879e-03 2.601466814547645154e-02 0.000000000000000000e+00 3.546124934061715139e-01 -1.305217090496545951e-16 4.734268126421965761e-02 0.000000000000000000e+00
3.435973836800000000e+10 3.757430584372842275e-02 -1.454300315742824198e-03 2.358431493400856005e-02 0.000000000000000000e+00 3.050692321776412030e-01 -1.121223576867629970e-16 4.989616308475585543e-02 0.000000000000000000e+00
6.871947673600000000e+10 2.017204782385088185e-02 -1.746803868791851075e-03 2.379713489630064585e-02 0.000000000000000000e+00 2.863236928223844013e-01 -1.044947172505096476e-16 4.274425310270957290e-02 0.000000000000000000e+00
1.374389534720000000e+11 4.224430833547059699e-02 -1.852831612867846629e-03 2.165338284005133632e-02 0.000000000000000000e+00 2.605974467076721535e-01 -9.443018783862034696e-17 5.102960445555830560e-02 0.000000000000000000e+00
2.748779069440000000e+11 2.965883389706187173e-02 -3.328952054149126086e-04 2.415199889106673867e-02 0.000000000000000000e+00 2.623855162678521147e-01 -9.673911590364849360e-17 3.494986198706986902e-02 0.000000000000000000e+00
5.497558138880000000e+11 3.090822167986819607e-02 4.694426305819192694e-03 2.197664717039606030e-02 0.000000000000000000e+00 2.007052214850953697e-01 -7.393426277428263205e-17 3.287891037832838675e-02 0.000000000000000000e+00
