
# dim_loc 4
# L 5
# n_dis 100
# JZZ 1.0
# hZ 1.0
# hX 1.0
# alphas [ 0.225+0.38971143j  1.000+0.j          0.225-0.38971143j]
# betas [ 0.1  0.1  0.1]
# lambdas [ 0.1  1.   0.1]
# phi 1.0471975511965976
# lambd 0.1
# gap 0.00613592315154 9.07744949569e-35
# shifted_gap 0.000478585488394 3.97017644614e-07
# shifted_gap_2 0.000140236382805 4.97109918605e-08
# log10_gap -2.41992865992 0.000663329292433
# log10_shifted_gap -4.43243022597 0.930828481744
# log10_shifted_gap_2 -5.5515338988 1.10568014817
# ratio 0.407679998705 0.000570347008692
# time	Re(Z)\Im(Z)	Var(Re(Z))	Var(Im(Z))
1.000000000000000000e+00 9.908521073034490811e-01 -5.033761293350710680e-05 8.076890064427057149e-05 0.000000000000000000e+00 9.924363236762996365e-01 -2.597135472406490460e-16 7.855293210203748405e-05 0.000000000000000000e+00
2.000000000000000000e+00 9.765740476894582134e-01 1.273117812718471346e-05 8.358157482278161373e-04 0.000000000000000000e+00 9.814363358701223561e-01 -1.181957430460647092e-16 7.466931054024149739e-04 0.000000000000000000e+00
4.000000000000000000e+00 9.415591620817106433e-01 -1.422829505110671572e-04 7.535397131803705205e-03 0.000000000000000000e+00 9.534995279107036925e-01 -3.713637991287902892e-16 6.715151745454323202e-03 0.000000000000000000e+00
8.000000000000000000e+00 8.748031603144212909e-01 -3.511394807994867775e-03 4.911767868166799084e-02 0.000000000000000000e+00 9.038148309159486082e-01 -3.517207569319552996e-16 3.925938650557699028e-02 0.000000000000000000e+00
1.600000000000000000e+01 8.129130733588891822e-01 -9.171876558480094449e-03 1.176220536385668286e-01 0.000000000000000000e+00 8.556389554690057020e-01 -3.317855774430898693e-16 9.202065143059698360e-02 0.000000000000000000e+00
3.200000000000000000e+01 8.271593332792820386e-01 2.860470495253072867e-03 7.100051669568659130e-02 0.000000000000000000e+00 8.492441431585749934e-01 -3.305894812556377014e-16 7.343548478092112863e-02 0.000000000000000000e+00
6.400000000000000000e+01 7.827600321546195339e-01 -3.503051205987771626e-03 1.058740577841969371e-01 0.000000000000000000e+00 8.195793170193558241e-01 -3.144047236193619011e-16 1.021410493843018519e-01 0.000000000000000000e+00
1.280000000000000000e+02 7.651399728812305900e-01 4.234471534929258943e-03 1.013707657524791500e-01 0.000000000000000000e+00 8.059457329659409641e-01 -3.150366976606035906e-16 8.975373200691043329e-02 0.000000000000000000e+00
2.560000000000000000e+02 7.250531293972113378e-01 7.318754720347040929e-03 1.356733758764925857e-01 0.000000000000000000e+00 7.709226554981732926e-01 -3.044546317216351368e-16 1.240004171898193841e-01 0.000000000000000000e+00
5.120000000000000000e+02 7.253843514511659762e-01 -2.164821515661184692e-03 1.109252112724869732e-01 0.000000000000000000e+00 7.907026368615476253e-01 -3.086562824571254582e-16 8.083379450037588010e-02 0.000000000000000000e+00
1.024000000000000000e+03 6.606820753079383213e-01 3.597417516244434134e-04 1.525989453527570039e-01 0.000000000000000000e+00 7.496825947726846184e-01 -2.912988167692273469e-16 1.055831227597704286e-01 0.000000000000000000e+00
2.048000000000000000e+03 6.171105781599388607e-01 7.292860837050932875e-03 1.511016234531242231e-01 0.000000000000000000e+00 7.171893905373588618e-01 -2.783700109301983263e-16 1.182524819891463269e-01 0.000000000000000000e+00
4.096000000000000000e+03 5.362348146505945268e-01 4.748500990346933050e-03 1.909015584490297013e-01 0.000000000000000000e+00 6.952784193283223502e-01 -2.685145999840079739e-16 1.216039084732516984e-01 0.000000000000000000e+00
8.192000000000000000e+03 4.444791239459730536e-01 -2.030469392206876809e-03 2.258898830861348628e-01 0.000000000000000000e+00 6.487013315365800503e-01 -2.528395123865102020e-16 1.412989083719920214e-01 0.000000000000000000e+00
1.638400000000000000e+04 3.725555516892860575e-01 -3.009748435723945230e-03 2.435999797033792380e-01 0.000000000000000000e+00 6.313967358277187136e-01 -2.438125424675914222e-16 1.340331510217628308e-01 0.000000000000000000e+00
3.276800000000000000e+04 3.097679587598378692e-01 -2.796848164928536756e-03 2.318349594902577582e-01 0.000000000000000000e+00 5.690329874293580392e-01 -2.180637994658523893e-16 1.667064478110962811e-01 0.000000000000000000e+00
6.553600000000000000e+04 2.509134266862440010e-01 5.456709938242378013e-04 2.171032460548680265e-01 0.000000000000000000e+00 5.196076568023367814e-01 -1.994461853973367032e-16 1.576216226263801867e-01 0.000000000000000000e+00
1.310720000000000000e+05 1.939681019604371504e-01 -5.728225325157139045e-03 2.012768347234741573e-01 0.000000000000000000e+00 4.337910114798785299e-01 -1.645984532561731815e-16 1.858186672986990862e-01 0.000000000000000000e+00
2.621440000000000000e+05 1.812276243419693456e-01 -6.196216894074784744e-03 2.032806542249106785e-01 0.000000000000000000e+00 4.215605516541018893e-01 -1.592924198081736344e-16 1.710636717041368327e-01 0.000000000000000000e+00
5.242880000000000000e+05 9.951578237420888318e-02 7.882878343043008343e-03 2.114654330703774343e-01 0.000000000000000000e+00 3.556144462607560564e-01 -1.335654699777201730e-16 1.691001754903663779e-01 0.000000000000000000e+00
1.048576000000000000e+06 1.392238833129026132e-01 9.551536343821659739e-03 1.559041189203295430e-01 0.000000000000000000e+00 3.476348082427939690e-01 -1.294379962489209910e-16 1.285604554819065881e-01 0.000000000000000000e+00
2.097152000000000000e+06 5.171105319622247565e-02 -5.437918350669020649e-03 1.354287183726448074e-01 0.000000000000000000e+00 2.496314778585425054e-01 -9.272212497144936658e-17 1.593745850102629702e-01 0.000000000000000000e+00
4.194304000000000000e+06 4.025705227913716627e-02 -4.885506081947904589e-03 1.229728301336442259e-01 0.000000000000000000e+00 2.426093973841064455e-01 -9.232205278618428011e-17 1.339506293824954952e-01 0.000000000000000000e+00
8.388608000000000000e+06 8.365359661429656868e-03 2.047557362890621568e-02 1.037072282955247698e-01 0.000000000000000000e+00 1.276602706413023924e-01 -4.200861795866398178e-17 1.442134920429494482e-01 0.000000000000000000e+00
1.677721600000000000e+07 -9.323001176959659630e-03 -6.667846915298977946e-03 1.271075558562815011e-01 0.000000000000000000e+00 6.842676004951095403e-02 -2.542008712728368488e-17 1.343401265508517295e-01 0.000000000000000000e+00
3.355443200000000000e+07 3.776336864294641688e-02 9.825372768163025128e-03 1.187982189514057846e-01 0.000000000000000000e+00 1.240631720666122567e-01 -4.292970450474399589e-17 1.413071912743662228e-01 0.000000000000000000e+00
6.710886400000000000e+07 1.250643777901413144e-02 1.967816944833519766e-02 1.123943138041939571e-01 0.000000000000000000e+00 1.014561421211092052e-01 -3.209833483474140987e-17 1.397730747569539966e-01 0.000000000000000000e+00
1.342177280000000000e+08 8.919861929611010848e-03 -1.119787441335663193e-02 1.120952130882836573e-01 0.000000000000000000e+00 9.208886547026719216e-02 -3.425228124104364097e-17 1.338362619647998353e-01 0.000000000000000000e+00
2.684354560000000000e+08 -4.766021508535556866e-02 -1.773249769132553486e-02 1.113845340804261314e-01 0.000000000000000000e+00 6.704589491432162707e-02 -1.767537143660599288e-17 1.741030607000536856e-01 0.000000000000000000e+00
5.368709120000000000e+08 -8.494066973659546854e-03 1.047293499893811163e-03 1.163028951125698041e-01 0.000000000000000000e+00 1.060811482727481714e-01 -3.728058382361125350e-17 1.381010679801134289e-01 0.000000000000000000e+00
1.073741824000000000e+09 4.492827100263808993e-02 -7.482844690556459885e-03 1.113444853516608463e-01 0.000000000000000000e+00 5.502362821714752716e-02 -1.683099361110764896e-17 1.228545036573911314e-01 0.000000000000000000e+00
2.147483648000000000e+09 2.816564463845510832e-02 3.386284287311760316e-02 1.005636241872097797e-01 0.000000000000000000e+00 1.628650676902209521e-02 -7.748069501897147184e-18 9.808105729456283173e-02 0.000000000000000000e+00
4.294967296000000000e+09 -1.086244351475359679e-02 -7.484379651581743627e-03 1.042522902941239032e-01 0.000000000000000000e+00 -1.030797678967581253e-02 6.541495926739827256e-18 9.944009035362208482e-02 0.000000000000000000e+00
8.589934592000000000e+09 2.914358824367218465e-02 7.087299349374852862e-03 1.101156754050543751e-01 0.000000000000000000e+00 -5.317100315110801639e-02 2.015769571386853617e-17 9.968507227162778928e-02 0.000000000000000000e+00
1.717986918400000000e+10 1.622181174511051413e-02 3.935266018301292884e-02 1.101993263683348212e-01 0.000000000000000000e+00 -3.541135977755806297e-02 1.596454125633709872e-17 1.084046593377180068e-01 0.000000000000000000e+00
3.435973836800000000e+10 9.507414714985444604e-03 -4.590222962969828235e-02 1.080213995733009386e-01 0.000000000000000000e+00 3.926843493105612592e-02 -1.500195277287530411e-17 1.152665771561607738e-01 0.000000000000000000e+00
6.871947673600000000e+10 2.401785468606344731e-02 -1.042150918250464055e-02 1.015010340700625846e-01 0.000000000000000000e+00 -3.428061706034768886e-03 -8.405828589076017855e-19 1.043766720052353575e-01 0.000000000000000000e+00
1.374389534720000000e+11 3.113456953744602514e-03 8.192450251983569853e-03 1.155303527350450554e-01 0.000000000000000000e+00 -5.403181811264985701e-02 2.168958835904394450e-17 9.567222811240350122e-02 0.000000000000000000e+00
2.748779069440000000e+11 -4.069396100791251164e-02 -6.529782500290974567e-02 1.029529870724374685e-01 0.000000000000000000e+00 -7.104090782159051820e-02 3.161146686743486540e-17 1.054107546193410599e-01 0.000000000000000000e+00
5.497558138880000000e+11 1.591193943807414982e-02 2.328917234988718814e-03 1.003978947392481086e-01 0.000000000000000000e+00 2.667165292707223898e-02 -1.014823327695231605e-18 1.103922310663511125e-01 0.000000000000000000e+00
