
# dim_loc 4
# L 2
# n_dis 100
# JZZ 1.0
# hZ 1.0
# hX 1.0
# alphas [ 0.175+0.30310889j  1.000+0.j          0.175-0.30310889j]
# betas [ 0.1  0.3  0.1]
# lambdas [ 0.1  1.   0.1]
# phi 1.0471975511965976
# lambd 0.3
# gap 0.392699081699 4.44227297253e-31
# shifted_gap 0.084494412798 0.00521516304324
# shifted_gap_2 0.00223057695252 4.82123529692e-06
# log10_gap -0.575522353604 0.0107200227209
# log10_shifted_gap -1.34553573707 0.253060088036
# log10_shifted_gap_2 -3.9956258708 0.490708287618
# ratio 0.417977498198 0.0171766442016
# time	Re(Z)\Im(Z)	Var(Re(Z))	Var(Im(Z))
1.000000000000000000e+00 9.509743203931200206e-01 2.070152839492437997e-05 2.228358406793054265e-03 0.000000000000000000e+00 9.963343002996229991e-01 -2.453887481838460735e-16 3.205115117474014076e-05 0.000000000000000000e+00
2.000000000000000000e+00 8.600464580055074970e-01 -3.639939237144499592e-06 2.161039635560078886e-02 0.000000000000000000e+00 9.966615009651184076e-01 -1.148238300330525430e-16 2.224221820964291551e-05 0.000000000000000000e+00
4.000000000000000000e+00 7.217514054452945915e-01 2.248830778546043229e-04 1.516510325622772160e-01 0.000000000000000000e+00 9.934614533501623379e-01 -3.437476996301809570e-16 1.097004115534736701e-04 0.000000000000000000e+00
8.000000000000000000e+00 5.674896857571931630e-01 4.328218676440346983e-04 2.561949359263701598e-01 0.000000000000000000e+00 9.877457641675595479e-01 -3.448170816602490693e-16 6.931896483939092900e-04 0.000000000000000000e+00
1.600000000000000000e+01 3.573510687251093554e-01 5.292904316087624115e-05 3.666508483909617366e-01 0.000000000000000000e+00 9.741783962025009069e-01 -3.415499934399796852e-16 4.593278054206412046e-03 0.000000000000000000e+00
3.200000000000000000e+01 2.126408804637316408e-01 -1.384755800701097973e-03 4.173179113663437745e-01 0.000000000000000000e+00 9.527975810059002848e-01 -3.380839602948549467e-16 1.939361013814206933e-02 0.000000000000000000e+00
6.400000000000000000e+01 1.428416306781501721e-01 1.011007499482996595e-03 3.675497969568164991e-01 0.000000000000000000e+00 9.227413763084878484e-01 -3.328395405748144290e-16 1.899934271249304960e-02 0.000000000000000000e+00
1.280000000000000000e+02 3.222254203558751195e-02 -1.552147044503808873e-03 3.489419361776263107e-01 0.000000000000000000e+00 8.668865745154359370e-01 -2.980222624731706887e-16 3.145720050381600741e-02 0.000000000000000000e+00
2.560000000000000000e+02 -2.751696279428407499e-02 4.161504560536374457e-05 2.506511519702560031e-01 0.000000000000000000e+00 7.520664547577421422e-01 -2.616239116631780131e-16 7.718177777515587701e-02 0.000000000000000000e+00
5.120000000000000000e+02 -1.158333142693540874e-01 5.473403482520272818e-03 2.831021703808001555e-01 0.000000000000000000e+00 6.677551392960566767e-01 -2.238547345131480969e-16 1.164587915617880803e-01 0.000000000000000000e+00
1.024000000000000000e+03 8.625491737599590147e-02 -8.258438954873668090e-04 2.267846580162101722e-01 0.000000000000000000e+00 6.249804618426149094e-01 -2.216327291565855823e-16 9.612375064739599184e-02 0.000000000000000000e+00
2.048000000000000000e+03 -1.399704720500455531e-02 -5.846605589184861000e-03 1.937396578546469739e-01 0.000000000000000000e+00 5.157880373257485163e-01 -1.727270014830975466e-16 1.436366503359604307e-01 0.000000000000000000e+00
4.096000000000000000e+03 -6.212618759303158156e-02 1.287326107718318909e-02 1.635454018810119370e-01 0.000000000000000000e+00 4.693285241190658374e-01 -1.556064271567972433e-16 1.217531178489357074e-01 0.000000000000000000e+00
8.192000000000000000e+03 -2.573045574629548998e-02 1.708654041500837217e-02 1.942881354877612210e-01 0.000000000000000000e+00 3.724759903329182276e-01 -1.236735100545241726e-16 1.475856329969249814e-01 0.000000000000000000e+00
1.638400000000000000e+04 5.129607353456542423e-02 1.195170024128119381e-02 1.792451520304550183e-01 0.000000000000000000e+00 3.384866775997745769e-01 -1.253232483307847358e-16 1.903323144780438847e-01 0.000000000000000000e+00
3.276800000000000000e+04 -2.846063240583496592e-02 -1.865483655706470789e-02 1.945291273780986319e-01 0.000000000000000000e+00 3.143678261735662893e-01 -1.067362871115937826e-16 1.760214780896250664e-01 0.000000000000000000e+00
6.553600000000000000e+04 2.877211072329450767e-02 -9.571411063718131620e-03 1.610690113207616792e-01 0.000000000000000000e+00 3.168125899510360610e-01 -1.184431986876006574e-16 1.628287708315276638e-01 0.000000000000000000e+00
1.310720000000000000e+05 -1.012673190919375667e-02 -1.652481273124838460e-02 1.926238802888038115e-01 0.000000000000000000e+00 2.471040679479178659e-01 -9.065572365916314377e-17 1.937995787327876918e-01 0.000000000000000000e+00
2.621440000000000000e+05 4.331541260771740176e-02 -2.714762971627548982e-02 1.693169642618385096e-01 0.000000000000000000e+00 1.223699993882939596e-01 -2.877405547204911529e-17 2.291757363789063140e-01 0.000000000000000000e+00
5.242880000000000000e+05 3.625096996346606482e-02 -1.824419315055513316e-02 1.910267149506389706e-01 0.000000000000000000e+00 1.691454387479927046e-01 -5.875154453598968450e-17 1.853469076586411746e-01 0.000000000000000000e+00
1.048576000000000000e+06 3.625080285185660819e-03 3.977532207514586013e-03 1.856373106363402303e-01 0.000000000000000000e+00 9.052411499371779136e-02 -3.307349266203948125e-17 2.433574188211667655e-01 0.000000000000000000e+00
2.097152000000000000e+06 -1.693366235227760502e-02 -7.124607656841824670e-03 2.040965182316882287e-01 0.000000000000000000e+00 5.153982709820088826e-02 -4.559781802080359157e-18 1.813714194618115394e-01 0.000000000000000000e+00
4.194304000000000000e+06 4.589708940367530875e-03 -1.372882972962617514e-02 1.468120611492495509e-01 0.000000000000000000e+00 1.438022072985052809e-02 -1.284731030281463416e-18 1.753757376951579905e-01 0.000000000000000000e+00
8.388608000000000000e+06 2.037526988904766329e-02 1.414623147098714555e-02 1.718386780721268270e-01 0.000000000000000000e+00 5.761470606338058020e-02 -1.266885755365737314e-17 2.139254476325805898e-01 0.000000000000000000e+00
1.677721600000000000e+07 -8.126377509304267763e-03 -3.206796747186156649e-02 1.476855541607463296e-01 0.000000000000000000e+00 5.458039610620361165e-02 -1.577741455729357815e-17 1.595268363519815047e-01 0.000000000000000000e+00
3.355443200000000000e+07 2.171642409303817939e-02 -2.514706054015894421e-02 1.646261712355735762e-01 0.000000000000000000e+00 2.513466763464572776e-02 -2.821539974661198092e-18 1.878697213466484217e-01 0.000000000000000000e+00
6.710886400000000000e+07 -5.043763639848107549e-02 1.956556694801987392e-02 1.571456313659806148e-01 0.000000000000000000e+00 7.352460270535819339e-03 4.521910131186154443e-19 1.842435678782107789e-01 0.000000000000000000e+00
1.342177280000000000e+08 -5.738632572852948172e-02 -1.439612740660012845e-02 2.048171657206648844e-01 0.000000000000000000e+00 -6.507047822778490309e-02 3.389667198894541236e-17 2.301008220488627021e-01 0.000000000000000000e+00
2.684354560000000000e+08 -6.508533070712786694e-03 -3.972408189545022922e-02 1.677830331725850277e-01 0.000000000000000000e+00 2.835646874222861810e-02 1.539348254757716710e-18 2.096812663554955547e-01 0.000000000000000000e+00
5.368709120000000000e+08 -5.077057090050731900e-03 2.273542677448400773e-02 1.654596389106841314e-01 0.000000000000000000e+00 2.633222341656147811e-02 -4.765421689106760394e-18 1.776320886421073886e-01 0.000000000000000000e+00
1.073741824000000000e+09 3.395900142372148406e-02 3.237502778700360184e-02 1.997147412687317325e-01 0.000000000000000000e+00 1.461230273803090784e-02 -2.632500060928620009e-18 2.146491061406564094e-01 0.000000000000000000e+00
2.147483648000000000e+09 -3.343255336446798731e-02 5.045069297755575000e-02 1.672938865703935685e-01 0.000000000000000000e+00 -2.529108288694329604e-02 1.268327597835143069e-17 1.965172388601347520e-01 0.000000000000000000e+00
4.294967296000000000e+09 3.490477197489008643e-02 -1.085094333192068543e-02 1.778357990355554086e-01 0.000000000000000000e+00 -4.476578079159972828e-02 3.046380725681120950e-17 2.134107211638678336e-01 0.000000000000000000e+00
8.589934592000000000e+09 2.740054929974134953e-02 -3.121716395497318997e-02 1.793502802280740049e-01 0.000000000000000000e+00 4.935546251858376199e-02 -1.823559427833891010e-17 1.805087451375806396e-01 0.000000000000000000e+00
1.717986918400000000e+10 8.043190740508790113e-03 4.501679207308797483e-03 1.486380924194103115e-01 0.000000000000000000e+00 -6.807117865408249084e-03 1.497356499737645696e-17 1.685330014639606910e-01 0.000000000000000000e+00
3.435973836800000000e+10 4.254972267265760832e-02 -2.981194428533791990e-02 1.702496361584910356e-01 0.000000000000000000e+00 6.692239316787015890e-02 -2.140636942014799767e-17 1.586763305261702506e-01 0.000000000000000000e+00
6.871947673600000000e+10 3.789037032169339982e-04 -2.485609310583063170e-02 1.853994831493072093e-01 0.000000000000000000e+00 -8.455072492614194857e-02 3.993744809899955018e-17 2.164536087942366960e-01 0.000000000000000000e+00
1.374389534720000000e+11 5.011651854371074188e-02 -5.345459704688204639e-02 1.658052275898149464e-01 0.000000000000000000e+00 -2.680780010535117538e-02 6.033019392063111224e-18 1.939288225733093451e-01 0.000000000000000000e+00
2.748779069440000000e+11 3.375811966283964998e-03 2.038450338924336844e-02 1.773212049781759392e-01 0.000000000000000000e+00 -6.228879665426665692e-03 7.472685881958901112e-18 1.558678799392497483e-01 0.000000000000000000e+00
5.497558138880000000e+11 -3.709039674036859052e-02 -3.021782000391068021e-02 1.728036300759087096e-01 0.000000000000000000e+00 -6.803499435925096372e-02 2.315080523194963552e-17 2.067097153044480939e-01 0.000000000000000000e+00
