
# dim_loc 4
# L 5
# n_dis 100
# JZZ 1.0
# hZ 1.0
# hX 1.0
# alphas [ 0.15+0.25980762j  1.00+0.j          0.15-0.25980762j]
# betas [ 0.1  0.4  0.1]
# lambdas [ 0.1  1.   0.1]
# phi 1.0471975511965976
# lambd 0.4
# gap 0.00613592315154 1.08235758242e-34
# shifted_gap 0.00592468924083 1.72345889939e-05
# shifted_gap_2 0.000192283312353 9.49012534623e-08
# log10_gap -2.38230219324 0.00132882078702
# log10_shifted_gap -2.62456840322 0.298000148546
# log10_shifted_gap_2 -4.94046366607 1.23389357833
# ratio 0.441623365245 0.00130192322939
# time	Re(Z)\Im(Z)	Var(Re(Z))	Var(Im(Z))
1.000000000000000000e+00 9.131833950362024943e-01 3.837972859940381830e-05 6.624520905858714490e-03 0.000000000000000000e+00 9.931841848265845485e-01 -2.446206798534549316e-16 6.926415507943081641e-05 0.000000000000000000e+00
2.000000000000000000e+00 7.642819190272321928e-01 2.325986483706927858e-04 5.999560068351593445e-02 0.000000000000000000e+00 9.835353839881122440e-01 -1.146287536876282723e-16 6.585500311245629304e-04 0.000000000000000000e+00
4.000000000000000000e+00 5.996209600031497944e-01 3.501580906799965425e-04 1.821641483383766580e-01 0.000000000000000000e+00 9.605156125286916646e-01 -3.466738953831069554e-16 4.901520360137051613e-03 0.000000000000000000e+00
8.000000000000000000e+00 5.381482656599015924e-01 -7.216119081304916364e-04 1.654130752703502072e-01 0.000000000000000000e+00 9.212571062229707453e-01 -3.319410988338708783e-16 2.343115788533538593e-02 0.000000000000000000e+00
1.600000000000000000e+01 4.698728612325470677e-01 -4.254287799298752878e-03 1.647643463731144620e-01 0.000000000000000000e+00 8.753511782894327631e-01 -3.170692733853524244e-16 5.838461942655555348e-02 0.000000000000000000e+00
3.200000000000000000e+01 4.195918530990910833e-01 -3.552260828267296121e-03 1.641474567059045819e-01 0.000000000000000000e+00 8.431538434634506807e-01 -3.060171413881895599e-16 5.942111449530400324e-02 0.000000000000000000e+00
6.400000000000000000e+01 3.557595701644963859e-01 -4.687592317213705798e-03 1.442348756610687677e-01 0.000000000000000000e+00 8.039316510833203200e-01 -2.930232011453502469e-16 6.919376698650056556e-02 0.000000000000000000e+00
1.280000000000000000e+02 2.506068142986751512e-01 -2.139378996955560580e-03 1.470398701597774305e-01 0.000000000000000000e+00 7.646634719738562014e-01 -2.766925706964598981e-16 7.145614745452737171e-02 0.000000000000000000e+00
2.560000000000000000e+02 1.790007324528774812e-01 -1.142174879110761107e-03 1.383367272272231774e-01 0.000000000000000000e+00 7.313858135201943833e-01 -2.631489149952807821e-16 7.966587800590137214e-02 0.000000000000000000e+00
5.120000000000000000e+02 1.220880008300085501e-01 -1.321693076898495687e-03 1.115810017547957667e-01 0.000000000000000000e+00 6.997982833349352116e-01 -2.514781438510971941e-16 8.383773085297759053e-02 0.000000000000000000e+00
1.024000000000000000e+03 6.663996997823833091e-02 -7.307258132451941628e-04 1.140887971383908323e-01 0.000000000000000000e+00 6.765521244976362425e-01 -2.434213184414618355e-16 8.185076985265130056e-02 0.000000000000000000e+00
2.048000000000000000e+03 8.481590119770258951e-02 -1.555960669450766201e-03 1.009114582364845775e-01 0.000000000000000000e+00 6.445576983427453444e-01 -2.334920619615772843e-16 9.123236004944529354e-02 0.000000000000000000e+00
4.096000000000000000e+03 7.981099304035763065e-02 -3.850105139248436066e-03 9.492739665088946455e-02 0.000000000000000000e+00 6.058155176907634720e-01 -2.214103011550539859e-16 1.027840792044628082e-01 0.000000000000000000e+00
8.192000000000000000e+03 7.107435226129818484e-02 -2.852890851531735168e-03 8.717820554046430692e-02 0.000000000000000000e+00 5.327740819009867401e-01 -1.970355891165235351e-16 1.186831070172361668e-01 0.000000000000000000e+00
1.638400000000000000e+04 5.960097778641886695e-02 -4.013416500456084787e-04 7.251116026933775160e-02 0.000000000000000000e+00 4.621639780915214324e-01 -1.678117994116143930e-16 1.319497550260075591e-01 0.000000000000000000e+00
3.276800000000000000e+04 8.939048334882177330e-03 2.230901824752299419e-03 8.069375406459092237e-02 0.000000000000000000e+00 3.799892452723002689e-01 -1.373372719434287061e-16 1.451765337081095952e-01 0.000000000000000000e+00
6.553600000000000000e+04 2.598423580200371827e-02 6.963012065970978549e-06 4.429605340842396322e-02 0.000000000000000000e+00 3.295340238442574510e-01 -1.200462706237235039e-16 1.271850919436468830e-01 0.000000000000000000e+00
1.310720000000000000e+05 -5.540402743342575514e-02 4.884195057885891422e-03 3.880830590359855836e-02 0.000000000000000000e+00 2.689075893586284627e-01 -9.323698691648427229e-17 1.212563591740925678e-01 0.000000000000000000e+00
2.621440000000000000e+05 -2.058874427636247714e-02 4.879902060049646877e-03 4.986417393621787181e-02 0.000000000000000000e+00 2.018872752363458367e-01 -6.922911806391284629e-17 1.291135223773686169e-01 0.000000000000000000e+00
5.242880000000000000e+05 3.931202642491760275e-03 -9.751502590477139840e-03 5.291106658235121551e-02 0.000000000000000000e+00 1.580516828839403365e-01 -5.458288894911364618e-17 1.238585352638362364e-01 0.000000000000000000e+00
1.048576000000000000e+06 -1.251123741641080485e-02 2.961629336105664478e-03 4.140374438884096564e-02 0.000000000000000000e+00 1.482159268167695665e-01 -5.130792017044356803e-17 1.134104213361868257e-01 0.000000000000000000e+00
2.097152000000000000e+06 -5.219726914073528901e-02 6.179534735629063288e-03 4.719105689372263962e-02 0.000000000000000000e+00 1.400830051177511526e-01 -4.587518017395554354e-17 8.561043972519231937e-02 0.000000000000000000e+00
4.194304000000000000e+06 -3.188869299301432154e-03 5.424023083985297054e-03 5.450705471807729130e-02 0.000000000000000000e+00 8.828023892753068813e-02 -3.014572399569753296e-17 1.078719771185592119e-01 0.000000000000000000e+00
8.388608000000000000e+06 3.157209846500411837e-02 2.088948198501924727e-03 3.442037014928459038e-02 0.000000000000000000e+00 8.568275413114752326e-02 -2.720578005825848819e-17 7.831376131409784058e-02 0.000000000000000000e+00
1.677721600000000000e+07 -2.298018497481453537e-02 -8.279167956074985277e-03 3.278123436251301898e-02 0.000000000000000000e+00 7.034216225463867100e-02 -2.347651064925911628e-17 7.426921468429789619e-02 0.000000000000000000e+00
3.355443200000000000e+07 2.819213145402185618e-03 -3.051997758350914487e-03 3.887859754599655437e-02 0.000000000000000000e+00 4.818076822875311249e-02 -1.501161904173188770e-17 6.202088982186287208e-02 0.000000000000000000e+00
6.710886400000000000e+07 -1.349455489115053766e-02 1.502043487318133197e-02 4.012189560417615125e-02 0.000000000000000000e+00 2.694616704472301352e-02 -7.011293868550693395e-18 6.158866377140384540e-02 0.000000000000000000e+00
1.342177280000000000e+08 2.821319188748215231e-02 3.118468593105362240e-03 3.361056605975693001e-02 0.000000000000000000e+00 1.416103254401305730e-02 -1.980363973259330665e-18 5.250278999805581964e-02 0.000000000000000000e+00
2.684354560000000000e+08 -6.952047169798574767e-03 4.395690596328785671e-03 4.175389224561754792e-02 0.000000000000000000e+00 2.648975204418758424e-04 4.729643131891916219e-18 5.453009949749012403e-02 0.000000000000000000e+00
5.368709120000000000e+08 2.500054268440055766e-02 1.485969398830331960e-02 3.572174833116335824e-02 0.000000000000000000e+00 -1.938728720429861926e-02 1.112713652115269022e-17 5.117694118741231146e-02 0.000000000000000000e+00
1.073741824000000000e+09 1.795352455612721568e-02 8.750020088893714285e-03 3.048475116357231979e-02 0.000000000000000000e+00 -3.369467582655054361e-02 1.885634337940104629e-17 3.745271071721045786e-02 0.000000000000000000e+00
2.147483648000000000e+09 -3.592082749480698337e-03 7.013602595986478776e-03 3.617890447610040694e-02 0.000000000000000000e+00 -7.688430733034829455e-03 2.946480951398622166e-18 4.972276795651282832e-02 0.000000000000000000e+00
4.294967296000000000e+09 -1.621564379552125831e-02 1.365021536602254587e-02 3.890366564478258543e-02 0.000000000000000000e+00 4.429849388847808579e-03 -4.567297201844287014e-19 5.052386812192390109e-02 0.000000000000000000e+00
8.589934592000000000e+09 7.651444240440419611e-03 6.135894062147899918e-03 2.766047266570752228e-02 0.000000000000000000e+00 1.877809088477238805e-02 -4.613392982647059193e-18 3.859635320979313416e-02 0.000000000000000000e+00
1.717986918400000000e+10 -2.109083015039168313e-02 -2.753433091238560552e-03 3.334111597427830143e-02 0.000000000000000000e+00 -1.458752073710042202e-02 5.766023466916401671e-18 3.821739687269394559e-02 0.000000000000000000e+00
3.435973836800000000e+10 2.947999520149167420e-03 -8.558630199103418879e-03 3.717022711570990706e-02 0.000000000000000000e+00 -1.087575298106738947e-02 3.753332754409909346e-18 5.316790010511050768e-02 0.000000000000000000e+00
6.871947673600000000e+10 1.191222463113106268e-03 1.084044545712019823e-02 2.626544966555613078e-02 0.000000000000000000e+00 -1.818707670925034589e-02 1.122638668019259738e-17 3.820044669928435860e-02 0.000000000000000000e+00
1.374389534720000000e+11 -8.494473176516073240e-03 -2.156686335872610299e-02 3.996615959267389717e-02 0.000000000000000000e+00 -1.349395240654104738e-02 8.526147772783280375e-18 4.839833491296886142e-02 0.000000000000000000e+00
2.748779069440000000e+11 -8.479724278240454230e-03 1.543472598649792832e-02 3.649802523336630189e-02 0.000000000000000000e+00 -3.984047172771605638e-02 1.800982725696224027e-17 4.352086163354849935e-02 0.000000000000000000e+00
5.497558138880000000e+11 3.534491825313052123e-05 -1.907741703592618536e-03 4.305858592626803788e-02 0.000000000000000000e+00 -3.694394666638630559e-02 1.701724403681881236e-17 6.965898173282400463e-02 0.000000000000000000e+00
