
# dim_loc 4
# L 6
# n_dis 100
# JZZ 1.0
# hZ 1.0
# hX 1.0
# alphas [ 0.2+0.34641016j  1.0+0.j          0.2-0.34641016j]
# betas [ 0.1  0.2  0.1]
# lambdas [ 0.1  1.   0.1]
# phi 1.0471975511965976
# lambd 0.2
# gap 0.00153398078789 5.71478333596e-36
# shifted_gap 0.000596629405571 3.33112811955e-07
# shifted_gap_2 4.8180197025e-05 7.750620693e-09
# log10_gap -3.00546237966 0.00106098045073
# log10_shifted_gap -3.97018012828 0.646100454006
# log10_shifted_gap_2 -5.77063757486 1.35703088417
# ratio 0.422050656544 0.000805538596663
# time	Re(Z)\Im(Z)	Var(Re(Z))	Var(Im(Z))
1.000000000000000000e+00 9.758169034798936936e-01 7.365017792382407209e-05 5.574749531677869636e-04 0.000000000000000000e+00 9.929549800202572829e-01 -2.537379401836930001e-16 7.400049683883301078e-05 0.000000000000000000e+00
2.000000000000000000e+00 9.354340299665535596e-01 2.774740812203613759e-04 6.266418151916800482e-03 0.000000000000000000e+00 9.825812206242746649e-01 -1.217831717090407983e-16 7.495468710490060587e-04 0.000000000000000000e+00
4.000000000000000000e+00 8.453389629221270685e-01 7.636410319431373873e-04 4.981357042647543282e-02 0.000000000000000000e+00 9.546463367071668094e-01 -3.598476997505115367e-16 6.702455576328140117e-03 0.000000000000000000e+00
8.000000000000000000e+00 7.316074715919530513e-01 4.659056580079730739e-03 1.526212076609508306e-01 0.000000000000000000e+00 9.052885835406696557e-01 -3.458538009226375107e-16 3.956114463618660981e-02 0.000000000000000000e+00
1.600000000000000000e+01 7.063710174852383394e-01 5.705654804159769264e-03 1.473568026950973220e-01 0.000000000000000000e+00 8.557749455624573676e-01 -3.239191894555696122e-16 8.425676008958783714e-02 0.000000000000000000e+00
3.200000000000000000e+01 6.867822948537444239e-01 6.566401252070805557e-03 1.289817055122430833e-01 0.000000000000000000e+00 8.303720092646175166e-01 -3.153289434152376857e-16 8.712735728067660945e-02 0.000000000000000000e+00
6.400000000000000000e+01 6.493447639350380385e-01 1.730496035079365398e-03 1.399493847971685911e-01 0.000000000000000000e+00 8.149944755740720082e-01 -3.072816048653977411e-16 7.917827918240580298e-02 0.000000000000000000e+00
1.280000000000000000e+02 6.250715629361809356e-01 1.591125239434199121e-03 1.329976427736928590e-01 0.000000000000000000e+00 7.852642687883611972e-01 -3.009459278210135672e-16 8.582350344423930744e-02 0.000000000000000000e+00
2.560000000000000000e+02 5.701931974519527380e-01 5.131537212181735974e-03 1.433714306087511825e-01 0.000000000000000000e+00 7.445692047713120543e-01 -2.814570579955572727e-16 9.929733857008066211e-02 0.000000000000000000e+00
5.120000000000000000e+02 5.121247348658801712e-01 3.150468254720880257e-03 1.535622022684169363e-01 0.000000000000000000e+00 7.201759962295802842e-01 -2.709884368359371137e-16 9.882651249082757827e-02 0.000000000000000000e+00
1.024000000000000000e+03 4.817577897947815102e-01 1.902916855758326987e-03 1.451140155687017652e-01 0.000000000000000000e+00 6.933851782385986873e-01 -2.619420379145885609e-16 1.015717590357008981e-01 0.000000000000000000e+00
2.048000000000000000e+03 3.892448845581311101e-01 3.976699684283823387e-03 1.707773545154266381e-01 0.000000000000000000e+00 6.621819165755629122e-01 -2.509405772457163924e-16 1.092791084952833280e-01 0.000000000000000000e+00
4.096000000000000000e+03 3.341087721546179279e-01 3.839695216499595335e-03 1.660932442680166932e-01 0.000000000000000000e+00 6.357038329351292205e-01 -2.401168900830232348e-16 1.167817785341083991e-01 0.000000000000000000e+00
8.192000000000000000e+03 2.694705651733804164e-01 -5.082912012538860769e-03 1.622085098504594813e-01 0.000000000000000000e+00 6.247695362459284585e-01 -2.374936177293742051e-16 1.119045219411165665e-01 0.000000000000000000e+00
1.638400000000000000e+04 2.107846051872041548e-01 4.329127317239251900e-04 1.675656525877073366e-01 0.000000000000000000e+00 5.951708426115192019e-01 -2.253892920151044868e-16 1.230657773027809820e-01 0.000000000000000000e+00
3.276800000000000000e+04 1.779831575164037838e-01 3.136400269289597257e-03 1.334102661629266162e-01 0.000000000000000000e+00 5.425002067670156025e-01 -2.056119776555840447e-16 1.315131329743293997e-01 0.000000000000000000e+00
6.553600000000000000e+04 9.996573008846797170e-02 2.530573922051902215e-03 1.274948198845722303e-01 0.000000000000000000e+00 4.812261866445083358e-01 -1.823160525793763115e-16 1.327483948394785063e-01 0.000000000000000000e+00
1.310720000000000000e+05 9.661680221928033163e-02 -3.680333733685441436e-03 1.202335115913003294e-01 0.000000000000000000e+00 4.234783560172545869e-01 -1.586694751507751017e-16 1.399474817753348366e-01 0.000000000000000000e+00
2.621440000000000000e+05 6.836255371013084947e-02 -8.235006271761420235e-03 1.024328796504077599e-01 0.000000000000000000e+00 3.620518510452672145e-01 -1.365618388213163870e-16 1.490978993787203666e-01 0.000000000000000000e+00
5.242880000000000000e+05 8.209792907178423138e-02 1.118186818839665524e-02 9.275602707266059066e-02 0.000000000000000000e+00 2.965173385454960009e-01 -1.128867936227440715e-16 1.462748993146267273e-01 0.000000000000000000e+00
1.048576000000000000e+06 3.148679843678577756e-02 -1.546875671582452483e-03 6.692061009831426488e-02 0.000000000000000000e+00 2.609129808770297987e-01 -9.759443354307534019e-17 1.316745212792279907e-01 0.000000000000000000e+00
2.097152000000000000e+06 2.907904173225642815e-03 5.458192526674912181e-04 7.110945722902495270e-02 0.000000000000000000e+00 2.098593553813294932e-01 -7.936430960011581651e-17 1.197780004990933317e-01 0.000000000000000000e+00
4.194304000000000000e+06 2.966456130894023352e-02 -1.594133483041591109e-02 5.360398698963379782e-02 0.000000000000000000e+00 2.045729918876587061e-01 -7.950761203875987716e-17 1.142456394043523948e-01 0.000000000000000000e+00
8.388608000000000000e+06 -3.862313372074339946e-02 3.826047832401485802e-03 7.486446708933862382e-02 0.000000000000000000e+00 1.820319097998193969e-01 -6.945471424160968646e-17 1.065175044440554997e-01 0.000000000000000000e+00
1.677721600000000000e+07 1.168640536142792445e-02 -1.083753821501276526e-02 6.410730622700004655e-02 0.000000000000000000e+00 1.103619638243952816e-01 -4.398232958875509559e-17 9.993723492232284289e-02 0.000000000000000000e+00
3.355443200000000000e+07 3.482201935972782224e-03 -2.823877175757984691e-04 5.021898351631499252e-02 0.000000000000000000e+00 8.914835210247033792e-02 -3.295071544648525005e-17 8.368659966609727496e-02 0.000000000000000000e+00
6.710886400000000000e+07 4.141155331064370893e-04 1.896471513628279412e-02 3.927771789448589873e-02 0.000000000000000000e+00 7.210361284958902162e-02 -2.707441445002389714e-17 7.277025177163555514e-02 0.000000000000000000e+00
1.342177280000000000e+08 5.125977028725860543e-03 1.813092121367451334e-02 5.216539100369196186e-02 0.000000000000000000e+00 4.863290762185593086e-02 -2.073163595379164592e-17 7.629000396738729040e-02 0.000000000000000000e+00
2.684354560000000000e+08 -1.537503459461676348e-03 5.158228764718392721e-03 5.334008508369868229e-02 0.000000000000000000e+00 4.904300167490285856e-02 -1.821674615225300681e-17 6.388578658402045696e-02 0.000000000000000000e+00
5.368709120000000000e+08 8.654858935738503692e-03 1.626073299289219204e-02 4.608173332067289074e-02 0.000000000000000000e+00 -4.275698935939928509e-03 2.277804939111329791e-18 5.194017505530774265e-02 0.000000000000000000e+00
1.073741824000000000e+09 1.199476672100253417e-02 -2.001559019999801705e-03 5.568924522471005445e-02 0.000000000000000000e+00 -2.740141282873548995e-02 8.781280623337058150e-18 6.588485593162460296e-02 0.000000000000000000e+00
2.147483648000000000e+09 2.559406530896494916e-03 -4.746355769743486677e-03 4.043429075929058647e-02 0.000000000000000000e+00 1.390916453637544570e-02 -7.891374619838581430e-18 4.463386509036341987e-02 0.000000000000000000e+00
4.294967296000000000e+09 -8.483261747881764084e-03 -5.719023349577416655e-03 3.901427678919600767e-02 0.000000000000000000e+00 1.753953484560429391e-02 -3.991179918845105969e-18 5.106386698339600294e-02 0.000000000000000000e+00
8.589934592000000000e+09 1.430035217303012897e-02 2.092923571205458633e-02 5.051895161531461120e-02 0.000000000000000000e+00 -7.899232409492458994e-04 -1.015507588230684226e-18 5.309764190785790094e-02 0.000000000000000000e+00
1.717986918400000000e+10 6.950538264444276401e-03 1.871925241576279098e-02 4.488864888809338677e-02 0.000000000000000000e+00 3.679899411819783500e-02 -1.278604668059469203e-17 4.997101993657353941e-02 0.000000000000000000e+00
3.435973836800000000e+10 5.368559368775471276e-03 3.236105791494859468e-02 5.192355300496967474e-02 0.000000000000000000e+00 -6.263244471006013114e-03 2.953892000188218234e-18 4.657007877606806484e-02 0.000000000000000000e+00
6.871947673600000000e+10 3.401297632417907973e-02 -1.283999995259265357e-02 4.713374522738230515e-02 0.000000000000000000e+00 -4.915880092955590003e-02 1.760717613109110175e-17 6.378144107163656595e-02 0.000000000000000000e+00
1.374389534720000000e+11 -2.977831639614587911e-02 3.074780704639955287e-02 5.421643609857975527e-02 0.000000000000000000e+00 1.762679965601410964e-02 -6.232429795306472508e-18 5.424951966888801741e-02 0.000000000000000000e+00
2.748779069440000000e+11 3.534592404757230105e-02 4.930569899090681343e-03 5.222237664131725021e-02 0.000000000000000000e+00 -2.161867424221899231e-02 8.578853475593106033e-18 5.835424811121402849e-02 0.000000000000000000e+00
5.497558138880000000e+11 -5.644298238156244141e-04 -2.617127288319838398e-03 4.046517568736426873e-02 0.000000000000000000e+00 1.812134447324097175e-02 -4.172029018106652255e-18 4.671208059032583293e-02 0.000000000000000000e+00
