
# n_dis 100
# dim_loc 4
# L 4
# betas [0.1  0.01 0.1 ]
# lambdas [0.1 1.  0.1]
# alphas [0.2475+0.42868257j 1.    +0.j         0.2475-0.42868257j]
# hZ 1.0
# JZZ 1.0
# hX 1.0
# lambd 0.01
# phi 1.0471975511965976
# gap 0.024543692606170217 1.735022138649851e-33
# shifted_gap 0.0002777511497378738 1.6679518724194005e-07
# shifted_gap_2 0.00027065730789454156 1.5744767966558046e-07
# log10_gap -1.8233151202584148 0.001917039933863227
# log10_shifted_gap -4.574960227678821 0.768983087560054
# log10_shifted_gap_2 -5.202766035610471 0.7552792248380326
# ratio 0.4019589584991452 0.0017316299266502211
# time	Re(Z)\Im(Z)	Var(Re(Z))	Var(Im(Z))
1.000000000000000000e+00 9.961861553494261168e-01 -9.361036196720942692e-05 2.351377008445114286e-05 0.000000000000000000e+00 9.925111629420441117e-01 -2.517275097390242083e-16 8.358949649140162317e-05 0.000000000000000000e+00
2.000000000000000000e+00 9.902517062942516324e-01 -4.242085362785305092e-04 2.376184530202419664e-04 0.000000000000000000e+00 9.809974413709727781e-01 -1.290868815217513531e-16 7.224226036061703795e-04 0.000000000000000000e+00
4.000000000000000000e+00 9.753496950303678359e-01 -1.774196565685615123e-03 2.402077061004264866e-03 0.000000000000000000e+00 9.529536910759891510e-01 -3.618819436597992484e-16 6.059139933053835428e-03 0.000000000000000000e+00
8.000000000000000000e+00 9.472281386980195839e-01 -3.754486504385094476e-03 1.603558765680256765e-02 0.000000000000000000e+00 9.027743725947130482e-01 -3.368847751031722991e-16 3.405173248827585153e-02 0.000000000000000000e+00
1.600000000000000000e+01 9.159093092779220235e-01 -3.701899832593155259e-03 5.157414945056797151e-02 0.000000000000000000e+00 8.553432521923359788e-01 -3.270528905144468452e-16 9.135153229317144463e-02 0.000000000000000000e+00
3.200000000000000000e+01 9.086472285571364216e-01 -6.051372820104525263e-03 5.561071950667878516e-02 0.000000000000000000e+00 8.532020182468547098e-01 -3.249652262133400114e-16 8.964796751479291170e-02 0.000000000000000000e+00
6.400000000000000000e+01 9.112554613826044925e-01 -2.520825490152477609e-03 4.127048024004097843e-02 0.000000000000000000e+00 8.590904982940203993e-01 -3.237028013120116189e-16 6.820251692641252084e-02 0.000000000000000000e+00
1.280000000000000000e+02 8.978763576823080017e-01 -4.315501385702526574e-03 5.607092389484279182e-02 0.000000000000000000e+00 8.389264995024957594e-01 -3.147620244719409880e-16 9.166658775588648611e-02 0.000000000000000000e+00
2.560000000000000000e+02 8.902443667536839023e-01 -3.282206698880440685e-03 5.129048887164449483e-02 0.000000000000000000e+00 8.370209505065041578e-01 -3.171010034547217528e-16 7.829134421255920517e-02 0.000000000000000000e+00
5.120000000000000000e+02 8.637897885779415308e-01 -1.083725592080982993e-02 7.605026227059485944e-02 0.000000000000000000e+00 8.135903664953443304e-01 -3.043633751182634762e-16 9.271272451867249020e-02 0.000000000000000000e+00
1.024000000000000000e+03 8.299078420047993898e-01 -1.315787673231900295e-02 8.732597763432231597e-02 0.000000000000000000e+00 7.801613108239169314e-01 -2.958946244024227946e-16 1.034744546916424868e-01 0.000000000000000000e+00
2.048000000000000000e+03 7.516199748209139164e-01 -1.391446299516886122e-02 1.506091046214586560e-01 0.000000000000000000e+00 7.402779582711366269e-01 -2.798724859755747621e-16 1.217435521933901144e-01 0.000000000000000000e+00
4.096000000000000000e+03 6.774045341927772412e-01 -5.736357213668143162e-03 1.759604631979575784e-01 0.000000000000000000e+00 6.701959281862504003e-01 -2.511841044483156693e-16 1.313717325796009694e-01 0.000000000000000000e+00
8.192000000000000000e+03 5.221635583905032130e-01 -8.119948239676680942e-04 2.914269499172303934e-01 0.000000000000000000e+00 6.072494110553681157e-01 -2.287224882606312149e-16 1.588542187967148245e-01 0.000000000000000000e+00
1.638400000000000000e+04 4.248918271616227704e-01 3.454722942003973871e-03 3.502262140780889044e-01 0.000000000000000000e+00 5.939721954938300685e-01 -2.247530345167104303e-16 1.355164434462862999e-01 0.000000000000000000e+00
3.276800000000000000e+04 3.547215904039557333e-01 4.381744143533916440e-03 3.192775899157507258e-01 0.000000000000000000e+00 5.299236113553705829e-01 -2.040160611659482798e-16 1.470157747671930748e-01 0.000000000000000000e+00
6.553600000000000000e+04 2.150439551030198237e-01 -1.309154999584173119e-02 3.732591704603109850e-01 0.000000000000000000e+00 4.891907456870167592e-01 -1.835481058335008583e-16 1.487547486745527947e-01 0.000000000000000000e+00
1.310720000000000000e+05 2.444493084497058599e-01 -8.151647837877331465e-03 3.199846462965093008e-01 0.000000000000000000e+00 4.356812472449329565e-01 -1.670295097798859056e-16 1.518193778346961231e-01 0.000000000000000000e+00
2.621440000000000000e+05 1.760239792716389584e-01 -2.017650485541295016e-02 2.935063209339481283e-01 0.000000000000000000e+00 3.404431151440956427e-01 -1.306916178606492487e-16 1.799472643966556484e-01 0.000000000000000000e+00
5.242880000000000000e+05 1.318521196259419270e-01 -1.616619448400323511e-02 2.289769296892278372e-01 0.000000000000000000e+00 2.510709750075460489e-01 -8.798203559037180931e-17 1.791710070004781941e-01 0.000000000000000000e+00
1.048576000000000000e+06 3.434278572250484222e-03 -1.756418054558210942e-02 2.764702361724236668e-01 0.000000000000000000e+00 2.416538977241639019e-01 -8.030952331050831302e-17 1.818182788996923205e-01 0.000000000000000000e+00
2.097152000000000000e+06 5.524386726664300834e-02 2.330432120813278468e-02 2.475987567107561793e-01 0.000000000000000000e+00 1.912074064336752310e-01 -6.678364700367460932e-17 1.702571549739114731e-01 0.000000000000000000e+00
4.194304000000000000e+06 4.057955415347122563e-02 5.262965847367032102e-02 2.323572518310352830e-01 0.000000000000000000e+00 1.215702587748522107e-01 -4.689121376539889726e-17 1.931319631330581654e-01 0.000000000000000000e+00
8.388608000000000000e+06 8.160852034686633116e-02 -2.870416669779369406e-02 2.353614977482317572e-01 0.000000000000000000e+00 1.219766735915381733e-01 -4.227813483019311401e-17 2.209301174940880852e-01 0.000000000000000000e+00
1.677721600000000000e+07 4.187157834055337674e-02 -9.215764948743885090e-03 2.057436647131759277e-01 0.000000000000000000e+00 7.662947307866257995e-02 -3.062793948336413930e-17 1.760212332988698725e-01 0.000000000000000000e+00
3.355443200000000000e+07 2.945177233216861312e-02 9.245030149985766429e-03 1.896450386293095092e-01 0.000000000000000000e+00 2.405298447497091971e-02 -1.198490827387696559e-17 2.021991103445530125e-01 0.000000000000000000e+00
6.710886400000000000e+07 5.400238592699820733e-02 -6.634317137120865696e-03 2.211887507937851938e-01 0.000000000000000000e+00 2.759366320585803292e-02 -8.455821647322114833e-18 1.923932900873174812e-01 0.000000000000000000e+00
1.342177280000000000e+08 1.038861820681585488e-02 -3.565215414800702171e-02 1.814930644524569980e-01 0.000000000000000000e+00 1.672880108023143061e-02 -4.103790417838983178e-18 1.701377619846806410e-01 0.000000000000000000e+00
2.684354560000000000e+08 -4.302183331062257171e-02 1.454589824055491087e-02 1.585033091014828310e-01 0.000000000000000000e+00 -7.004441092655673204e-03 6.368972289377954833e-18 1.526377508471750133e-01 0.000000000000000000e+00
5.368709120000000000e+08 2.121436529684446806e-02 5.785611915018591678e-03 1.962616808653405709e-01 0.000000000000000000e+00 -1.421456513086284852e-02 1.971846618069759822e-18 1.709540630460026633e-01 0.000000000000000000e+00
1.073741824000000000e+09 1.674168309236450866e-02 -1.950401050911252515e-02 1.577121802862612165e-01 0.000000000000000000e+00 1.071724912520652411e-04 -2.543439452791916681e-18 1.843714010316767904e-01 0.000000000000000000e+00
2.147483648000000000e+09 -2.769024647111484327e-03 -3.860672748399290779e-03 1.710883721758780507e-01 0.000000000000000000e+00 2.689615697712760892e-02 -1.533386005568214682e-17 1.537146524141803361e-01 0.000000000000000000e+00
4.294967296000000000e+09 -4.487575932462445349e-02 2.569134673245636324e-02 1.655183475189584696e-01 0.000000000000000000e+00 1.700522952036592067e-02 -8.352756726324039258e-18 1.887675078361007175e-01 0.000000000000000000e+00
8.589934592000000000e+09 1.947734193630777308e-02 -2.737973353205559734e-02 1.961424107367286396e-01 0.000000000000000000e+00 4.284144538629582055e-02 -1.650002559165752276e-17 1.641865398565686418e-01 0.000000000000000000e+00
1.717986918400000000e+10 -1.016361020086352200e-03 -3.896582491156647815e-02 1.556293060745186640e-01 0.000000000000000000e+00 -4.265362151153772458e-02 1.445461362132256601e-17 1.750055277646321295e-01 0.000000000000000000e+00
3.435973836800000000e+10 -1.978317561497005411e-02 -3.533564834456558168e-02 1.751263524615475908e-01 0.000000000000000000e+00 5.371922346002587501e-02 -2.453638227992911742e-17 1.598611963520024104e-01 0.000000000000000000e+00
6.871947673600000000e+10 -3.695614038590284284e-02 -8.910933141391005896e-03 1.583645158414814236e-01 0.000000000000000000e+00 2.204738746413354919e-02 -8.171573751817600832e-18 1.418908900689706543e-01 0.000000000000000000e+00
1.374389534720000000e+11 -2.386850000188067700e-02 1.082574539995414566e-02 1.744303736067817079e-01 0.000000000000000000e+00 -6.672560211139744180e-02 2.689143218288871247e-17 1.814353107520673136e-01 0.000000000000000000e+00
2.748779069440000000e+11 2.925681491182184624e-03 -3.935111725256015824e-02 1.724221020901671730e-01 0.000000000000000000e+00 7.565747752698064738e-03 -4.475255867023457756e-18 1.528740701865100304e-01 0.000000000000000000e+00
5.497558138880000000e+11 -3.379744691750466434e-03 -2.555891791921797301e-02 2.025702583840401083e-01 0.000000000000000000e+00 3.960299540178833372e-02 -1.767244103840152860e-17 2.118745071451268169e-01 0.000000000000000000e+00
