
# dim_loc 4
# L 5
# n_dis 100
# JZZ 1.0
# hZ 1.0
# hX 1.0
# alphas [ 0.125+0.21650635j  1.000+0.j          0.125-0.21650635j]
# betas [ 0.1  0.5  0.1]
# lambdas [ 0.1  1.   0.1]
# phi 1.0471975511965976
# lambd 0.5
# gap 0.00613592315154 1.08845134513e-34
# shifted_gap 0.0101233787293 6.09887454072e-05
# shifted_gap_2 0.000225990704254 7.98111389548e-08
# log10_gap -2.37203296615 0.00105097023113
# log10_shifted_gap -2.33035561116 0.192242584999
# log10_shifted_gap_2 -4.62774019049 0.849455348413
# ratio 0.451653365012 0.000973635289974
# time	Re(Z)\Im(Z)	Var(Re(Z))	Var(Im(Z))
1.000000000000000000e+00 8.459988806122051841e-01 7.974049176670177437e-05 1.751881508679651450e-02 0.000000000000000000e+00 9.920660022550098489e-01 -2.476975138763229254e-16 9.321263899357918800e-05 0.000000000000000000e+00
2.000000000000000000e+00 5.854523098067807574e-01 7.297977798738236339e-04 1.262309872249290366e-01 0.000000000000000000e+00 9.793145400002125633e-01 -1.270151796749773471e-16 1.055268321283870216e-03 0.000000000000000000e+00
4.000000000000000000e+00 4.093896115830349958e-01 1.225156958691916683e-03 2.062113001711220472e-01 0.000000000000000000e+00 9.507215773370938372e-01 -3.683888728858209849e-16 8.044060476768687476e-03 0.000000000000000000e+00
8.000000000000000000e+00 3.591529740312707775e-01 3.202718841796663423e-03 1.800257365189437131e-01 0.000000000000000000e+00 9.082165831609845252e-01 -3.514212224978000403e-16 3.310106524525886079e-02 0.000000000000000000e+00
1.600000000000000000e+01 3.093145497461102789e-01 4.062337305888462195e-03 1.595673483239826440e-01 0.000000000000000000e+00 8.649987823428811895e-01 -3.355703954994052833e-16 4.729739190669818988e-02 0.000000000000000000e+00
3.200000000000000000e+01 2.408699717239753679e-01 1.749037665744869116e-03 1.433996073573776120e-01 0.000000000000000000e+00 8.123310246863965078e-01 -3.140559010075212343e-16 6.778507257612381709e-02 0.000000000000000000e+00
6.400000000000000000e+01 1.831425905952064892e-01 3.595284384934173318e-03 1.283991454670640187e-01 0.000000000000000000e+00 7.770222469243752705e-01 -3.017838127005858799e-16 6.450330184359263919e-02 0.000000000000000000e+00
1.280000000000000000e+02 1.453413428523468998e-01 1.667419987495218255e-03 8.644917514684688498e-02 0.000000000000000000e+00 7.407593497670762472e-01 -2.859811912590791452e-16 6.378163846548176585e-02 0.000000000000000000e+00
2.560000000000000000e+02 7.139304314616423675e-02 -1.801681416908908998e-04 6.719974977174997255e-02 0.000000000000000000e+00 6.942139715020052559e-01 -2.640794692707954095e-16 6.882274975073850165e-02 0.000000000000000000e+00
5.120000000000000000e+02 3.390371495155668213e-02 7.581062540726240867e-04 4.000215325699787300e-02 0.000000000000000000e+00 6.532812892761941104e-01 -2.494271296750027831e-16 7.611763225887886730e-02 0.000000000000000000e+00
1.024000000000000000e+03 1.085622575624300111e-02 1.777360667966019266e-03 3.719652218403374927e-02 0.000000000000000000e+00 6.211423672630579373e-01 -2.382396843166998852e-16 7.740975513024414556e-02 0.000000000000000000e+00
2.048000000000000000e+03 2.776981148558429688e-02 -2.420347102910798149e-03 3.482271553760873245e-02 0.000000000000000000e+00 5.841246642337829531e-01 -2.232371601153827139e-16 8.416893693447577429e-02 0.000000000000000000e+00
4.096000000000000000e+03 1.926574754703948636e-02 -5.660217235244275388e-04 4.755421792514184787e-02 0.000000000000000000e+00 5.275681043442191909e-01 -2.030666856048271202e-16 9.639238602875799256e-02 0.000000000000000000e+00
8.192000000000000000e+03 1.871037370670236913e-02 -5.094141658992170241e-04 3.324733081132713597e-02 0.000000000000000000e+00 4.677549638981005620e-01 -1.786515096119292239e-16 1.116551200692359330e-01 0.000000000000000000e+00
1.638400000000000000e+04 -5.245474049197756082e-03 -4.481202657844283489e-03 3.031682138659459042e-02 0.000000000000000000e+00 4.022326413948230095e-01 -1.544098413115009841e-16 1.131264013680317038e-01 0.000000000000000000e+00
3.276800000000000000e+04 -6.877666833342957302e-03 5.746095377225424183e-03 3.291913814352857848e-02 0.000000000000000000e+00 3.259319020501927899e-01 -1.244286661689627607e-16 1.098422718739659187e-01 0.000000000000000000e+00
6.553600000000000000e+04 1.857885460079218218e-02 -8.070773864823087979e-03 2.591948135512973581e-02 0.000000000000000000e+00 2.656504866509816210e-01 -1.017437618992476399e-16 9.885088830753042954e-02 0.000000000000000000e+00
1.310720000000000000e+05 5.286314349758790797e-03 1.099065377401299212e-03 2.420667865378186775e-02 0.000000000000000000e+00 1.965310172866814864e-01 -7.648225873575542759e-17 9.366753138924212296e-02 0.000000000000000000e+00
2.621440000000000000e+05 8.408199972086019200e-03 -3.107540961192297412e-03 2.050814503781162729e-02 0.000000000000000000e+00 1.585496207805731916e-01 -6.397560990898679551e-17 7.355062243025697888e-02 0.000000000000000000e+00
5.242880000000000000e+05 -4.719553013986535484e-03 -4.822524056016486496e-03 1.798203703772547832e-02 0.000000000000000000e+00 9.684402912029377308e-02 -3.806012151076910161e-17 6.347635270782023276e-02 0.000000000000000000e+00
1.048576000000000000e+06 7.065205881020312009e-03 4.396822337748160160e-04 1.683341049205397399e-02 0.000000000000000000e+00 7.504334495085235313e-02 -3.205643080393593766e-17 4.274259671483409545e-02 0.000000000000000000e+00
2.097152000000000000e+06 -4.614455789301738498e-03 5.260735606478535685e-03 2.133377273009981825e-02 0.000000000000000000e+00 5.465239748424711302e-02 -2.381377583806112473e-17 3.760835781725758997e-02 0.000000000000000000e+00
4.194304000000000000e+06 -1.669154163778477492e-03 -1.047316945990152751e-02 1.844725263364968906e-02 0.000000000000000000e+00 -6.289245766231809504e-03 5.538326612074277305e-19 2.762527409033668085e-02 0.000000000000000000e+00
8.388608000000000000e+06 -2.334957663183503257e-03 6.333528300908304945e-04 1.637320211610424764e-02 0.000000000000000000e+00 1.418317383053549268e-03 -4.020538332149613203e-18 2.496918022438150003e-02 0.000000000000000000e+00
1.677721600000000000e+07 -1.732411762551537646e-03 1.073835284334200176e-02 1.930423369671075903e-02 0.000000000000000000e+00 4.412587584843046321e-03 -3.428307341639463426e-18 3.582751329114505778e-02 0.000000000000000000e+00
3.355443200000000000e+07 3.800279084846730493e-03 -5.406298888900542936e-03 1.580466230120113405e-02 0.000000000000000000e+00 -1.373507420108071621e-02 4.642302337877703149e-18 3.055783478055007149e-02 0.000000000000000000e+00
6.710886400000000000e+07 1.023104816289027892e-02 2.126622119552792033e-03 1.612215003311347900e-02 0.000000000000000000e+00 1.015981080492506239e-02 -6.256388087881648387e-18 2.717111717979928120e-02 0.000000000000000000e+00
1.342177280000000000e+08 5.476312288158569595e-03 1.071293214771813079e-02 2.135384812516284703e-02 0.000000000000000000e+00 -1.144664483370480892e-02 -9.654401566846667630e-19 2.950147761702478014e-02 0.000000000000000000e+00
2.684354560000000000e+08 3.592394653504773355e-03 1.118318191234882186e-02 1.909198417116113322e-02 0.000000000000000000e+00 -3.767922049623641505e-03 -8.159289039337622709e-19 2.842666146325717458e-02 0.000000000000000000e+00
5.368709120000000000e+08 7.723194276736768983e-03 2.910100501860831746e-04 1.828160017395117493e-02 0.000000000000000000e+00 -1.154912078667607797e-02 -8.127851434105559473e-19 2.983536003301200112e-02 0.000000000000000000e+00
1.073741824000000000e+09 1.217593301793876148e-02 -7.292846465700042295e-03 2.169428688759426904e-02 0.000000000000000000e+00 1.368681939119520755e-02 -7.640940223137723775e-18 2.484389587681251968e-02 0.000000000000000000e+00
2.147483648000000000e+09 9.419712043318127087e-03 -1.650335870720777073e-02 1.748642780391040930e-02 0.000000000000000000e+00 -6.430742383340665343e-03 -1.036367590122660699e-18 3.442460377056474896e-02 0.000000000000000000e+00
4.294967296000000000e+09 9.562465521852343484e-03 2.637127984345925911e-03 1.721732658853249859e-02 0.000000000000000000e+00 9.537622948655315484e-04 -1.018315994477210315e-18 2.826656929569946325e-02 0.000000000000000000e+00
8.589934592000000000e+09 3.559002477227490510e-03 -1.346129397963952319e-02 1.699083601836726479e-02 0.000000000000000000e+00 -1.395611633399908465e-02 1.484558311526962236e-18 2.585769973079734413e-02 0.000000000000000000e+00
1.717986918400000000e+10 -3.289211441720966012e-04 8.777789589230644562e-03 1.550767788071400616e-02 0.000000000000000000e+00 4.228163442168610814e-03 -5.106749788217677658e-18 2.975159579547197175e-02 0.000000000000000000e+00
3.435973836800000000e+10 -1.415771637776098123e-02 -8.558575239425672554e-03 2.310327301096305741e-02 0.000000000000000000e+00 5.841385540516262978e-03 -6.870428961598327160e-18 2.828753549273302359e-02 0.000000000000000000e+00
6.871947673600000000e+10 1.005816225105967375e-02 4.213148400879569017e-03 2.016396618492755435e-02 0.000000000000000000e+00 -1.264641123085678311e-02 3.167263421809137634e-18 2.617564264769186438e-02 0.000000000000000000e+00
1.374389534720000000e+11 1.434931746766481171e-02 -3.043306013344410175e-03 1.860600611225611545e-02 0.000000000000000000e+00 3.443613891605802613e-02 -1.568861350305447887e-17 3.234966590259562985e-02 0.000000000000000000e+00
2.748779069440000000e+11 1.319453119536552997e-02 1.269662479094284951e-02 1.432611612431006903e-02 0.000000000000000000e+00 7.433407435436218715e-03 -4.918994302942379637e-18 2.776677478207642200e-02 0.000000000000000000e+00
5.497558138880000000e+11 6.296223806992407024e-03 -3.856713070316418815e-03 2.109112189254547243e-02 0.000000000000000000e+00 2.053613728912205907e-02 -1.050083261823920326e-17 3.017012171003110449e-02 0.000000000000000000e+00
