
# dim_loc 4
# L 3
# n_dis 100
# JZZ 1.0
# hZ 1.0
# hX 1.0
# alphas [ 0.15+0.25980762j  1.00+0.j          0.15-0.25980762j]
# betas [ 0.1  0.4  0.1]
# lambdas [ 0.1  1.   0.1]
# phi 1.0471975511965976
# lambd 0.4
# gap 0.0981747704247 2.75234648352e-32
# shifted_gap 0.0492728847603 0.00143085731159
# shifted_gap_2 0.00177438946052 6.8839804396e-06
# log10_gap -1.18591227821 0.00263495156203
# log10_shifted_gap -1.64337502599 0.190512508726
# log10_shifted_gap_2 -4.04158896379 0.450328881734
# ratio 0.41577146589 0.00402048009097
# time	Re(Z)\Im(Z)	Var(Re(Z))	Var(Im(Z))
1.000000000000000000e+00 9.028588192276614244e-01 7.596013681700176327e-05 7.002059261638988834e-03 0.000000000000000000e+00 9.923885215029532025e-01 -2.555416157806529674e-16 8.763512941673364713e-05 0.000000000000000000e+00
2.000000000000000000e+00 7.468214352437113623e-01 3.458211304742027934e-04 5.916720984104405917e-02 0.000000000000000000e+00 9.799772933941790498e-01 -1.315366265545378835e-16 1.044712644107739525e-03 0.000000000000000000e+00
4.000000000000000000e+00 5.700882894945110690e-01 1.832930227147416358e-04 1.906216619786070543e-01 0.000000000000000000e+00 9.495081599968160369e-01 -3.706655090764862930e-16 9.490843155014630148e-03 0.000000000000000000e+00
8.000000000000000000e+00 4.662875092926676568e-01 3.352745170069007345e-03 2.190851945455977168e-01 0.000000000000000000e+00 9.094138062514038889e-01 -3.496052107917377328e-16 3.543640743407334981e-02 0.000000000000000000e+00
1.600000000000000000e+01 3.704476062740660325e-01 8.633330884679775441e-03 2.389796993448441709e-01 0.000000000000000000e+00 8.797418631904226904e-01 -3.408911529909376674e-16 4.629346298642669777e-02 0.000000000000000000e+00
3.200000000000000000e+01 2.559928172915288958e-01 8.866620531124587423e-03 1.991895554263667378e-01 0.000000000000000000e+00 8.480496468013160039e-01 -3.264086428810781542e-16 5.434839191996911067e-02 0.000000000000000000e+00
6.400000000000000000e+01 1.005097668794640992e-01 7.154794352363265680e-06 2.127593411538195034e-01 0.000000000000000000e+00 8.188715573286975413e-01 -3.226532589144911873e-16 6.250919456913259231e-02 0.000000000000000000e+00
1.280000000000000000e+02 8.562103804649068284e-02 5.480500724217410346e-04 1.744586868012825698e-01 0.000000000000000000e+00 7.890937570032844350e-01 -3.041489678687615208e-16 5.786138895798079856e-02 0.000000000000000000e+00
2.560000000000000000e+02 1.551073672047160491e-02 5.007800577371542905e-04 1.622894152891500019e-01 0.000000000000000000e+00 7.384159038162968480e-01 -2.816402509829294457e-16 6.864797211752836359e-02 0.000000000000000000e+00
5.120000000000000000e+02 -2.070409599155985294e-03 6.801493581101396638e-03 1.309818419172357473e-01 0.000000000000000000e+00 6.778096964900304222e-01 -2.676630505228823874e-16 9.025999127245872000e-02 0.000000000000000000e+00
1.024000000000000000e+03 -5.640363117557339184e-02 -8.186635315950680598e-04 1.579462065754695388e-01 0.000000000000000000e+00 6.108439490047438136e-01 -2.342549647281235792e-16 1.008080648896475667e-01 0.000000000000000000e+00
2.048000000000000000e+03 5.257318393810578999e-02 2.361994456144086551e-03 1.405040008552860265e-01 0.000000000000000000e+00 5.614545688226050268e-01 -2.175849576229313969e-16 1.043986743843013515e-01 0.000000000000000000e+00
4.096000000000000000e+03 3.151219828279067103e-02 -1.667476793102373039e-03 1.193612381556398150e-01 0.000000000000000000e+00 4.583041970491040784e-01 -1.821163485771940586e-16 1.225233190735622729e-01 0.000000000000000000e+00
8.192000000000000000e+03 -3.416447179699905884e-02 4.276665980781642340e-03 1.234676381535236289e-01 0.000000000000000000e+00 3.552513190348207117e-01 -1.359533415548955142e-16 1.524721694493158808e-01 0.000000000000000000e+00
1.638400000000000000e+04 1.743994923805330943e-02 1.278816349710348334e-02 9.675573135812214065e-02 0.000000000000000000e+00 3.238760851100136451e-01 -1.229484119059203360e-16 1.247279982587725239e-01 0.000000000000000000e+00
3.276800000000000000e+04 1.082319564313283244e-02 -5.022975190029350598e-03 9.343922057452921925e-02 0.000000000000000000e+00 2.346857356372463455e-01 -9.993538373363248787e-17 1.443246351295740804e-01 0.000000000000000000e+00
6.553600000000000000e+04 1.804157836595074102e-02 -8.619336914153032797e-03 9.035341949113610827e-02 0.000000000000000000e+00 2.146087609364017157e-01 -8.542256914770567648e-17 1.075463798669285542e-01 0.000000000000000000e+00
1.310720000000000000e+05 2.524697132203373648e-02 4.930508675898412872e-03 9.469362461953294285e-02 0.000000000000000000e+00 1.275950351288644147e-01 -4.895412391736786903e-17 1.177712722515557170e-01 0.000000000000000000e+00
2.621440000000000000e+05 4.963548003340861187e-02 2.662524438048559025e-02 1.031715578899582014e-01 0.000000000000000000e+00 1.031509107416463539e-01 -3.798457230684475038e-17 1.409511078537642181e-01 0.000000000000000000e+00
5.242880000000000000e+05 1.298765020041253195e-02 4.434651862362207209e-02 9.166110586595714593e-02 0.000000000000000000e+00 6.662281417966771369e-02 -2.712811334258065710e-17 1.258158849581589300e-01 0.000000000000000000e+00
1.048576000000000000e+06 -2.470032837147071586e-02 3.349396230057812007e-02 9.867559506580567130e-02 0.000000000000000000e+00 3.052874921155461843e-02 -1.857378193556290927e-17 1.202951388995112392e-01 0.000000000000000000e+00
2.097152000000000000e+06 -1.433784431114596379e-02 -1.722728357345953629e-02 9.601737689214213944e-02 0.000000000000000000e+00 6.885802494565397558e-02 -3.373501819918162395e-17 1.260024506189826310e-01 0.000000000000000000e+00
4.194304000000000000e+06 -1.599956085469891875e-02 3.719953149807054410e-02 7.149323596603100739e-02 0.000000000000000000e+00 -1.159979011117242068e-02 -3.587588299859973580e-18 9.951945220833142980e-02 0.000000000000000000e+00
8.388608000000000000e+06 7.334269255557570796e-03 6.182208757528573524e-03 8.787867627238928059e-02 0.000000000000000000e+00 9.876713204970119508e-03 -5.679006801797770835e-18 9.704929954167006156e-02 0.000000000000000000e+00
1.677721600000000000e+07 1.633234836886685373e-02 7.448194776211068506e-03 8.199333530599164921e-02 0.000000000000000000e+00 2.503898088206859412e-02 -1.504892456385936387e-17 9.896734979027840828e-02 0.000000000000000000e+00
3.355443200000000000e+07 4.569716288167759329e-03 1.823162035705644087e-03 8.068453845146252024e-02 0.000000000000000000e+00 -3.002806792532282040e-02 1.272682394534004029e-17 1.031631887870992914e-01 0.000000000000000000e+00
6.710886400000000000e+07 1.657596006745557307e-02 1.531436383111906170e-02 7.860839778223044361e-02 0.000000000000000000e+00 -2.819830605337942525e-02 2.943264619526096973e-18 8.970388314668728547e-02 0.000000000000000000e+00
1.342177280000000000e+08 -1.590271820627299493e-02 3.095577230302730409e-02 9.946373341590190875e-02 0.000000000000000000e+00 2.392030323900708882e-02 -9.310298324292606004e-18 1.401707618580256554e-01 0.000000000000000000e+00
2.684354560000000000e+08 1.866901085799274954e-02 3.671999246645226388e-03 1.085833642542352873e-01 0.000000000000000000e+00 5.390837054940906398e-02 -3.395444293463668710e-17 1.354553836664041111e-01 0.000000000000000000e+00
5.368709120000000000e+08 3.951517690165677610e-02 2.463303733642054072e-02 9.004704858366348319e-02 0.000000000000000000e+00 2.848995035176926302e-02 -1.228881032565764843e-17 1.278950578351231715e-01 0.000000000000000000e+00
1.073741824000000000e+09 -2.192239323531516154e-02 -3.127207131887687480e-02 1.009066921969361957e-01 0.000000000000000000e+00 8.034790128286074459e-03 -7.801157131966868299e-18 1.281599275774979452e-01 0.000000000000000000e+00
2.147483648000000000e+09 1.521174071203722049e-02 8.902461885493971952e-03 8.066668495484315138e-02 0.000000000000000000e+00 2.458498520498438727e-02 -1.225322167031235765e-17 1.177149147703044907e-01 0.000000000000000000e+00
4.294967296000000000e+09 -3.957720383139295105e-03 1.837474197057764684e-05 9.051765363470803960e-02 0.000000000000000000e+00 8.672210307766405057e-02 -4.001007208937772872e-17 1.316155634490267790e-01 0.000000000000000000e+00
8.589934592000000000e+09 1.815368994045888848e-02 -1.861897463884632647e-02 9.882751906104221551e-02 0.000000000000000000e+00 2.056093887920390842e-02 -1.541731946037895963e-17 1.140916749115506029e-01 0.000000000000000000e+00
1.717986918400000000e+10 8.092378792532691281e-03 5.173519979369143630e-03 9.636737442365012063e-02 0.000000000000000000e+00 1.870361706015475495e-02 -1.294054819659677118e-17 1.135945977796636169e-01 0.000000000000000000e+00
3.435973836800000000e+10 2.021461715486021909e-02 1.191171237142588796e-02 8.756738687990588133e-02 0.000000000000000000e+00 1.999119153346621148e-03 2.675889807306422733e-18 1.228665382869118389e-01 0.000000000000000000e+00
6.871947673600000000e+10 -5.283672713042640665e-04 1.147598511206254605e-02 1.000296688451308147e-01 0.000000000000000000e+00 -2.480505688367077091e-02 -1.650566925326739322e-18 1.238684751429211944e-01 0.000000000000000000e+00
1.374389534720000000e+11 -1.503903391623099195e-03 -2.610451590458227195e-03 9.815623345469860761e-02 0.000000000000000000e+00 4.092984814550591072e-02 -1.903741562695014772e-17 9.851655659513552932e-02 0.000000000000000000e+00
2.748779069440000000e+11 8.975914204538991198e-04 1.641503974937476935e-04 8.645831823498613400e-02 0.000000000000000000e+00 -3.364744260884616062e-02 7.705792104489585307e-18 1.387573975622854727e-01 0.000000000000000000e+00
5.497558138880000000e+11 7.850449711219538353e-04 2.918930955804809740e-02 8.792026723629109419e-02 0.000000000000000000e+00 1.876484895376610493e-02 -2.076016550913162791e-17 1.179274440429835397e-01 0.000000000000000000e+00
