
# dim_loc 4
# L 2
# n_dis 100
# JZZ 1.0
# hZ 1.0
# hX 1.0
# alphas [ 0.1+0.17320508j  1.0+0.j          0.1-0.17320508j]
# betas [ 0.1  0.6  0.1]
# lambdas [ 0.1  1.   0.1]
# phi 1.0471975511965976
# lambd 0.6
# gap 0.392699081699 4.47062266131e-31
# shifted_gap 0.245903190389 0.0378350174503
# shifted_gap_2 0.00223014222007 4.09986361291e-06
# log10_gap -0.567007125639 0.00733434462999
# log10_shifted_gap -0.869642816903 0.297609878285
# log10_shifted_gap_2 -4.06335017118 0.57182090537
# ratio 0.408962257906 0.0150533894011
# time	Re(Z)\Im(Z)	Var(Re(Z))	Var(Im(Z))
1.000000000000000000e+00 7.959356834764639288e-01 -3.095959855384414303e-06 3.339374754533843553e-02 0.000000000000000000e+00 9.969514978853339926e-01 -2.377019665380085194e-16 2.129650556594508962e-05 0.000000000000000000e+00
2.000000000000000000e+00 3.968959537104461699e-01 4.282784618821143508e-05 2.479409094094841004e-01 0.000000000000000000e+00 9.967166962850075862e-01 -1.128905809728285837e-16 1.707892659126249008e-05 0.000000000000000000e+00
4.000000000000000000e+00 1.705332223219064580e-01 3.653735159306932991e-06 3.423565327873451802e-01 0.000000000000000000e+00 9.948784264260612797e-01 -3.363218262884972767e-16 6.790904914825003462e-05 0.000000000000000000e+00
8.000000000000000000e+00 -6.407349894717134483e-04 -1.225543279869797855e-04 3.836689993380834052e-01 0.000000000000000000e+00 9.906521083770054581e-01 -3.355448084265808313e-16 4.017589147808679696e-04 0.000000000000000000e+00
1.600000000000000000e+01 4.360842446648579424e-02 3.111327593388842939e-04 3.731237992666402437e-01 0.000000000000000000e+00 9.827473462039052476e-01 -3.408364620245569132e-16 1.453593513664336312e-03 0.000000000000000000e+00
3.200000000000000000e+01 5.529473563981082002e-02 -4.835595727535711431e-05 3.442925411114051704e-01 0.000000000000000000e+00 9.600184539822274044e-01 -3.288550180118755149e-16 1.094580918130515744e-02 0.000000000000000000e+00
6.400000000000000000e+01 -1.478420236347454883e-02 3.769847800671169067e-05 3.537957346306515594e-01 0.000000000000000000e+00 9.208141414654481549e-01 -3.169062824814853212e-16 1.419666344283991230e-02 0.000000000000000000e+00
1.280000000000000000e+02 1.010526684110063696e-02 -1.560204095821417355e-03 3.110978737155485896e-01 0.000000000000000000e+00 8.503032391892307862e-01 -2.929400232614893341e-16 3.696469974531907399e-02 0.000000000000000000e+00
2.560000000000000000e+02 1.319916191664402202e-02 1.955061034322050102e-03 2.587268026774574570e-01 0.000000000000000000e+00 8.093121194339536473e-01 -2.807114195535627784e-16 4.351881458507249334e-02 0.000000000000000000e+00
5.120000000000000000e+02 3.504132087784458255e-02 2.594065654090244206e-03 2.087820283705490443e-01 0.000000000000000000e+00 7.585768637254195479e-01 -2.613722128035727481e-16 4.600716027871860903e-02 0.000000000000000000e+00
1.024000000000000000e+03 3.547228561970732896e-03 1.020665614478337424e-02 2.070456023629330400e-01 0.000000000000000000e+00 6.297897436380011094e-01 -2.129619281168485881e-16 7.688477267683584138e-02 0.000000000000000000e+00
2.048000000000000000e+03 -4.726925112419798347e-02 -7.278797534113632707e-03 1.966445765680724655e-01 0.000000000000000000e+00 5.894822883696752003e-01 -2.010680222391354502e-16 1.325098248370158993e-01 0.000000000000000000e+00
4.096000000000000000e+03 2.550408381656113152e-02 -9.828142994297484406e-03 1.963988646307015251e-01 0.000000000000000000e+00 5.532788119998752752e-01 -1.791903978348577096e-16 1.260658424392457344e-01 0.000000000000000000e+00
8.192000000000000000e+03 3.170928346313166453e-03 2.705681654903365624e-02 1.554445095604390092e-01 0.000000000000000000e+00 4.711957401461620010e-01 -1.612549362688428607e-16 1.392468454103797382e-01 0.000000000000000000e+00
1.638400000000000000e+04 -4.285235935898532370e-03 -6.615996005228015793e-03 1.362613223281033958e-01 0.000000000000000000e+00 3.275861162275102711e-01 -1.061782203953081656e-16 1.433742563479396548e-01 0.000000000000000000e+00
3.276800000000000000e+04 1.678288319483768956e-02 4.940213659056500936e-03 1.435041405826035232e-01 0.000000000000000000e+00 2.842793694868729348e-01 -9.148460054477854741e-17 2.019284113596107877e-01 0.000000000000000000e+00
6.553600000000000000e+04 -2.805762895680026861e-02 1.208608752189665667e-02 1.684043416695760464e-01 0.000000000000000000e+00 3.000170641062681609e-01 -9.775480897620534225e-17 1.516460328018697790e-01 0.000000000000000000e+00
1.310720000000000000e+05 7.058398951020800061e-02 2.630964501929969335e-03 1.521651210977831015e-01 0.000000000000000000e+00 2.461413838740806603e-01 -7.637211436753648633e-17 1.693623403727873289e-01 0.000000000000000000e+00
2.621440000000000000e+05 -3.592490077715564806e-02 1.934970751332235755e-02 1.344651066758065505e-01 0.000000000000000000e+00 8.438711539306847920e-02 -3.301864711735732489e-17 1.838763375001030986e-01 0.000000000000000000e+00
5.242880000000000000e+05 1.563421770398094185e-02 1.705269012189465291e-02 1.370908839653595668e-01 0.000000000000000000e+00 1.249917324401334517e-01 -4.168137681898073634e-17 2.169743526851014570e-01 0.000000000000000000e+00
1.048576000000000000e+06 -2.144142809026051977e-02 -1.604196812738759720e-02 1.516892824091298220e-01 0.000000000000000000e+00 1.124278212970077628e-01 -4.339803576688251584e-17 2.078424272474798939e-01 0.000000000000000000e+00
2.097152000000000000e+06 3.038328851429078492e-02 -4.731093334470852507e-03 1.299751821837650811e-01 0.000000000000000000e+00 4.141087792965054276e-02 -8.782136549467188946e-18 1.577031765563788324e-01 0.000000000000000000e+00
4.194304000000000000e+06 3.996917541499658139e-02 -7.514475758374648297e-03 1.249694875627957169e-01 0.000000000000000000e+00 3.812223093106761190e-02 -2.395152190136236705e-18 1.582831029362875563e-01 0.000000000000000000e+00
8.388608000000000000e+06 1.879970335162829687e-02 2.254562887518804515e-02 1.461446761763207369e-01 0.000000000000000000e+00 3.481358976360208329e-02 -8.999237278824320885e-18 2.090433808856806686e-01 0.000000000000000000e+00
1.677721600000000000e+07 -4.256131897534264595e-03 7.995900939361120369e-03 1.428721570273423780e-01 0.000000000000000000e+00 -1.586448320443233778e-02 6.870950693712328906e-18 1.988557127626596477e-01 0.000000000000000000e+00
3.355443200000000000e+07 1.607356424811565848e-02 -2.150673471332495423e-02 1.371964330899791418e-01 0.000000000000000000e+00 -3.682407237061661055e-03 -3.076812811059904060e-18 1.667587628937716171e-01 0.000000000000000000e+00
6.710886400000000000e+07 -1.383833953163190501e-02 1.221135244986063483e-02 1.479392589491624332e-01 0.000000000000000000e+00 -5.363578395376558672e-02 2.783483702120608608e-17 2.056266998760338249e-01 0.000000000000000000e+00
1.342177280000000000e+08 3.702250951155222625e-02 -3.199795351198960608e-02 1.286225551284507218e-01 0.000000000000000000e+00 5.504534766989110928e-02 -2.346709720325391381e-17 1.770394081016900267e-01 0.000000000000000000e+00
2.684354560000000000e+08 2.382206320742942529e-02 2.944185470840339838e-02 1.431406056536267402e-01 0.000000000000000000e+00 1.277237529192090139e-02 3.491297081979043091e-18 1.668539340522040837e-01 0.000000000000000000e+00
5.368709120000000000e+08 -7.270740917556918828e-04 -1.869982582519046782e-02 1.401577436634838802e-01 0.000000000000000000e+00 9.354468358040138667e-03 3.516246840551451005e-18 1.893895771526898086e-01 0.000000000000000000e+00
1.073741824000000000e+09 -1.554316154079983005e-02 1.520750254379189814e-02 1.645575621772699948e-01 0.000000000000000000e+00 7.378507033931956671e-02 -2.899061951283694799e-17 1.803083745800345417e-01 0.000000000000000000e+00
2.147483648000000000e+09 4.383846783185344105e-03 -7.518540055591351606e-03 1.611139529659860181e-01 0.000000000000000000e+00 -2.567810985496041254e-02 7.726665142408129625e-18 1.738928873094647276e-01 0.000000000000000000e+00
4.294967296000000000e+09 3.529788332339734575e-02 -3.179757301279348414e-02 1.270197137811989174e-01 0.000000000000000000e+00 -1.416876615705330369e-02 9.694435353974537357e-18 1.491599673944344062e-01 0.000000000000000000e+00
8.589934592000000000e+09 -8.710981903944130939e-03 -5.215998190766583421e-03 1.240449166396522668e-01 0.000000000000000000e+00 6.898366464846618189e-03 -1.619481338684337920e-18 1.436350043897163253e-01 0.000000000000000000e+00
1.717986918400000000e+10 -4.716963355149798170e-02 2.255968803917650020e-02 1.633146623436763645e-01 0.000000000000000000e+00 -2.525921161227066836e-02 9.333159220581071135e-18 1.813662802013110698e-01 0.000000000000000000e+00
3.435973836800000000e+10 -7.957469059494445829e-03 -7.010238329215430324e-03 1.190574014388800367e-01 0.000000000000000000e+00 -3.063517192725822083e-02 2.017258079335002353e-17 1.474931947283157907e-01 0.000000000000000000e+00
6.871947673600000000e+10 -1.201776325510201665e-02 -9.753845999257104715e-03 1.625682183891133670e-01 0.000000000000000000e+00 3.877533105639507233e-02 -5.767211225859667536e-18 1.842548482710562319e-01 0.000000000000000000e+00
1.374389534720000000e+11 1.177732200593254244e-02 -3.029156791296981361e-03 1.381555302639530802e-01 0.000000000000000000e+00 9.948572301633533399e-03 1.253042753698148843e-18 1.649455067069472980e-01 0.000000000000000000e+00
2.748779069440000000e+11 -5.904732064229514278e-03 -6.167481349348364304e-03 1.286607194646974817e-01 0.000000000000000000e+00 1.055218864345540061e-02 2.054167678475315639e-19 1.759781859212269373e-01 0.000000000000000000e+00
5.497558138880000000e+11 -2.171106743830369598e-02 -2.438058939337702305e-02 1.548901423062338800e-01 0.000000000000000000e+00 5.144552401949401693e-02 -9.684470803149025469e-18 1.517428217981440786e-01 0.000000000000000000e+00
