
# dim_loc 4
# L 3
# n_dis 100
# JZZ 1.0
# hZ 1.0
# hX 1.0
# alphas [ 0.2+0.34641016j  1.0+0.j          0.2-0.34641016j]
# betas [ 0.1  0.2  0.1]
# lambdas [ 0.1  1.   0.1]
# phi 1.0471975511965976
# lambd 0.2
# gap 0.0981747704247 2.78566507156e-32
# shifted_gap 0.0118669330988 0.000126292066683
# shifted_gap_2 0.00142028977306 4.29586270777e-06
# log10_gap -1.193198966 0.00361472973757
# log10_shifted_gap -2.61087339356 0.550386653001
# log10_shifted_gap_2 -4.47903972286 0.688333287697
# ratio 0.414457689939 0.00576104991078
# time	Re(Z)\Im(Z)	Var(Re(Z))	Var(Im(Z))
1.000000000000000000e+00 9.780744582350298089e-01 -1.114327381244092772e-04 5.019930474371264413e-04 0.000000000000000000e+00 9.937032497415326793e-01 -2.509610297320434269e-16 5.807863622219260703e-05 0.000000000000000000e+00
2.000000000000000000e+00 9.436280261253912061e-01 -3.833481449735955500e-05 5.325347681872090282e-03 0.000000000000000000e+00 9.867956043543857358e-01 -1.352155247029932019e-16 4.404238088937813917e-04 0.000000000000000000e+00
4.000000000000000000e+00 8.636590132565123978e-01 4.170808646882479356e-04 4.365289409926823017e-02 0.000000000000000000e+00 9.681632450568430359e-01 -3.707392133243662814e-16 3.358599161399017721e-03 0.000000000000000000e+00
8.000000000000000000e+00 7.520573831347928673e-01 3.514425734554383739e-03 1.458826123024399846e-01 0.000000000000000000e+00 9.407454996494638566e-01 -3.592098406025702217e-16 1.851499324899448864e-02 0.000000000000000000e+00
1.600000000000000000e+01 7.247319004270610376e-01 2.393081611048674794e-03 1.625310483874431167e-01 0.000000000000000000e+00 9.132916037580666169e-01 -3.530195046278882030e-16 4.167163327171810594e-02 0.000000000000000000e+00
3.200000000000000000e+01 6.508840795886938757e-01 -3.709718265784875315e-03 2.038127434416707184e-01 0.000000000000000000e+00 8.796790481004232998e-01 -3.357359939411946301e-16 7.160807868757158856e-02 0.000000000000000000e+00
6.400000000000000000e+01 5.805329724765533328e-01 -6.544257859949453165e-03 2.430739022481589462e-01 0.000000000000000000e+00 8.643409011715431634e-01 -3.305922287415623505e-16 6.295414151910912193e-02 0.000000000000000000e+00
1.280000000000000000e+02 5.200107347095355159e-01 -1.117041761810413057e-02 2.295872971138312735e-01 0.000000000000000000e+00 8.272831939118220346e-01 -3.210139806438931073e-16 8.583345356596054632e-02 0.000000000000000000e+00
2.560000000000000000e+02 3.929893836617145975e-01 -4.550505992903892613e-03 2.674428310209568393e-01 0.000000000000000000e+00 7.971311125198650149e-01 -3.102466895128903392e-16 9.128428436038871219e-02 0.000000000000000000e+00
5.120000000000000000e+02 2.786894406201702035e-01 -8.117871500994744416e-03 2.792228218545765306e-01 0.000000000000000000e+00 7.401719346662141152e-01 -2.911003601252066433e-16 1.116518262927845423e-01 0.000000000000000000e+00
1.024000000000000000e+03 1.667506829361480036e-01 -2.758244309272562395e-03 2.651283021578854648e-01 0.000000000000000000e+00 6.802192501659793944e-01 -2.661350620462132105e-16 1.041513468869653958e-01 0.000000000000000000e+00
2.048000000000000000e+03 1.109006864593717334e-01 -1.124128134413509943e-02 2.442509500868154382e-01 0.000000000000000000e+00 5.700520264423006855e-01 -2.250130451292221472e-16 1.501382195904576999e-01 0.000000000000000000e+00
4.096000000000000000e+03 1.200870484107092184e-01 -8.429055567965358306e-03 1.989069801142461236e-01 0.000000000000000000e+00 5.494427557887594515e-01 -2.144254825838443183e-16 1.335700904546974765e-01 0.000000000000000000e+00
8.192000000000000000e+03 3.587515767454994148e-02 -1.747824309474554742e-03 1.884143180503375092e-01 0.000000000000000000e+00 4.777107837117093858e-01 -1.976404009411061984e-16 1.540655092101408663e-01 0.000000000000000000e+00
1.638400000000000000e+04 1.858564397862823639e-02 -4.571188112326800106e-03 1.473011175370320391e-01 0.000000000000000000e+00 3.982529770445510375e-01 -1.607028758221883341e-16 1.504389835146794918e-01 0.000000000000000000e+00
3.276800000000000000e+04 -1.325220211293053584e-02 -6.516955141867495610e-07 1.438756390635174964e-01 0.000000000000000000e+00 3.563292845364957606e-01 -1.445197231252255453e-16 1.545388947573541893e-01 0.000000000000000000e+00
6.553600000000000000e+04 2.766837342375700823e-02 -1.672229164540935814e-02 1.504761824344727494e-01 0.000000000000000000e+00 3.050368744043570612e-01 -1.205111420077437952e-16 1.580422694273253270e-01 0.000000000000000000e+00
1.310720000000000000e+05 -5.215999702212491089e-03 -8.681708977252166129e-03 1.213713674953464938e-01 0.000000000000000000e+00 2.411996108176305831e-01 -9.141063534625254716e-17 1.746788497034820475e-01 0.000000000000000000e+00
2.621440000000000000e+05 -1.838494316702374287e-02 2.983308039662263197e-02 1.448199985307498938e-01 0.000000000000000000e+00 2.596199605051409121e-01 -1.056080951413011249e-16 1.972730540517207976e-01 0.000000000000000000e+00
5.242880000000000000e+05 9.268280394298696392e-03 4.975140187762316620e-04 1.542254383337689494e-01 0.000000000000000000e+00 1.851143573253071217e-01 -6.709601387891626400e-17 1.722553219450440598e-01 0.000000000000000000e+00
1.048576000000000000e+06 -1.000632161842678232e-02 3.398579678846617297e-02 1.375220493601604366e-01 0.000000000000000000e+00 9.345966135884394010e-02 -4.538123298144410656e-17 1.645966834442690319e-01 0.000000000000000000e+00
2.097152000000000000e+06 -4.034428358563452166e-02 -4.826762292739993770e-03 1.181512724234788647e-01 0.000000000000000000e+00 4.720678011871632523e-02 -2.923400193521931486e-17 1.739595456694224551e-01 0.000000000000000000e+00
4.194304000000000000e+06 1.322231382307976870e-02 -4.149877740447115160e-02 1.432546828687735474e-01 0.000000000000000000e+00 4.900654880991123750e-03 -5.284617081753407093e-18 1.457759760605306654e-01 0.000000000000000000e+00
8.388608000000000000e+06 2.631570479034528454e-02 2.175839193299093990e-02 1.531785043145057201e-01 0.000000000000000000e+00 -2.727091411599662577e-02 -1.857533324797909669e-18 1.692770388584952101e-01 0.000000000000000000e+00
1.677721600000000000e+07 2.581580092533523538e-02 -4.127022648985657904e-02 1.226306402498568843e-01 0.000000000000000000e+00 -9.889852148247616631e-03 -7.135515895382652052e-18 1.325170266716284573e-01 0.000000000000000000e+00
3.355443200000000000e+07 -5.046245606597585948e-02 -7.889686672084974400e-03 1.390037059716883183e-01 0.000000000000000000e+00 -1.193361553717895741e-02 -1.603390216542380446e-18 1.390397087287186528e-01 0.000000000000000000e+00
6.710886400000000000e+07 -1.498784436020209575e-02 -2.108525320227805019e-02 1.302212188857622688e-01 0.000000000000000000e+00 -3.652669524642317839e-02 7.250146309839006020e-18 1.214512560185960349e-01 0.000000000000000000e+00
1.342177280000000000e+08 7.228164057433771744e-03 7.233232495056396731e-04 1.306289987647840378e-01 0.000000000000000000e+00 2.660841457362990436e-02 -1.044626819659414457e-17 1.418696088970581859e-01 0.000000000000000000e+00
2.684354560000000000e+08 -4.906319559245332466e-03 -4.428895379991259346e-02 1.458610974068222377e-01 0.000000000000000000e+00 -4.166781669000241967e-02 9.834050861205642934e-18 1.675982640138829194e-01 0.000000000000000000e+00
5.368709120000000000e+08 -9.271857879207093950e-03 1.832290137323004404e-03 1.303687104453278844e-01 0.000000000000000000e+00 -7.454741569271830168e-03 6.556243823437049651e-18 1.299367174343498688e-01 0.000000000000000000e+00
1.073741824000000000e+09 -4.623494273242997367e-03 -3.782352705558941069e-02 1.416480272217687242e-01 0.000000000000000000e+00 -2.968321219848355647e-02 8.613928187992234633e-18 1.296187561273489663e-01 0.000000000000000000e+00
2.147483648000000000e+09 2.674519214879999066e-02 8.496310295960059818e-04 1.457996200797655739e-01 0.000000000000000000e+00 -8.468971264589161829e-03 -3.699142455479670190e-18 1.693106635599442022e-01 0.000000000000000000e+00
4.294967296000000000e+09 1.822155289368890957e-02 -3.389600070552273997e-02 1.448560833742132681e-01 0.000000000000000000e+00 -6.030331418040842800e-02 1.240715411255266545e-17 1.845891532615524522e-01 0.000000000000000000e+00
8.589934592000000000e+09 2.578364455010076148e-02 -1.265633625230454078e-02 1.496762206611464419e-01 0.000000000000000000e+00 2.808203163759689230e-02 -1.077523931549786291e-17 1.570660647910266938e-01 0.000000000000000000e+00
1.717986918400000000e+10 1.840993643407656810e-02 -6.588983690086069531e-03 1.333034782958039677e-01 0.000000000000000000e+00 -2.231532928728168982e-02 7.514546321592392476e-18 1.511036281259036107e-01 0.000000000000000000e+00
3.435973836800000000e+10 -3.129286191454035831e-02 1.538070637934415077e-02 1.515425907553585305e-01 0.000000000000000000e+00 -1.541595272999259428e-02 1.875174251136062645e-18 1.677041416225489023e-01 0.000000000000000000e+00
6.871947673600000000e+10 -2.990407192829100391e-02 -1.813829563322346891e-02 1.333998865942145617e-01 0.000000000000000000e+00 -3.388689840129575914e-02 1.174639857090390372e-17 1.439921261078788983e-01 0.000000000000000000e+00
1.374389534720000000e+11 -3.492174904767360311e-02 2.697237771505369558e-02 1.454606084138220234e-01 0.000000000000000000e+00 -1.947172100820638435e-02 -8.387449608319317943e-19 1.418257612582758398e-01 0.000000000000000000e+00
2.748779069440000000e+11 -1.144105751055577574e-02 -1.314750533208840742e-02 1.536002847214691658e-01 0.000000000000000000e+00 4.985248190900271568e-03 -5.786112414189652486e-18 1.644817146093711935e-01 0.000000000000000000e+00
5.497558138880000000e+11 -3.916913345300454541e-02 -1.039070961692106256e-02 1.415963609404419510e-01 0.000000000000000000e+00 1.245695746150784176e-02 -7.726023745800857105e-18 1.344467241538178925e-01 0.000000000000000000e+00
