
# dim_loc 4
# L 6
# n_dis 100
# JZZ 1.0
# hZ 1.0
# hX 1.0
# alphas [ 0.15+0.25980762j  1.00+0.j          0.15-0.25980762j]
# betas [ 0.1  0.4  0.1]
# lambdas [ 0.1  1.   0.1]
# phi 1.0471975511965976
# lambd 0.4
# gap 0.00153398078789 6.82256921217e-36
# shifted_gap 0.00263417360321 2.63870585429e-06
# shifted_gap_2 0.000120551749862 1.57371350887e-08
# log10_gap -2.95870308546 0.00222607497906
# log10_shifted_gap -2.92830922384 0.243156910673
# log10_shifted_gap_2 -4.90528425166 1.47866645556
# ratio 0.471244799355 0.00269399438527
# time	Re(Z)\Im(Z)	Var(Re(Z))	Var(Im(Z))
1.000000000000000000e+00 9.049486748509850687e-01 -1.187459270076759563e-05 6.895437687922472379e-03 0.000000000000000000e+00 9.929280158373089415e-01 -2.423280294830731010e-16 7.552722222405867751e-05 0.000000000000000000e+00
2.000000000000000000e+00 7.463231284460770665e-01 -3.140165899362318334e-04 5.816975580435407300e-02 0.000000000000000000e+00 9.819194956383988648e-01 -1.192462357369671722e-16 8.390068112178163335e-04 0.000000000000000000e+00
4.000000000000000000e+00 5.621184951044432276e-01 -1.768375988240570088e-03 1.850680828149687263e-01 0.000000000000000000e+00 9.564342584658110935e-01 -3.433201243841248061e-16 6.812610815437231820e-03 0.000000000000000000e+00
8.000000000000000000e+00 5.051583140326346699e-01 -3.585693919332288288e-03 1.617379715925963968e-01 0.000000000000000000e+00 9.142493723463768207e-01 -3.261713805075157646e-16 3.022658066279859668e-02 0.000000000000000000e+00
1.600000000000000000e+01 4.445092145711671550e-01 -2.847916352277653912e-03 1.564786787920311451e-01 0.000000000000000000e+00 8.814911305099092376e-01 -3.140826783343696290e-16 4.007124571921791972e-02 0.000000000000000000e+00
3.200000000000000000e+01 3.971730732215207893e-01 -3.003309093074220653e-03 1.410883317617986910e-01 0.000000000000000000e+00 8.322002708858612374e-01 -2.977276172063332586e-16 5.443325662711056417e-02 0.000000000000000000e+00
6.400000000000000000e+01 3.253353765175201473e-01 -2.344498054183309296e-03 1.283936999324904460e-01 0.000000000000000000e+00 7.844422161366690904e-01 -2.806648762458875385e-16 6.133434713288000301e-02 0.000000000000000000e+00
1.280000000000000000e+02 2.387813493444313206e-01 -2.646074083445348717e-03 1.204579666516292918e-01 0.000000000000000000e+00 7.280127781811680521e-01 -2.602046741199035487e-16 6.913722682618458903e-02 0.000000000000000000e+00
2.560000000000000000e+02 1.799026662142226840e-01 -1.293420296726028500e-03 1.081280739418786913e-01 0.000000000000000000e+00 6.706008197834004703e-01 -2.409522848324795525e-16 7.848209989885027160e-02 0.000000000000000000e+00
5.120000000000000000e+02 1.345809968405401735e-01 1.019696727514024992e-03 9.007675732933946577e-02 0.000000000000000000e+00 6.123763362400996835e-01 -2.200541531913153335e-16 8.849170474845284573e-02 0.000000000000000000e+00
1.024000000000000000e+03 8.125750690865736481e-02 2.688073352398141292e-04 8.189525435011667243e-02 0.000000000000000000e+00 5.647705474075995769e-01 -2.044842010763965683e-16 9.761080884872871954e-02 0.000000000000000000e+00
2.048000000000000000e+03 7.895354956998308638e-02 6.939632077652129350e-04 6.675118421086805032e-02 0.000000000000000000e+00 5.217995803543054034e-01 -1.912064540279406963e-16 1.001401928203441566e-01 0.000000000000000000e+00
4.096000000000000000e+03 6.047115938020577314e-02 -2.728340589357777435e-05 5.488768230726084885e-02 0.000000000000000000e+00 4.825100844053571425e-01 -1.750122648182502137e-16 1.052761716946161996e-01 0.000000000000000000e+00
8.192000000000000000e+03 3.338711774556182843e-02 1.313303050582539716e-03 4.853162826085886949e-02 0.000000000000000000e+00 4.303049900923974769e-01 -1.567843650095447817e-16 1.166100210790299713e-01 0.000000000000000000e+00
1.638400000000000000e+04 2.233221885319265632e-02 9.315784187456046693e-04 3.934101370904367206e-02 0.000000000000000000e+00 3.806716135747668095e-01 -1.373063807048302757e-16 1.213351555410300403e-01 0.000000000000000000e+00
3.276800000000000000e+04 1.659782445666638240e-02 -1.169296856739603097e-03 4.824493467562561422e-02 0.000000000000000000e+00 3.282517018725836233e-01 -1.178370658847918825e-16 1.257770161988530089e-01 0.000000000000000000e+00
6.553600000000000000e+04 2.854225867871176131e-02 4.620640855533860412e-03 3.971831336095243276e-02 0.000000000000000000e+00 2.787109863483798189e-01 -9.942874245219650834e-17 1.338746338250817181e-01 0.000000000000000000e+00
1.310720000000000000e+05 1.365312200057973782e-02 1.658729683937133553e-03 3.821204645691014118e-02 0.000000000000000000e+00 2.462509365483148416e-01 -8.830899431218470252e-17 1.225652369801989716e-01 0.000000000000000000e+00
2.621440000000000000e+05 2.988085853374865958e-02 1.303659845950339057e-03 3.387504527400458237e-02 0.000000000000000000e+00 2.063064771841306155e-01 -7.384620138456494146e-17 1.152146325190686882e-01 0.000000000000000000e+00
5.242880000000000000e+05 1.752081287064106638e-02 7.126383223032172398e-04 3.265690490803377366e-02 0.000000000000000000e+00 1.602550219222960426e-01 -5.871837151972251903e-17 1.028882576807652188e-01 0.000000000000000000e+00
1.048576000000000000e+06 8.879609001456149550e-03 5.987018751224770959e-03 1.618871120585473403e-02 0.000000000000000000e+00 1.081025368726816344e-01 -4.051355916985156730e-17 8.474557701633016193e-02 0.000000000000000000e+00
2.097152000000000000e+06 -1.715216765327490928e-02 -4.092344728442155050e-03 2.960166258378630136e-02 0.000000000000000000e+00 8.707699315992692424e-02 -3.270675193164304040e-17 7.044994113299610228e-02 0.000000000000000000e+00
4.194304000000000000e+06 3.242150354474648485e-03 -6.146974417439372493e-03 1.965640386902217998e-02 0.000000000000000000e+00 5.750263332823050966e-02 -2.342786419852946300e-17 6.525730965510770365e-02 0.000000000000000000e+00
8.388608000000000000e+06 3.682583041495004605e-03 2.839442494255241516e-03 2.133742239517602904e-02 0.000000000000000000e+00 6.383740381339209069e-02 -2.289566483207834144e-17 5.881360412951950473e-02 0.000000000000000000e+00
1.677721600000000000e+07 -3.022358512723869167e-03 2.955649166392875903e-03 1.275030869276151668e-02 0.000000000000000000e+00 5.313797310466002871e-02 -2.036300900797284040e-17 4.386688234614415788e-02 0.000000000000000000e+00
3.355443200000000000e+07 -9.656062658341586086e-03 -8.127692992995374024e-03 1.510389511813597409e-02 0.000000000000000000e+00 3.367219827544190580e-02 -1.363801034400211469e-17 3.582089217844577206e-02 0.000000000000000000e+00
6.710886400000000000e+07 -8.359478380521432120e-03 7.695559979527540171e-05 1.509830884356919839e-02 0.000000000000000000e+00 3.543399385412579483e-02 -1.236885328716177413e-17 2.968437300819511820e-02 0.000000000000000000e+00
1.342177280000000000e+08 -1.080082885154323366e-02 -1.495251478408901212e-03 1.479091997619158029e-02 0.000000000000000000e+00 6.593475518620500395e-03 -7.876572297384937292e-19 2.517720690375644874e-02 0.000000000000000000e+00
2.684354560000000000e+08 -3.309266881973232238e-03 4.793379355631279155e-03 1.825064609118129053e-02 0.000000000000000000e+00 4.941268494888492561e-03 -3.453932051014511873e-18 2.090005394176872033e-02 0.000000000000000000e+00
5.368709120000000000e+08 -2.338067419521485790e-03 2.016939088481254153e-03 1.770961721356720947e-02 0.000000000000000000e+00 -1.017002707525803233e-02 5.895992248656587972e-18 3.113550149210716003e-02 0.000000000000000000e+00
1.073741824000000000e+09 1.308976150978973570e-03 5.680723391715694105e-03 1.909305643891909959e-02 0.000000000000000000e+00 2.555936414553428015e-02 -8.436737570928034110e-18 2.378663303951882024e-02 0.000000000000000000e+00
2.147483648000000000e+09 -4.183502954714163813e-04 -6.111454896722147596e-03 1.902496484059615703e-02 0.000000000000000000e+00 1.459624611256442328e-02 -3.853113279346615617e-18 3.079331303093203048e-02 0.000000000000000000e+00
4.294967296000000000e+09 7.904637698829328554e-03 -1.147548813905650313e-03 1.442160815635660891e-02 0.000000000000000000e+00 1.135067347390954044e-02 -3.976956061794548886e-18 1.783278779291411556e-02 0.000000000000000000e+00
8.589934592000000000e+09 2.723495203489434760e-04 -2.859662223461874233e-03 1.916374753656139088e-02 0.000000000000000000e+00 -1.119421706892007214e-02 6.023909988233502212e-18 3.124197888553058647e-02 0.000000000000000000e+00
1.717986918400000000e+10 3.539530873372407748e-03 -7.516137566566646021e-03 1.486100293659919046e-02 0.000000000000000000e+00 -1.726154996958776874e-02 8.056518171593912262e-18 3.114653926301630751e-02 0.000000000000000000e+00
3.435973836800000000e+10 1.343860672287361564e-02 -1.450496102549159692e-02 1.945846801137300283e-02 0.000000000000000000e+00 7.897669652341166718e-03 -2.263899623700028812e-18 3.284807815653741775e-02 0.000000000000000000e+00
6.871947673600000000e+10 9.229072774680277882e-03 -1.201820633305118995e-03 1.720817948026047775e-02 0.000000000000000000e+00 1.750296365121758319e-02 -7.193839357507545644e-18 2.590083669698882776e-02 0.000000000000000000e+00
1.374389534720000000e+11 1.044929439056772359e-02 6.443033464727842934e-03 2.144833681258255867e-02 0.000000000000000000e+00 -2.422642273118713000e-03 -7.338634657062603840e-19 2.309349884767276581e-02 0.000000000000000000e+00
2.748779069440000000e+11 5.830698889255948869e-03 7.922341902632693694e-03 2.164592177213148227e-02 0.000000000000000000e+00 -3.187104664722053941e-03 1.697017562918210005e-18 3.200136280191595572e-02 0.000000000000000000e+00
5.497558138880000000e+11 4.901569095845091130e-03 -3.586629975965036576e-04 1.799111718239221336e-02 0.000000000000000000e+00 -1.013294261272586205e-02 4.443020792364143700e-18 2.094729644184838147e-02 0.000000000000000000e+00
