
# dim_loc 4
# L 6
# n_dis 100
# JZZ 1.0
# hZ 1.0
# hX 1.0
# alphas [ 0.225+0.38971143j  1.000+0.j          0.225-0.38971143j]
# betas [ 0.1  0.1  0.1]
# lambdas [ 0.1  1.   0.1]
# phi 1.0471975511965976
# lambd 0.1
# gap 0.00153398078789 6.76567528559e-36
# shifted_gap 0.000189107611788 4.87697651953e-08
# shifted_gap_2 5.13923588101e-05 5.60500924597e-09
# log10_gap -3.01934344065 0.000549725366391
# log10_shifted_gap -4.71173633591 0.744357954347
# log10_shifted_gap_2 -5.7529390819 0.948913937121
# ratio 0.412711869232 0.000356341783583
# time	Re(Z)\Im(Z)	Var(Re(Z))	Var(Im(Z))
1.000000000000000000e+00 9.899435363574621283e-01 -2.192468362230505765e-05 8.879362765236197073e-05 0.000000000000000000e+00 9.915520699949365024e-01 -2.516917823820674917e-16 8.934519589184562445e-05 0.000000000000000000e+00
2.000000000000000000e+00 9.748202936490073522e-01 7.561153841700926496e-05 8.264327237574323410e-04 0.000000000000000000e+00 9.795926671860103463e-01 -1.200227857081078199e-16 8.555464199988634848e-04 0.000000000000000000e+00
4.000000000000000000e+00 9.374913628787865383e-01 1.422410329600030466e-03 7.300007303554113987e-03 0.000000000000000000e+00 9.516874497902524377e-01 -3.595259286242479197e-16 6.658233400751625841e-03 0.000000000000000000e+00
8.000000000000000000e+00 8.651919540009269660e-01 3.431045442451071629e-03 4.624570746519367226e-02 0.000000000000000000e+00 9.038084241555102150e-01 -3.419452490749934193e-16 3.487478738732361500e-02 0.000000000000000000e+00
1.600000000000000000e+01 7.909420081919418255e-01 3.446786012315895559e-03 1.231238883187194683e-01 0.000000000000000000e+00 8.475248875297872742e-01 -3.217744242822387756e-16 9.446597581444010627e-02 0.000000000000000000e+00
3.200000000000000000e+01 7.778720182108435077e-01 -5.144938568152771299e-03 1.058186555105760929e-01 0.000000000000000000e+00 8.313117467483286394e-01 -3.141774568226479103e-16 8.700960060188098200e-02 0.000000000000000000e+00
6.400000000000000000e+01 7.598591943942952787e-01 -1.534734542913191238e-03 1.125271371003613297e-01 0.000000000000000000e+00 8.091421216886516277e-01 -3.054670445874078506e-16 9.276549021774448123e-02 0.000000000000000000e+00
1.280000000000000000e+02 7.449822533314853779e-01 -1.928079695747149207e-03 1.034782766736433435e-01 0.000000000000000000e+00 7.951717501593483783e-01 -3.009947520617263526e-16 9.756097283127258823e-02 0.000000000000000000e+00
2.560000000000000000e+02 7.106419126924835572e-01 -3.912810419102740432e-03 1.138840619979529373e-01 0.000000000000000000e+00 7.815002692286413533e-01 -2.945229045097691657e-16 8.528303356104585675e-02 0.000000000000000000e+00
5.120000000000000000e+02 6.787579707684421315e-01 -3.172119036910164315e-03 1.265535209607761280e-01 0.000000000000000000e+00 7.491477910917262450e-01 -2.811320764039366561e-16 1.110208297431873881e-01 0.000000000000000000e+00
1.024000000000000000e+03 6.616884113137484480e-01 -4.359246520981388019e-03 1.236458369618447933e-01 0.000000000000000000e+00 7.396907246670610947e-01 -2.773495394565382355e-16 1.015330113140403279e-01 0.000000000000000000e+00
2.048000000000000000e+03 6.251223183729810451e-01 -2.043863401195738887e-03 1.327905115572102224e-01 0.000000000000000000e+00 7.285974679318657499e-01 -2.710958030619195006e-16 1.035391190253204807e-01 0.000000000000000000e+00
4.096000000000000000e+03 5.626172750399031086e-01 -3.200677815760786474e-03 1.536278778631829933e-01 0.000000000000000000e+00 7.027080631918951603e-01 -2.661687394159956954e-16 1.064485022420046945e-01 0.000000000000000000e+00
8.192000000000000000e+03 4.963083712317085672e-01 -7.678275748021193628e-03 1.781944099829940453e-01 0.000000000000000000e+00 6.692719625375087578e-01 -2.499356034576042952e-16 1.200395491839865714e-01 0.000000000000000000e+00
1.638400000000000000e+04 4.324962838420577937e-01 -5.052778594557325205e-03 1.854168576569884541e-01 0.000000000000000000e+00 6.272685427760481547e-01 -2.359772425328118747e-16 1.267412288679237165e-01 0.000000000000000000e+00
3.276800000000000000e+04 3.504053602662178801e-01 -6.645156349625445068e-03 2.126275733610420993e-01 0.000000000000000000e+00 5.854751043473309657e-01 -2.149361895946437189e-16 1.346261401106212674e-01 0.000000000000000000e+00
6.553600000000000000e+04 3.021689635314113165e-01 2.215415627668236055e-03 1.999975783582908229e-01 0.000000000000000000e+00 5.238552641633585916e-01 -1.915145634571758887e-16 1.459615848617877021e-01 0.000000000000000000e+00
1.310720000000000000e+05 2.734610513308035618e-01 -4.649617225449009274e-03 1.666951310397860042e-01 0.000000000000000000e+00 4.728088165521722175e-01 -1.757676011076233343e-16 1.491381544071780363e-01 0.000000000000000000e+00
2.621440000000000000e+05 1.589930969663736482e-01 1.056953385018486076e-03 1.846900022716904954e-01 0.000000000000000000e+00 4.568001390811424756e-01 -1.687523861661110474e-16 1.271298984302688950e-01 0.000000000000000000e+00
5.242880000000000000e+05 1.292444793683568127e-01 6.454486849245272793e-03 1.481010637540452202e-01 0.000000000000000000e+00 3.239650080857798264e-01 -1.184347801741539731e-16 1.422520524429951583e-01 0.000000000000000000e+00
1.048576000000000000e+06 6.386600937047866300e-02 7.552397820987064546e-03 1.425305294685237367e-01 0.000000000000000000e+00 2.530673577904792304e-01 -9.282810621217699647e-17 1.606191953589699295e-01 0.000000000000000000e+00
2.097152000000000000e+06 7.576150964239425356e-02 -1.014722231880495727e-02 1.085916170185971252e-01 0.000000000000000000e+00 2.354188791621067978e-01 -8.726081773456623727e-17 1.208954850443281492e-01 0.000000000000000000e+00
4.194304000000000000e+06 6.933483352161354252e-02 3.623146997195652273e-03 9.985512074257664461e-02 0.000000000000000000e+00 1.829811082118407706e-01 -6.608838079452934007e-17 1.484038070036966528e-01 0.000000000000000000e+00
8.388608000000000000e+06 -1.207752884816663125e-02 1.859625511135373777e-02 9.749616266411069432e-02 0.000000000000000000e+00 1.542185062283930319e-01 -5.469355363280134712e-17 1.414007584469830492e-01 0.000000000000000000e+00
1.677721600000000000e+07 -2.696294416793897780e-02 -2.735594076780514718e-03 8.258001617792677662e-02 0.000000000000000000e+00 7.133467491434337948e-02 -1.983045737095719413e-17 1.088799236447067359e-01 0.000000000000000000e+00
3.355443200000000000e+07 8.396049461988937604e-03 -7.020971069491019692e-03 7.952629560518896523e-02 0.000000000000000000e+00 1.003342602483482116e-01 -3.469050555090130079e-17 9.954675873869987812e-02 0.000000000000000000e+00
6.710886400000000000e+07 -1.378624404798648589e-02 8.342586547518218189e-04 5.968985498878297963e-02 0.000000000000000000e+00 5.895128825619852520e-02 -2.171604365102558084e-17 7.852182796650705732e-02 0.000000000000000000e+00
1.342177280000000000e+08 -6.213747525806974717e-03 -3.375324681896255813e-02 7.474456852105568205e-02 0.000000000000000000e+00 4.908686463058339888e-02 -1.697414759136525412e-17 9.182632400988885446e-02 0.000000000000000000e+00
2.684354560000000000e+08 1.190288851844120005e-02 3.590788037762494226e-03 8.135812250054783035e-02 0.000000000000000000e+00 4.215123437004783535e-02 -1.142002171739485101e-17 1.098579036067692943e-01 0.000000000000000000e+00
5.368709120000000000e+08 -4.468592727903206857e-02 -1.086129314617138245e-03 7.540999271056948727e-02 0.000000000000000000e+00 3.409816962924525074e-02 -1.043985529432646568e-17 8.143910674209063616e-02 0.000000000000000000e+00
1.073741824000000000e+09 2.293129287542039832e-02 -7.362498516108086262e-03 8.112338622959071321e-02 0.000000000000000000e+00 2.695871229691068974e-02 -9.740944901114160746e-18 7.493092748063265307e-02 0.000000000000000000e+00
2.147483648000000000e+09 -1.130218468453190322e-02 2.913170922904483387e-02 1.053399437111769976e-01 0.000000000000000000e+00 -2.389152791566886286e-02 6.801958315795154554e-18 9.920296100240179327e-02 0.000000000000000000e+00
4.294967296000000000e+09 2.964557145101860258e-03 9.349185769107123132e-04 8.466617715471214112e-02 0.000000000000000000e+00 5.515709875425445219e-02 -2.021951692830159591e-17 7.881987629916664684e-02 0.000000000000000000e+00
8.589934592000000000e+09 1.223996071702119007e-02 -4.571655172978704267e-03 8.889822022501928100e-02 0.000000000000000000e+00 -4.250366821468354490e-03 3.879633994442030524e-18 8.282864600226431950e-02 0.000000000000000000e+00
1.717986918400000000e+10 -3.358561651578782781e-02 -1.710423377895351274e-02 8.275824393782856003e-02 0.000000000000000000e+00 6.855184382419060238e-03 4.250783497340866463e-20 8.901650020423954035e-02 0.000000000000000000e+00
3.435973836800000000e+10 -5.910817058590821932e-03 -1.587400387887449513e-02 9.443170183206928137e-02 0.000000000000000000e+00 1.709501788365203750e-02 -4.988290541215634863e-18 1.109886814490824020e-01 0.000000000000000000e+00
6.871947673600000000e+10 -2.822998208258586939e-02 -1.237158413993430170e-02 7.321630714938746898e-02 0.000000000000000000e+00 4.294299867755817929e-02 -1.486084929760138441e-17 7.334254513590668378e-02 0.000000000000000000e+00
1.374389534720000000e+11 -1.182679614073977800e-02 2.066505421843459038e-04 7.510336919231420938e-02 0.000000000000000000e+00 -7.703670897880890434e-02 2.882199357284435171e-17 6.383129039412657746e-02 0.000000000000000000e+00
2.748779069440000000e+11 -4.186933722678500697e-03 -2.080483200289721252e-02 7.424138104713913500e-02 0.000000000000000000e+00 -3.417550057979824168e-02 1.494606476415199133e-17 8.858274148560348060e-02 0.000000000000000000e+00
5.497558138880000000e+11 5.704263736879481260e-03 3.006548880904716739e-03 7.772468284698599850e-02 0.000000000000000000e+00 3.039598838809378159e-02 -1.269676834846626127e-17 8.861684605660076486e-02 0.000000000000000000e+00
