# L = 5	dim_loc = 3	n_dis = 100	
# Jzz = 1.0	hz = 0.9	alphas = [(1+0j), (1-0j)]	betas = [1, 1]	lambdas = [1, 1]	
#time_set	abs_Z	ang_Z	t_histogram
1.000000000000000000e+00 9.545240999363372447e-01 -6.481018278744823946e-04 0.000000000000000000e+00
2.000000000000000000e+00 8.980034250352250114e-01 8.882489934254349966e-05 0.000000000000000000e+00
4.000000000000000000e+00 7.677824698522141000e-01 1.128946126206410196e-02 5.000000000000000000e+00
8.000000000000000000e+00 5.693356151456325787e-01 3.182726329025221956e-02 8.500000000000000000e+01
1.600000000000000000e+01 4.569835513651469006e-01 1.490129098713740760e-02 6.500000000000000000e+01
3.200000000000000000e+01 3.873539120139484759e-01 -1.670803647120287436e-02 2.000000000000000000e+01
6.400000000000000000e+01 3.399268248838440143e-01 3.112697402602216876e-02 4.500000000000000000e+01
1.280000000000000000e+02 2.820533049196636277e-01 1.136831180262746176e-02 1.000000000000000000e+01
2.560000000000000000e+02 2.026798987215994163e-01 8.214466617324394856e-03 3.500000000000000000e+01
5.120000000000000000e+02 1.424773273964507758e-01 2.992494222966365219e-02 5.000000000000000000e+01
1.024000000000000000e+03 1.063658442292550743e-01 -4.329609933482817669e-02 3.000000000000000000e+01
2.048000000000000000e+03 8.149149165171729048e-02 -2.950701061487314824e-03 2.000000000000000000e+01
4.096000000000000000e+03 5.166276284261071133e-02 -1.306774208902093393e-01 3.000000000000000000e+01
8.192000000000000000e+03 4.201723540833678106e-02 -2.059087907831025008e-02 3.000000000000000000e+01
1.638400000000000000e+04 3.418910967971124787e-02 -4.255036045695410191e-02 1.500000000000000000e+01
3.276800000000000000e+04 9.189343050593731452e-03 -4.278558613755008566e-01 2.000000000000000000e+01
6.553600000000000000e+04 6.680986668346027696e-03 -1.520962497304516603e+00 1.500000000000000000e+01
1.310720000000000000e+05 2.597334378912093469e-02 -3.845143126240415099e-01 0.000000000000000000e+00
2.621440000000000000e+05 2.038552120445387417e-02 2.541080551468762883e-01 0.000000000000000000e+00
5.242880000000000000e+05 2.039713867495068084e-02 8.181210057538785829e-01 5.000000000000000000e+00
1.048576000000000000e+06 5.400758113433570123e-03 3.151687211492250063e-01 0.000000000000000000e+00
2.097152000000000000e+06 9.414597807286944134e-03 -2.220030484240578694e+00 1.000000000000000000e+01
4.194304000000000000e+06 7.222491464310277880e-03 -2.662638488898094735e-01 5.000000000000000000e+00
8.388608000000000000e+06 4.115521305639386652e-03 -1.279917089413948661e+00 0.000000000000000000e+00
1.677721600000000000e+07 1.278900226227850864e-02 5.462806249090029764e-01 0.000000000000000000e+00
3.355443200000000000e+07 9.497693611113248308e-03 -2.169350848964834544e+00 0.000000000000000000e+00
6.710886400000000000e+07 2.068499030329940327e-02 2.553422442722498298e-01 0.000000000000000000e+00
1.342177280000000000e+08 4.077854944043770788e-03 -1.508632388749424069e-01 0.000000000000000000e+00
2.684354560000000000e+08 1.743618426227298152e-02 6.565215272792087609e-01 0.000000000000000000e+00
5.368709120000000000e+08 4.317794052058994934e-03 -2.213742842797631116e+00 5.000000000000000000e+00
1.073741824000000000e+09 1.706896845972121629e-02 -4.540772150489125192e-01 0.000000000000000000e+00
2.147483648000000000e+09 1.697416265577368633e-02 3.058877824956094393e+00 0.000000000000000000e+00
4.294967296000000000e+09 1.394699379508094333e-02 -8.574362774066941473e-01 0.000000000000000000e+00
8.589934592000000000e+09 1.017080308676318601e-02 -2.872494202697185361e+00 0.000000000000000000e+00
1.717986918400000000e+10 1.987908839411339432e-02 3.040426703588916091e+00 0.000000000000000000e+00
3.435973836800000000e+10 1.556497671839432266e-02 -2.074890488861392157e+00 0.000000000000000000e+00
6.871947673600000000e+10 1.276921018161500561e-02 2.980128471407942126e+00 0.000000000000000000e+00
1.374389534720000000e+11 1.365465936129992182e-02 2.538111351033984220e-01 0.000000000000000000e+00
2.748779069440000000e+11 2.064515031466157557e-02 6.468315954433446757e-01 0.000000000000000000e+00
5.497558138880000000e+11 2.054392602636518142e-02 -4.296815537897594739e-01 0.000000000000000000e+00
