# L = 5	dim_loc = 3	n_dis = 100	
# Jzz = 1.0	hz = 0.9	alphas = [(1+0j), (1-0j)]	betas = [1, 1]	lambdas = [1, 1]	
#time_set	abs_Z	ang_Z	t_histogram
1.000000000000000000e+00 8.848772044924488878e-01 6.272209703138399662e-04 0.000000000000000000e+00
2.000000000000000000e+00 7.787432837077055137e-01 -1.749787960080894820e-03 0.000000000000000000e+00
4.000000000000000000e+00 5.729657319021107531e-01 6.618449821834721143e-03 5.500000000000000000e+01
8.000000000000000000e+00 4.522465770173024757e-01 2.203405991957254478e-02 8.500000000000000000e+01
1.600000000000000000e+01 3.624469413619081926e-01 2.225488642035241757e-02 4.500000000000000000e+01
3.200000000000000000e+01 2.833361738537966690e-01 7.692283317158495927e-03 4.500000000000000000e+01
6.400000000000000000e+01 2.271190406203864864e-01 -1.026684704828293750e-02 1.000000000000000000e+01
1.280000000000000000e+02 1.702187609919246780e-01 7.147502196927628393e-02 2.000000000000000000e+01
2.560000000000000000e+02 1.185688187356809115e-01 3.479546469919217455e-02 4.500000000000000000e+01
5.120000000000000000e+02 7.664227604307863317e-02 -7.867459741060495171e-02 5.500000000000000000e+01
1.024000000000000000e+03 3.977644411955096743e-02 1.338971321179644736e-01 4.500000000000000000e+01
2.048000000000000000e+03 2.330540409806432581e-02 8.031631088022520015e-02 1.500000000000000000e+01
4.096000000000000000e+03 1.508656497494002650e-02 -2.717693591700870437e-01 1.500000000000000000e+01
8.192000000000000000e+03 1.165923053028273051e-02 2.159045249599579552e+00 3.000000000000000000e+01
1.638400000000000000e+04 6.865032603071421005e-03 -5.412517589526874007e-01 1.000000000000000000e+01
3.276800000000000000e+04 1.704868836917312154e-03 -8.191050525352742140e-01 1.000000000000000000e+01
6.553600000000000000e+04 5.716802737142405270e-03 -3.010546464454692539e-01 1.500000000000000000e+01
1.310720000000000000e+05 1.125067352515345467e-02 2.225575358155225558e+00 0.000000000000000000e+00
2.621440000000000000e+05 7.956931606593534503e-03 -2.215830122062923735e+00 0.000000000000000000e+00
5.242880000000000000e+05 5.927680958578775659e-03 -2.436852612980054289e+00 0.000000000000000000e+00
1.048576000000000000e+06 1.191874924248699161e-02 2.177422588319909202e+00 0.000000000000000000e+00
2.097152000000000000e+06 7.554920291757675002e-03 -3.077734718189575780e+00 0.000000000000000000e+00
4.194304000000000000e+06 3.434519563217239366e-03 -8.167106795680867393e-01 0.000000000000000000e+00
8.388608000000000000e+06 1.595491403153312046e-02 -7.716647120488183687e-01 0.000000000000000000e+00
1.677721600000000000e+07 1.882077008242032459e-02 -3.869777307975530434e-01 0.000000000000000000e+00
3.355443200000000000e+07 3.535054147368673835e-03 -1.251188587811097985e+00 0.000000000000000000e+00
6.710886400000000000e+07 1.406564273577673874e-03 7.762894116188268079e-01 0.000000000000000000e+00
1.342177280000000000e+08 4.786568680673393243e-03 -3.115741222708059865e+00 0.000000000000000000e+00
2.684354560000000000e+08 8.294255585786799653e-03 7.663565347871145184e-01 0.000000000000000000e+00
5.368709120000000000e+08 7.307882431934382278e-03 8.526001331674475381e-01 0.000000000000000000e+00
1.073741824000000000e+09 8.590559189674173285e-03 2.757910158483946717e+00 0.000000000000000000e+00
2.147483648000000000e+09 8.187198219336312699e-03 1.208226707878408135e+00 0.000000000000000000e+00
4.294967296000000000e+09 1.160249780826074113e-02 -3.310443013665061857e-02 0.000000000000000000e+00
8.589934592000000000e+09 7.226782472876737938e-03 -2.539011033523940863e+00 0.000000000000000000e+00
1.717986918400000000e+10 1.656091421476146852e-02 1.862717273759921799e+00 0.000000000000000000e+00
3.435973836800000000e+10 6.826952972781668433e-03 1.031027230241180259e+00 0.000000000000000000e+00
6.871947673600000000e+10 6.673824569343947063e-03 9.615099799853301654e-01 0.000000000000000000e+00
1.374389534720000000e+11 1.875904576624433037e-02 -3.073887345508026669e+00 0.000000000000000000e+00
2.748779069440000000e+11 1.009557318489351374e-02 -1.720357505596346259e+00 0.000000000000000000e+00
5.497558138880000000e+11 9.280550364792798657e-03 2.219514969381483294e+00 0.000000000000000000e+00
