# L = 3	dim_loc = 3	n_dis = 100	
# Jzz = 1.0	hz = 0.9	alphas = [(0.99619469809174555+0.087155742747658152j), (0.99619469809174555-0.087155742747658152j)]	betas = [1, 1]	lambdas = [1, 1]	
#time_set	abs_Z	ang_Z	t_histogram
1.000000000000000000e+00 8.321409713078156134e-01 6.526420222157940272e-03 0.000000000000000000e+00
2.000000000000000000e+00 6.918366376753085634e-01 2.328361009660826625e-02 9.000000000000000000e+00
4.000000000000000000e+00 4.788277654332456224e-01 8.385877373211342301e-02 5.400000000000000000e+01
8.000000000000000000e+00 3.774706389827686137e-01 5.085071241447645246e-02 3.000000000000000000e+01
1.600000000000000000e+01 3.096960329384265687e-01 1.878920526559167649e-03 2.700000000000000000e+01
3.200000000000000000e+01 2.075713282522881342e-01 -1.265131726901402159e-02 3.000000000000000000e+01
6.400000000000000000e+01 1.559426145012724474e-01 -1.120279506790310686e-01 2.400000000000000000e+01
1.280000000000000000e+02 9.387134781903774816e-02 3.066046346812562051e-01 3.300000000000000000e+01
2.560000000000000000e+02 9.305318972983857295e-02 -3.196362155162870561e-02 1.800000000000000000e+01
5.120000000000000000e+02 6.337266547798105221e-02 1.862616204399213937e-01 2.100000000000000000e+01
1.024000000000000000e+03 4.715255196947548688e-02 -3.272252339143620348e-01 9.000000000000000000e+00
2.048000000000000000e+03 2.279065175835578300e-02 8.004851004310964413e-01 6.000000000000000000e+00
4.096000000000000000e+03 1.528066421933726472e-02 -4.184759548623402936e-01 6.000000000000000000e+00
8.192000000000000000e+03 5.239047392982365547e-03 2.044513766143323696e+00 9.000000000000000000e+00
1.638400000000000000e+04 1.039350718241636648e-02 1.838456935841487949e+00 6.000000000000000000e+00
3.276800000000000000e+04 3.164821687960341773e-02 -1.684890648386203171e+00 6.000000000000000000e+00
6.553600000000000000e+04 4.450900557619674042e-02 3.874577456738582115e-01 3.000000000000000000e+00
1.310720000000000000e+05 2.956980622543286738e-02 8.262122691409438946e-02 3.000000000000000000e+00
2.621440000000000000e+05 1.624717464366142936e-02 -9.470200439873283083e-01 0.000000000000000000e+00
5.242880000000000000e+05 1.643074320691742529e-02 1.294142607926176192e+00 0.000000000000000000e+00
1.048576000000000000e+06 4.550974047001011408e-02 -1.483846159332863346e-01 0.000000000000000000e+00
2.097152000000000000e+06 3.310442960168964721e-02 1.872413777979231586e+00 3.000000000000000000e+00
4.194304000000000000e+06 6.950173866236243787e-03 -3.089544290650057867e+00 0.000000000000000000e+00
8.388608000000000000e+06 1.359069145034954955e-02 9.392602318911750237e-01 0.000000000000000000e+00
1.677721600000000000e+07 2.146908803795065379e-02 -9.812008500088152674e-02 0.000000000000000000e+00
3.355443200000000000e+07 7.684874760589779051e-03 2.542324228406876996e-01 0.000000000000000000e+00
6.710886400000000000e+07 4.184590187742009276e-02 -8.316149433153638970e-01 3.000000000000000000e+00
1.342177280000000000e+08 2.516786744029690659e-02 3.708387010331110067e-01 0.000000000000000000e+00
2.684354560000000000e+08 2.274130367572585812e-02 1.178992393979571451e+00 0.000000000000000000e+00
5.368709120000000000e+08 1.834481865118893495e-02 3.078982627231236169e+00 0.000000000000000000e+00
1.073741824000000000e+09 2.005657303142871495e-02 2.055191063303333010e+00 0.000000000000000000e+00
2.147483648000000000e+09 1.168489815960773413e-02 5.011287028238815555e-01 0.000000000000000000e+00
4.294967296000000000e+09 1.915974805753422466e-02 3.034930901626090805e+00 0.000000000000000000e+00
8.589934592000000000e+09 2.953211842906047074e-02 1.249253780778572631e+00 0.000000000000000000e+00
1.717986918400000000e+10 2.644347955973715136e-02 -8.895573912654254622e-02 0.000000000000000000e+00
3.435973836800000000e+10 3.042137754265394206e-02 -2.729462529460652820e-01 0.000000000000000000e+00
6.871947673600000000e+10 2.798360929127382754e-02 -3.128682143504736501e+00 0.000000000000000000e+00
1.374389534720000000e+11 2.420652723214305330e-02 2.235361881850868482e+00 0.000000000000000000e+00
2.748779069440000000e+11 1.037686421617434532e-02 -8.470802433214581484e-01 0.000000000000000000e+00
5.497558138880000000e+11 3.864472943502242352e-02 7.392501480591728846e-02 0.000000000000000000e+00
