# L = 4	dim_loc = 3	n_dis = 100	
# Jzz = 1.0	hz = 0.9	alphas = [(0.99619469809174555+0.087155742747658152j), (0.99619469809174555-0.087155742747658152j)]	betas = [1, 1]	lambdas = [1, 1]	
#time_set	abs_Z	ang_Z	t_histogram
1.000000000000000000e+00 9.166649210545314563e-01 -8.658299794663770711e-04 0.000000000000000000e+00
2.000000000000000000e+00 8.252661389522903956e-01 1.794055477730142683e-03 0.000000000000000000e+00
4.000000000000000000e+00 6.345557004967020687e-01 2.700948968338454451e-02 6.800000000000000000e+01
8.000000000000000000e+00 5.373270310388131854e-01 4.763728486439205989e-02 2.800000000000000000e+01
1.600000000000000000e+01 4.701451080146630268e-01 1.399675320411028143e-02 2.000000000000000000e+01
3.200000000000000000e+01 4.429052855946786771e-01 -8.765130466757843630e-03 2.400000000000000000e+01
6.400000000000000000e+01 3.865039476578569499e-01 1.477081143903253083e-02 8.000000000000000000e+00
1.280000000000000000e+02 3.159485802268336418e-01 1.220758136989966852e-03 2.400000000000000000e+01
2.560000000000000000e+02 2.296306602155746279e-01 -2.163795799667091527e-02 2.800000000000000000e+01
5.120000000000000000e+02 1.617165772921518585e-01 3.806549690416716203e-02 5.200000000000000000e+01
1.024000000000000000e+03 1.510447718430673325e-01 7.543492627434146558e-02 2.400000000000000000e+01
2.048000000000000000e+03 1.097772670855699101e-01 -7.898203048924849756e-02 1.200000000000000000e+01
4.096000000000000000e+03 3.882966173407850774e-02 -3.579608978480399578e-02 4.400000000000000000e+01
8.192000000000000000e+03 6.892622673312651105e-02 -4.167019217278329357e-01 1.600000000000000000e+01
1.638400000000000000e+04 6.077492178337339651e-02 -5.722221939378190347e-01 8.000000000000000000e+00
3.276800000000000000e+04 3.948808837280565892e-02 -2.000535810615677035e-01 1.200000000000000000e+01
6.553600000000000000e+04 9.545324289872736054e-03 -4.141288276829956927e-01 8.000000000000000000e+00
1.310720000000000000e+05 2.032108532875087983e-02 2.722155845440894506e+00 1.200000000000000000e+01
2.621440000000000000e+05 3.003469696744829817e-02 8.862940674917056949e-01 4.000000000000000000e+00
5.242880000000000000e+05 1.944928416526306783e-02 1.863123915079696991e+00 0.000000000000000000e+00
1.048576000000000000e+06 1.704291992458444385e-02 1.162981696607890525e+00 0.000000000000000000e+00
2.097152000000000000e+06 2.198138680926537900e-03 -8.674395422225478214e-02 0.000000000000000000e+00
4.194304000000000000e+06 4.535394718884881021e-02 -1.117883127001790683e-01 0.000000000000000000e+00
8.388608000000000000e+06 3.987918549367427956e-02 1.104600962263831088e+00 0.000000000000000000e+00
1.677721600000000000e+07 3.644565681269041485e-02 -2.185858641686870829e+00 0.000000000000000000e+00
3.355443200000000000e+07 1.510291795901805810e-02 2.512053811889946697e+00 4.000000000000000000e+00
6.710886400000000000e+07 2.206162647267673194e-02 -1.192862095260031285e+00 0.000000000000000000e+00
1.342177280000000000e+08 2.474783164498539981e-02 -2.629135996325238089e+00 4.000000000000000000e+00
2.684354560000000000e+08 1.157967530894317421e-02 -5.006052205340691952e-01 0.000000000000000000e+00
5.368709120000000000e+08 2.204283610154498738e-02 -2.847168392878051346e+00 0.000000000000000000e+00
1.073741824000000000e+09 1.988768995998766234e-02 -8.934692327684629065e-01 0.000000000000000000e+00
2.147483648000000000e+09 4.934185297129198983e-02 -1.719018391752267449e+00 0.000000000000000000e+00
4.294967296000000000e+09 4.146821166538361414e-03 -1.784005636051634980e+00 0.000000000000000000e+00
8.589934592000000000e+09 2.164834956930792795e-02 -1.170888543547905725e+00 0.000000000000000000e+00
1.717986918400000000e+10 1.041597675431752724e-02 2.778123007892489671e+00 0.000000000000000000e+00
3.435973836800000000e+10 2.349467574064661654e-02 2.186254567887996672e-02 0.000000000000000000e+00
6.871947673600000000e+10 3.500480471856032977e-02 5.950660095605995181e-01 0.000000000000000000e+00
1.374389534720000000e+11 1.854545184220693019e-02 2.026561943065033677e+00 0.000000000000000000e+00
2.748779069440000000e+11 4.277740700002657243e-02 -4.696846983964161198e-02 0.000000000000000000e+00
5.497558138880000000e+11 9.749602013433701642e-03 4.493135065602004707e-01 0.000000000000000000e+00
