
# n_dis 100
# dim_loc 3
# L 5
# betas [ 1.  1.]
# lambdas [ 1.  1.]
# phi 0.5235987755982988
# JZZ 1.0
# hZ 0.3
# alphas [ 0.8660254+0.5j  0.8660254-0.5j]
# hX 0.1
# gap 0.0258567296592 1.94639295005e-34
# shifted_gap 3.97263534561e-05 7.37525200673e-09
# log10_gap -1.81340054512 0.00937323284502
# log10_shifted_gap -6.1795366313 1.24172340689
# ratio 0.403545146186 0.00542029513212
# time	Re(Z)\Im(Z)	Var(Re(Z))	Var(Im(Z))
1.000000000000000000e+00 9.946754846017944462e-01 -7.780239938347310923e-05 4.490350967899640232e-05 0.000000000000000000e+00
2.000000000000000000e+00 9.829915169464673586e-01 -2.724619886587649280e-04 5.388989550389201291e-04 0.000000000000000000e+00
4.000000000000000000e+00 9.559252738237681291e-01 -8.010007332411760638e-04 5.109520710729542267e-03 0.000000000000000000e+00
8.000000000000000000e+00 9.154121328404368763e-01 -5.712765944414489828e-04 3.223270229362826950e-02 0.000000000000000000e+00
1.600000000000000000e+01 8.838259654574479596e-01 4.645367106245954490e-04 8.312413561590235866e-02 0.000000000000000000e+00
3.200000000000000000e+01 9.075668446056406324e-01 6.586291979107880903e-03 4.705420870522974280e-02 0.000000000000000000e+00
6.400000000000000000e+01 8.883940195939354911e-01 -1.188762707834066751e-04 6.841678651867287575e-02 0.000000000000000000e+00
1.280000000000000000e+02 9.050712067128239280e-01 4.132082751877025513e-03 4.572107772056673014e-02 0.000000000000000000e+00
2.560000000000000000e+02 8.921443717882967528e-01 6.882573939392693310e-03 5.531243841025965113e-02 0.000000000000000000e+00
5.120000000000000000e+02 8.896047721970449240e-01 8.221531628444489178e-04 5.699562323124929969e-02 0.000000000000000000e+00
1.024000000000000000e+03 8.732664151800308971e-01 4.611835701052047036e-03 7.847477590160507888e-02 0.000000000000000000e+00
2.048000000000000000e+03 8.894070373535463148e-01 2.698966950635579929e-03 5.027094441707456729e-02 0.000000000000000000e+00
4.096000000000000000e+03 8.693544147102471031e-01 1.122287515622049162e-02 6.848895758261397404e-02 0.000000000000000000e+00
8.192000000000000000e+03 8.469879852335435721e-01 9.589692088260257097e-03 7.155855916627644475e-02 0.000000000000000000e+00
1.638400000000000000e+04 8.016823791771326979e-01 8.635979337676040132e-03 8.998935625806044059e-02 0.000000000000000000e+00
3.276800000000000000e+04 7.104054239832808815e-01 8.301917354613134667e-03 1.593446782425091135e-01 0.000000000000000000e+00
6.553600000000000000e+04 6.729412195961355092e-01 4.677585012450078891e-03 1.677993170347895635e-01 0.000000000000000000e+00
1.310720000000000000e+05 6.427230603041308443e-01 -2.963755481729904440e-03 1.655838977161714631e-01 0.000000000000000000e+00
2.621440000000000000e+05 5.556661134736214924e-01 -4.995177443445558219e-04 2.125934555698666961e-01 0.000000000000000000e+00
5.242880000000000000e+05 5.182057983756989117e-01 -5.143307665332021855e-03 2.255449245499149824e-01 0.000000000000000000e+00
1.048576000000000000e+06 4.536735919971706665e-01 -9.780781566532368437e-03 2.161481798252578856e-01 0.000000000000000000e+00
2.097152000000000000e+06 3.776162529065018592e-01 -2.298823154899703319e-02 2.442679608956233595e-01 0.000000000000000000e+00
4.194304000000000000e+06 2.830979660116912933e-01 -5.837449783021709734e-03 2.460323810943876310e-01 0.000000000000000000e+00
8.388608000000000000e+06 2.717561372559585409e-01 2.773569160398952401e-03 2.234689569135258347e-01 0.000000000000000000e+00
1.677721600000000000e+07 2.127988119359860708e-01 -1.492468385418019294e-02 2.435316632469755049e-01 0.000000000000000000e+00
3.355443200000000000e+07 1.596086144775152871e-01 -6.600249134546446773e-03 2.772384830595583938e-01 0.000000000000000000e+00
6.710886400000000000e+07 1.322852276153294038e-01 -1.339653444369203611e-02 2.548423515939275408e-01 0.000000000000000000e+00
1.342177280000000000e+08 6.565976327535728851e-02 -1.397929625760001814e-02 2.313834800946878711e-01 0.000000000000000000e+00
2.684354560000000000e+08 6.745901157858869013e-02 -3.462344620313828614e-02 1.745506806906651776e-01 0.000000000000000000e+00
5.368709120000000000e+08 4.935225463839141690e-04 -1.542249488708860930e-02 2.162454422370228280e-01 0.000000000000000000e+00
1.073741824000000000e+09 5.141884233413488402e-03 5.315733275779005972e-03 2.290086874603930456e-01 0.000000000000000000e+00
2.147483648000000000e+09 9.371448032297065300e-03 -2.858623463336625817e-03 2.277796112102312143e-01 0.000000000000000000e+00
4.294967296000000000e+09 -3.528761992288997201e-02 -7.357489118904764550e-03 1.973539025400001534e-01 0.000000000000000000e+00
8.589934592000000000e+09 4.595249027017149490e-02 -3.470257603939563840e-02 2.284400222819411574e-01 0.000000000000000000e+00
1.717986918400000000e+10 -4.312194058809885183e-02 3.821078223757418514e-04 2.218979508987075633e-01 0.000000000000000000e+00
3.435973836800000000e+10 3.217979409775581501e-02 2.060495293463132996e-03 2.603099496557878534e-01 0.000000000000000000e+00
6.871947673600000000e+10 -3.765847705154892928e-03 1.708304546731246806e-02 2.070009287942630727e-01 0.000000000000000000e+00
1.374389534720000000e+11 -2.370515727805551365e-02 1.867594330222829488e-02 2.206207558776379363e-01 0.000000000000000000e+00
2.748779069440000000e+11 2.784206985397293110e-02 -4.389303133992730754e-02 2.684128683711900498e-01 0.000000000000000000e+00
5.497558138880000000e+11 -1.648151199476330375e-02 3.564221193213588934e-02 2.032964042382741088e-01 0.000000000000000000e+00
