
# n_dis 100
# dim_loc 3
# L 2
# betas [ 1.  1.]
# lambdas [ 1.  1.]
# phi 0.5235987755982988
# JZZ 1.0
# hZ 0.3
# alphas [ 0.8660254+0.5j  0.8660254-0.5j]
# hX 0.1
# gap 0.698131700798 4.35968909651e-31
# shifted_gap 0.00798659157983 6.96162058397e-05
# log10_gap -0.330039809238 0.0221936122815
# log10_shifted_gap -3.17066189387 0.525983423624
# ratio 0.359967405214 0.0278264334383
# time	Re(Z)\Im(Z)	Var(Re(Z))	Var(Im(Z))
1.000000000000000000e+00 9.963147775691425512e-01 -6.404063663171116478e-05 2.382228812792265053e-05 0.000000000000000000e+00
2.000000000000000000e+00 9.886707925877021852e-01 -2.767144476170929753e-04 3.166180707579554403e-04 0.000000000000000000e+00
4.000000000000000000e+00 9.678316334559098344e-01 -8.019656155315807531e-04 3.523785993636071191e-03 0.000000000000000000e+00
8.000000000000000000e+00 9.238462505528878266e-01 -6.786460842058134177e-04 2.713457640797261455e-02 0.000000000000000000e+00
1.600000000000000000e+01 8.927677682599071129e-01 1.180334145358713895e-03 6.802922773169023385e-02 0.000000000000000000e+00
3.200000000000000000e+01 8.493463458527279464e-01 -5.229203187919656375e-03 8.524257531813925204e-02 0.000000000000000000e+00
6.400000000000000000e+01 7.410842673542995529e-01 -4.971130523032703773e-03 1.843530539307364491e-01 0.000000000000000000e+00
1.280000000000000000e+02 6.675634840930741998e-01 3.547239749312414408e-03 1.617499939171866685e-01 0.000000000000000000e+00
2.560000000000000000e+02 4.882691911396914719e-01 -8.022566872035905364e-03 2.195252738163908646e-01 0.000000000000000000e+00
5.120000000000000000e+02 3.775042554742293888e-01 -1.630330116691299305e-02 2.461703093786838936e-01 0.000000000000000000e+00
1.024000000000000000e+03 4.081491368972300915e-01 -9.948049084727701025e-03 2.272905099035686660e-01 0.000000000000000000e+00
2.048000000000000000e+03 3.683960999235784128e-01 -2.030726855046992296e-02 2.247872013349259124e-01 0.000000000000000000e+00
4.096000000000000000e+03 2.875653083244133490e-01 -1.202097335031540072e-02 2.170676475733092081e-01 0.000000000000000000e+00
8.192000000000000000e+03 2.279527121214614538e-01 -1.355291313284357792e-02 2.790716700215580270e-01 0.000000000000000000e+00
1.638400000000000000e+04 2.393536937622458838e-01 -2.620559489322033322e-02 2.672610715735251885e-01 0.000000000000000000e+00
3.276800000000000000e+04 1.617847816732010391e-01 -6.886079159082268697e-02 2.535016011893310717e-01 0.000000000000000000e+00
6.553600000000000000e+04 9.475923588159863853e-02 4.810571867908499527e-02 2.678259787193248420e-01 0.000000000000000000e+00
1.310720000000000000e+05 1.634520229888797652e-02 1.416642895080683692e-03 2.443060321330444151e-01 0.000000000000000000e+00
2.621440000000000000e+05 3.630124508271110467e-02 8.185515989457498118e-04 2.696343426781000474e-01 0.000000000000000000e+00
5.242880000000000000e+05 7.673439581748173199e-02 5.549150931027961586e-02 3.388569044963154475e-01 0.000000000000000000e+00
1.048576000000000000e+06 5.496330987067751112e-03 -3.197553600161484599e-02 2.685373984364982647e-01 0.000000000000000000e+00
2.097152000000000000e+06 1.261867905258124171e-03 6.859840455899261780e-03 2.755615112075853190e-01 0.000000000000000000e+00
4.194304000000000000e+06 4.086827453937887794e-02 -7.608421523862732294e-02 2.316040726254611215e-01 0.000000000000000000e+00
8.388608000000000000e+06 7.948412343580063544e-02 -4.848298628112061165e-02 2.912501250661932439e-01 0.000000000000000000e+00
1.677721600000000000e+07 2.321336453499066310e-02 2.336669103872476838e-02 2.547859131523349530e-01 0.000000000000000000e+00
3.355443200000000000e+07 2.674318454131844464e-02 6.365271462591676199e-02 2.956220858701316678e-01 0.000000000000000000e+00
6.710886400000000000e+07 3.004239447456753462e-02 5.715629727323849434e-04 3.025832012439508278e-01 0.000000000000000000e+00
1.342177280000000000e+08 -2.033516636667599253e-03 -2.869725230298586678e-03 3.201083981445800308e-01 0.000000000000000000e+00
2.684354560000000000e+08 -1.002443080276190423e-03 -3.712979228803332549e-03 2.917478430735277461e-01 0.000000000000000000e+00
5.368709120000000000e+08 -5.080081024224863961e-02 -1.808724754409831229e-02 3.004989051642517617e-01 0.000000000000000000e+00
1.073741824000000000e+09 -4.716258432886930377e-03 -3.467348103667789935e-03 2.866926878710800430e-01 0.000000000000000000e+00
2.147483648000000000e+09 2.623610775820467769e-02 -3.036554327663549407e-02 3.351002508138353764e-01 0.000000000000000000e+00
4.294967296000000000e+09 -3.918748399825170564e-02 5.068487335263457266e-02 3.038640259842081415e-01 0.000000000000000000e+00
8.589934592000000000e+09 -9.013276127217318898e-03 1.990463037768368249e-02 2.935615631054385721e-01 0.000000000000000000e+00
1.717986918400000000e+10 -2.104332480931195987e-02 5.302468060379609410e-02 2.577258456025746658e-01 0.000000000000000000e+00
3.435973836800000000e+10 -2.826419922515342395e-02 1.795758208521124055e-02 2.623701124001361351e-01 0.000000000000000000e+00
6.871947673600000000e+10 1.690406698250844150e-02 4.644306404320821396e-02 3.261338015088574571e-01 0.000000000000000000e+00
1.374389534720000000e+11 6.078545450475818929e-02 2.743810330432240770e-03 2.891729419693114811e-01 0.000000000000000000e+00
2.748779069440000000e+11 4.310364257112537373e-02 5.339051674527866415e-02 2.789981808685931819e-01 0.000000000000000000e+00
5.497558138880000000e+11 -2.133733423095445295e-02 -3.982839092084122616e-04 3.017673878964685641e-01 0.000000000000000000e+00
