
# dim_loc 4
# L 2
# n_dis 100
# betas [0. 0. 0.]
# lambdas [0 1 0]
# hZ 1.0
# alphas [0.25+0.4330127j 1.  +0.j        0.25-0.4330127j]
# lambd 0.0
# JZZ 1.0
# hX 1.0
# phi 1.0471975511965976
# eps	gap	shifted_gap	shifted_gap_2	log10_gap	log10_shifted_gap	log10_shifted_gap_2	ratio
3.059023205018257859e-07 3.926990816987235289e-01 4.124117713999453069e-14 4.148403842663128368e-14 -5.722052687622811717e-01 -inf -inf 4.013231751591912477e-01 3.731681860244708014e-31 2.265739508306868508e-26 2.266102683805375205e-26 1.204973516700561485e-02 nan nan 2.523476771780447034e-02
1.143041138834414111e-06 3.926990816987235289e-01 5.134492830904946216e-13 5.137218428430400895e-13 -6.045224885664228776e-01 -1.267716010550854655e+01 -inf 3.689232652296605686e-01 3.747089299799805901e-31 7.981179724926165936e-25 7.980831553640655197e-25 2.073098310926372104e-02 2.742755589243236480e-01 nan 2.897804793478910707e-02
4.271111912209492929e-06 3.926990816987235289e-01 2.797825832123734787e-11 2.797851228475423152e-11 -5.768927560653818176e-01 -1.162829981890550535e+01 -inf 4.083593370536370837e-01 3.732298157826912244e-31 5.555271478854021607e-20 5.555271397339040322e-20 1.875882256932731237e-02 2.870765607810311093e-01 nan 2.703023531689014922e-02
1.595952791797152539e-05 3.926990816987235289e-01 6.612057221189182082e-11 6.612083824908409559e-11 -5.918102993137206447e-01 -1.059746297857312136e+01 -inf 3.808854858778583652e-01 3.705181064209939666e-31 4.922672841622754078e-21 4.922672897632428292e-21 2.164890667880740166e-02 5.840898407326601260e-01 nan 3.222509600009179631e-02
5.963471259940621220e-05 3.926990816987235289e-01 1.224050116127583993e-09 1.224050385495445500e-09 -5.794696954319230597e-01 -9.381622044363430390e+00 -inf 4.056795634755793190e-01 3.760031549026088178e-31 5.832391198728986086e-18 5.832391294791263261e-18 1.709353595114870492e-02 4.061765603032880256e-01 nan 3.041404587804592830e-02
2.228323397215984649e-04 3.926990816987235289e-01 1.848583351990451566e-08 1.848583423502692100e-08 -5.808940844643495360e-01 -8.145709899125870734e+00 -inf 3.865749467540872675e-01 3.714733676734100426e-31 7.100948584070102601e-16 7.100949276041709243e-16 1.264082641913846436e-02 4.766698104899216304e-01 nan 2.509982290124904147e-02
8.326400759127053179e-04 3.926990816987234734e-01 2.252422818554977840e-07 2.252423745091602988e-07 -5.738648168994192611e-01 -7.044013237786082016e+00 -inf 4.103892383159564172e-01 4.425016640224112921e-31 1.969835448822945277e-13 1.969838939249699403e-13 1.585878560132488249e-02 3.676807246323485212e-01 nan 3.083759216501506806e-02
3.111260676444431092e-03 3.926990816987235289e-01 4.256986232291787704e-06 4.257015147353660036e-06 -5.610528109757371151e-01 -5.812422347507745002e+00 -8.388358768559681877e+00 4.434014010296369879e-01 3.779444922865511813e-31 1.191590139423996576e-10 1.191618462686422824e-10 1.432453791944099386e-02 4.109430542604319281e-01 4.461093092443936814e-01 2.514805805425339782e-02
1.162560303883849143e-02 3.926990816987235289e-01 4.346941521287547524e-05 4.347220753246172875e-05 -5.864805303265522296e-01 -4.713917320973243008e+00 -6.708264744343565233e+00 4.097065373609889427e-01 3.719355908600629967e-31 1.558069685113448152e-09 1.558264116344991936e-09 1.917962097482816403e-02 4.419128805684228722e-01 4.946984541168313321e-01 2.935817647428789340e-02
4.344047640878050121e-02 3.926990816987234734e-01 5.302140085806348897e-04 5.308080017080696843e-04 -5.683242875566167918e-01 -3.621696888769205813e+00 -5.036385265153428215e+00 4.130003737670971953e-01 4.448744097138963982e-31 3.102676450366875566e-07 3.112543705557644766e-07 1.742161789907589048e-02 3.411533214831364291e-01 4.666640520473221976e-01 3.171243097370834985e-02
1.623206111818481512e-01 3.926990816987234734e-01 5.935219650306168548e-03 5.947400480467407435e-03 -5.611324768052929901e-01 -2.562356294799849277e+00 -3.474196182116777276e+00 4.196237481654868651e-01 4.397899546607140780e-31 3.352797041001229455e-05 3.334781008810229578e-05 1.177397119090308961e-02 3.837955498500639218e-01 5.357039117833507502e-01 2.570031641876901682e-02
6.065306597126334243e-01 3.926990816987235289e-01 7.265589512716828791e-02 7.790196585060817080e-02 -5.258951584994998596e-01 -1.437762273200261509e+00 -1.710436324046530565e+00 4.593255746495444325e-01 3.752327829248539235e-31 3.921694374173981604e-03 4.166817338128558749e-03 5.034899919236015230e-03 2.325017450398678687e-01 2.466445042369434792e-01 1.784407236657952270e-02
