
# L 2
# n_dis 100
# dim_loc 4
# lambd 0.1
# betas [0.  0.1 0. ]
# hX 1.0
# phi 1.0471975511965976
# alphas [0.225+0.38971143j 1.   +0.j         0.225-0.38971143j]
# hZ 1.0
# lambdas [0 1 0]
# JZZ 1.0
# eps	gap	shifted_gap	shifted_gap_2	log10_gap	log10_shifted_gap	log10_shifted_gap_2	ratio
3.059023205018257859e-07 3.926990816987234734e-01 1.654906196196317264e-02 2.390310172017962158e-14 -5.697686633804611711e-01 -2.189038433666785188e+00 -inf 4.236472679606403391e-01 4.433336657583866095e-31 2.660639843823325683e-04 5.048561881994748767e-28 1.734690868666180150e-02 3.177886353520496532e-01 nan 1.608070316526735016e-02
1.143041138834414111e-06 3.926990816987235289e-01 1.533974743468674747e-02 3.150973926224764889e-13 -5.724677825103207107e-01 -2.202350504497128547e+00 -inf 4.218697821273593718e-01 3.767735268803637121e-31 2.348421453767354425e-04 9.959456493793832418e-26 2.262578321202110207e-02 2.888064524563813684e-01 nan 2.191659027272130356e-02
4.271111912209492929e-06 3.926990816987235289e-01 1.508422675549955620e-02 4.130357722509359258e-12 -5.739308463400784044e-01 -2.253415265400126266e+00 -inf 4.169349395592565899e-01 3.719355908600629967e-31 2.233582332786449075e-04 1.550767192232375758e-23 1.736477719569889597e-02 3.828274466819970301e-01 nan 1.852618374211052396e-02
1.595952791797152539e-05 3.926990816987235289e-01 1.865830345337458895e-02 8.751723457045557563e-11 -6.254877616809667584e-01 -2.184226881745563453e+00 -inf 3.882698059506906607e-01 3.721204801347241783e-31 4.244985993952540121e-04 3.032079185693006202e-20 2.738275162391736600e-02 3.603822255991208645e-01 nan 2.203367123267588323e-02
5.963471259940621220e-05 3.926990816987234734e-01 1.601344797129343467e-02 9.798537420335761753e-10 -5.833323807910599790e-01 -2.245972602543131025e+00 -inf 4.080208889379393633e-01 4.464151536694061869e-31 3.368746450109322797e-04 9.913255355186338067e-19 1.978742283351947462e-02 4.141731277289812385e-01 nan 2.043860711580140765e-02
2.228323397215984649e-04 3.926990816987235289e-01 1.391224939523603293e-02 1.276390372617619509e-08 -5.489150262928537138e-01 -2.217204001259442059e+00 -inf 4.280505472040488368e-01 3.746473002217602108e-31 2.124417904327064377e-04 1.862613069025382267e-16 1.476799138445261846e-02 2.544788720563031514e-01 nan 1.982114402241949569e-02
8.326400759127053179e-04 3.926990816987235289e-01 1.484872663723622692e-02 1.680993142838538195e-07 -5.693072679011043080e-01 -2.214506227155279117e+00 -inf 4.147618508306263885e-01 3.711652188823081024e-31 2.361296622586978478e-04 2.153452763099033412e-14 2.122542667210591469e-02 2.817398043213573677e-01 nan 1.892787418676342842e-02
3.111260676444431092e-03 3.926990816987234734e-01 1.148677563034120400e-02 2.444661699994576925e-06 -5.911168908060283611e-01 -2.325680345785344993e+00 -8.530934009512492366e+00 4.040455251103444723e-01 4.463535239111857638e-31 1.303377888492615025e-04 1.340206276553178489e-11 1.850955788751969255e-02 3.777550348769224131e-01 5.210799303794589887e-01 1.986940044154765495e-02
1.162560303883849143e-02 3.926990816987234734e-01 1.516652698630330601e-02 3.479192515071505558e-05 -5.784697994250772579e-01 -2.257738549969854791e+00 -6.802244525932752417e+00 4.120410814560091506e-01 4.421627003521991841e-31 2.710464314840535039e-04 1.118123360884293647e-09 2.081633191676237130e-02 4.439067833196292945e-01 5.531432393271622505e-01 1.734172088092948705e-02
4.344047640878050121e-02 3.926990816987234734e-01 1.295821020823304318e-02 4.566652116779507001e-04 -5.534347814387362563e-01 -2.319835936088048722e+00 -5.128791330488375877e+00 4.261416660275588741e-01 4.412690688580034436e-31 2.019856041354957648e-04 4.008501924327107527e-07 1.337695660609666652e-02 4.004549307843756623e-01 5.671606765169410203e-01 1.953825515983512520e-02
1.623206111818481512e-01 3.926990816987234734e-01 1.472438229163235482e-02 6.783607698070559348e-03 -5.640699628210306127e-01 -2.379754879592339112e+00 -3.373760509002699415e+00 4.133806225401251422e-01 4.457680412080920511e-31 1.907602882702449920e-04 3.450170962670286574e-05 1.470695758853361040e-02 5.550954764011951648e-01 6.730985973063762229e-01 2.400290075445405194e-02
6.065306597126334243e-01 3.926990816987234734e-01 6.862731502773591896e-02 7.679913924080718213e-02 -5.231360729877317928e-01 -1.494560785064346309e+00 -1.704032108083881170e+00 4.714784760631456906e-01 4.420394408357583380e-31 3.258741980606543777e-03 4.138011056815747886e-03 7.130203840563442523e-03 2.957474385146896534e-01 4.272944750258769742e-01 1.314486000626282833e-02
