
# L 3
# n_dis 100
# dim_loc 4
# phi 1.0471975511965976
# lambdas [0 1 0]
# hX 1.0
# betas [0. 0. 0.]
# lambd 0.0
# JZZ 1.0
# hZ 1.0
# alphas [0.25+0.4330127j 1.  +0.j        0.25-0.4330127j]
# eps	gap	shifted_gap	shifted_gap_2	log10_gap	log10_shifted_gap	log10_shifted_gap_2	ratio
3.059023205018257859e-07 9.817477042468088222e-02 8.603881496149768142e-16 8.539002838148235399e-16 -1.236216903020913360e+00 -inf -inf 3.928476012243156124e-01 2.355219728991150845e-32 1.670057993842617732e-32 2.310135634922990221e-32 8.889787900176242263e-03 nan nan 1.052302785078136974e-02
1.143041138834414111e-06 9.817477042468088222e-02 8.636841242193327083e-16 8.461287226424474126e-16 -1.260715616406757444e+00 -inf -inf 3.710744533585732530e-01 2.320552989992180381e-32 2.095455594399546765e-32 2.147972333605584656e-32 1.079516140754230996e-02 nan nan 8.868829769164733590e-03
4.271111912209492929e-06 9.817477042468088222e-02 2.039202140480256244e-15 2.104844076811218483e-15 -1.250374264367581922e+00 -inf -inf 3.855203043823748899e-01 2.350790090119060126e-32 1.701736559125268819e-29 1.728946236046526759e-29 1.581167898294492599e-02 nan nan 1.112674018360170630e-02
1.595952791797152539e-05 9.817477042468088222e-02 8.899866954514834207e-14 8.923320415910041396e-14 -1.268780779463994257e+00 -inf -inf 3.777787788784284784e-01 2.354834543002273201e-32 7.014461465457769301e-26 7.015839451211466930e-26 1.539021213762344423e-02 nan nan 9.979547076326995142e-03
5.963471259940621220e-05 9.817477042468086834e-02 3.159793884877082203e-12 3.160160605419903942e-12 -1.270732086989379228e+00 -inf -inf 3.691735573086484257e-01 2.754272413468185818e-32 7.092155232012507689e-23 7.092162100986217817e-23 1.472547490483350381e-02 nan nan 9.237936220411233079e-03
2.228323397215984649e-04 9.817477042468086834e-02 1.385750707239008433e-10 1.385754674898542667e-10 -1.250527130390404196e+00 -1.130468160927821586e+01 -inf 3.794031849376577892e-01 2.786050257550575319e-32 2.795547452818304651e-19 2.795547522895420793e-19 9.646489568091868097e-03 5.103161220097964801e-01 nan 6.070707450623012702e-03
8.326400759127053179e-04 9.817477042468088222e-02 9.211325191493813898e-09 9.211327897662436421e-09 -1.250893492050130451e+00 -9.726934801140346920e+00 -inf 3.867049959357002908e-01 2.346745637235846777e-32 1.680444985284363094e-15 1.680445055210727649e-15 1.179573807120294117e-02 7.336749900565920912e-01 nan 9.752469322636944660e-03
3.111260676444431092e-03 9.817477042468086834e-02 3.777645436231838228e-07 3.777664204746012003e-07 -1.264521553247588859e+00 -8.016115007173418405e+00 -inf 3.673554915770652074e-01 2.781235432689607230e-32 1.935563640561918053e-12 1.935573276953319438e-12 1.229766637380500481e-02 6.982640997139740735e-01 nan 8.365253835347929295e-03
1.162560303883849143e-02 9.817477042468086834e-02 7.265384017433873859e-06 7.266682467886448202e-06 -1.233492331892261262e+00 -6.390815071248271195e+00 -8.131685716433214139e+00 4.058647452896870789e-01 2.804924371005570034e-32 1.973885946696363156e-10 1.973982426463189073e-10 8.042997370067830193e-03 6.844425634478293885e-01 6.996478756497279683e-01 6.942569633531888405e-03
4.344047640878050121e-02 9.817477042468088222e-02 2.808160885377055174e-04 2.812696093404976083e-04 -1.230083666428648526e+00 -4.659481038127207597e+00 -5.803081279110355872e+00 4.010832871960626211e-01 2.338656731469420628e-32 2.957350955478630491e-07 2.960120115114513620e-07 6.318355223000069257e-03 6.732853449214111219e-01 7.042810526431446672e-01 6.239726786986444021e-03
1.623206111818481512e-01 9.817477042468088222e-02 3.602286781077154894e-03 3.659326691752288335e-03 -1.188801634947775465e+00 -3.187897435560328674e+00 -3.711126770046453416e+00 4.154530671921342622e-01 2.346745637235846777e-32 1.653696401601067361e-05 1.685171443750951034e-05 3.075389477942148519e-03 4.404375489029766499e-01 4.475080562979802390e-01 4.586846626097514437e-03
6.065306597126334243e-01 9.817477042468086834e-02 2.544723377391571936e-02 2.921352782891919325e-02 -1.114177654193001299e+00 -1.996955979483338917e+00 -1.978959410214350179e+00 5.103818310761178978e-01 2.791250268400421053e-32 3.309061829350102451e-04 3.986620135550186924e-04 1.959196823684236123e-03 3.449975561433582527e-01 3.501019508454183971e-01 5.343272218787128644e-03
