
# n_dis 100
# L 3
# dim_loc 4
# lambd 0.9
# hZ 1.0
# betas [0.  0.9 0. ]
# lambdas [0 1 0]
# phi 1.0471975511965976
# JZZ 1.0
# alphas [0.025+0.04330127j 1.   +0.j         0.025-0.04330127j]
# hX 1.0
# eps	gap	shifted_gap	shifted_gap_2	log10_gap	log10_shifted_gap	log10_shifted_gap_2	ratio
3.059023205018257859e-07 9.817477042468086834e-02 1.883221543258636888e-01 7.613354391367010897e-16 -1.250496881322380016e+00 -9.974831641128880655e-01 -inf 3.776433449663951225e-01 2.786820629528330060e-32 3.003466428625964010e-02 1.543447961151708081e-32 1.325823177739379397e-02 1.958892500123060598e-01 nan 9.356159437083929123e-03
1.143041138834414111e-06 9.817477042468088222e-02 2.471700478102347165e-01 1.082606226887605842e-15 -1.277060305238585380e+00 -9.119209337354093892e-01 -inf 3.695205851252607032e-01 2.321323361969935396e-32 4.749775253323106072e-02 9.589064580958807470e-30 1.904517203432572886e-02 2.745819169524452708e-01 nan 8.687349249182159741e-03
4.271111912209492929e-06 9.817477042468086834e-02 2.326478665408905633e-01 1.381811332024085364e-15 -1.284669574645517898e+00 -9.086683384154963239e-01 -inf 3.645232252115732097e-01 2.782776176645117259e-32 3.975239889961421774e-02 4.184029860367097919e-30 2.056748019911469605e-02 2.408302260721726373e-01 nan 9.493511526649971513e-03
1.595952791797152539e-05 9.817477042468086834e-02 1.834410196612517308e-01 1.534564142424699159e-14 -1.248448565886489003e+00 -1.011194130721349671e+00 -inf 3.839806310744387496e-01 2.754657599457063463e-32 2.999163625961134838e-02 3.889201659166760352e-27 1.647476603687293706e-02 1.922721529465460932e-01 nan 1.324090615966901432e-02
5.963471259940621220e-05 9.817477042468088222e-02 2.140445429117650289e-01 2.182767161462706602e-12 -1.244533344328577540e+00 -9.316001656305097356e-01 -inf 3.890757480247838407e-01 2.354064171024518460e-32 3.093978277342850775e-02 1.355074023984270670e-22 1.432745398023581307e-02 2.339334372461866485e-01 nan 9.330888121309784122e-03
2.228323397215984649e-04 9.817477042468088222e-02 2.438425327576322355e-01 1.105787979238659331e-10 -1.273065113309864271e+00 -8.329420593917515880e-01 -inf 3.857287574534939978e-01 2.329797453725239190e-32 3.776684076376126548e-02 8.863837918101456871e-20 1.623578811488898127e-02 1.394251806246029901e-01 nan 1.141084484775560862e-02
8.326400759127053179e-04 9.817477042468088222e-02 2.178691273629891623e-01 3.254109413458605616e-09 -1.262197717572186573e+00 -9.452636991001144295e-01 -inf 3.750399206719500222e-01 2.356375286957782957e-32 3.613332429933373280e-02 1.042720213317921157e-16 1.502873016718706163e-02 2.335565468643211462e-01 nan 1.059256907305753184e-02
3.111260676444431092e-03 9.817477042468088222e-02 2.138728886743991309e-01 5.187437880055379293e-07 -1.248300270046517779e+00 -9.611563275796600747e-01 -inf 3.804697488799660965e-01 2.347516009213601792e-32 3.899191050157344018e-02 1.603651605069555606e-11 1.303380927924862286e-02 2.369833919728505378e-01 nan 8.525384567663754978e-03
1.162560303883849143e-02 9.817477042468088222e-02 2.414010889023825157e-01 5.666048906615011776e-06 -1.266354552175833481e+00 -9.022314845005534600e-01 -8.362858967247708719e+00 3.710212010951316475e-01 2.334612278586207279e-32 4.476551007327071036e-02 9.234724065242662943e-11 1.347835081539114181e-02 2.626105510725935122e-01 9.354855771215252469e-01 9.191591490336371156e-03
4.344047640878050121e-02 9.817477042468088222e-02 2.062975068300241244e-01 1.867808517786841225e-04 -1.223415373342259027e+00 -9.724838523049260663e-01 -6.179503296885257235e+00 4.066632749579704997e-01 2.342701184352633703e-32 3.446266432106578903e-02 1.030673721792558275e-07 7.389986459352847724e-03 2.368323294784134836e-01 7.269664658527864587e-01 6.563921667268872440e-03
1.623206111818481512e-01 9.817477042468088222e-02 2.085148258275414390e-01 3.502770687516324356e-03 -1.182732220863569328e+00 -9.886712972751405815e-01 -4.060417355326618960e+00 4.425544409086983877e-01 2.312464084225753957e-32 4.154785797394403013e-02 1.740457836129916520e-05 3.413627516172595792e-03 2.422819476332940258e-01 8.333327295765271536e-01 4.457682877501666086e-03
6.065306597126334243e-01 9.817477042468086834e-02 1.038042698109234441e-01 3.312968500667363980e-02 -1.111327189777754354e+00 -1.205773369172405518e+00 -2.073032637900597219e+00 5.014768768160432488e-01 2.780850246700729585e-32 3.442299735790427077e-03 5.414097647126293400e-04 1.150922564366566904e-03 9.625929158998074164e-02 4.173526760998340079e-01 3.545964153415059276e-03
