
# n_dis 100
# L 2
# dim_loc 4
# lambd 1.0
# hZ 1.0
# betas [0. 1. 0.]
# lambdas [0 1 0]
# phi 1.0471975511965976
# JZZ 1.0
# alphas [0.+0.j 1.+0.j 0.+0.j]
# hX 1.0
# eps	gap	shifted_gap	shifted_gap_2	log10_gap	log10_shifted_gap	log10_shifted_gap_2	ratio
3.059023205018257859e-07 3.926990816987235289e-01 4.651208542559362447e-01 4.642841666679942111e-14 -7.124989303280483410e-01 -5.373734043510536296e-01 -inf 3.559309117855377069e-01 3.828748729441824876e-31 1.309290016153755176e-01 4.571099491344851194e-26 5.974669067136734180e-02 2.593641621083166982e-01 nan 3.751412852254853297e-02
1.143041138834414111e-06 3.926990816987234734e-01 4.201858723760036884e-01 3.344735599597470435e-13 -6.670059462352209145e-01 -5.515540376947665191e-01 -inf 3.367064375378299723e-01 4.457680412080920511e-31 9.312418586761066208e-02 1.559314430991271796e-25 3.516782590555015547e-02 1.985584601396672144e-01 nan 3.754276306990877304e-02
4.271111912209492929e-06 3.926990816987235289e-01 3.732031136635842739e-01 3.814547566705073158e-12 -6.888332628712566796e-01 -6.842467430165154463e-01 -inf 3.095011657802143046e-01 3.755409317159559075e-31 9.765132967382780804e-02 1.505352630202302819e-23 5.980768813446522836e-02 3.024877060500710257e-01 nan 3.151821736334287083e-02
1.595952791797152539e-05 3.926990816987234734e-01 4.404240600668442585e-01 6.481295167226619934e-11 -6.676818304965336237e-01 -5.924836402337270158e-01 -inf 3.468657213629264824e-01 4.415155878908850483e-31 1.328051714303134512e-01 3.803840782943752243e-21 3.806550960730754884e-02 3.002254028072042225e-01 nan 3.173146851941686247e-02
5.963471259940621220e-05 3.926990816987234734e-01 3.544335853583968077e-01 8.430816300641908397e-10 -6.517335491867616293e-01 -6.552390760970966399e-01 -inf 3.612314805958449226e-01 4.393277314740611239e-31 7.737845890614282462e-02 2.555182436678374108e-18 3.581512983480265866e-02 2.448198090120341786e-01 nan 3.947369706976002618e-02
2.228323397215984649e-04 3.926990816987235289e-01 3.871335833101020585e-01 2.360900298370438723e-08 -6.777277806297228313e-01 -6.286613786942220061e-01 -inf 3.394634949768232102e-01 3.777287881327797881e-31 9.895720232006023631e-02 8.566187136014706447e-15 5.231717110730851189e-02 2.668116553013352710e-01 nan 4.159951865990024061e-02
8.326400759127053179e-04 3.926990816987235289e-01 3.728564307443767989e-01 1.719446010889358429e-07 -6.299628776164304389e-01 -6.695935140561464216e-01 -inf 3.540973254546115334e-01 3.746473002217602108e-31 8.540285926597017407e-02 1.045735229424387315e-13 3.482282064722502096e-02 3.649685110553481660e-01 nan 3.656856631082814474e-02
3.111260676444431092e-03 3.926990816987234734e-01 4.204083909722771129e-01 2.678448881390238478e-06 -6.583933534203861848e-01 -5.951459161072943926e-01 -inf 3.592455180917956126e-01 4.443505567690230210e-31 1.131670081974579939e-01 1.367647936597975612e-11 5.171500971335679653e-02 2.788911345326827163e-01 nan 3.216104787728397973e-02
1.162560303883849143e-02 3.926990816987235289e-01 4.324002214268609645e-01 3.630442676866740581e-05 -6.679396557851599026e-01 -5.391772093058574411e-01 -inf 3.205757587339176373e-01 3.775438988581186065e-31 9.501784325168292911e-02 3.665370694365297310e-09 3.024757542431286833e-02 2.214005058931819703e-01 nan 2.636323460415497186e-02
4.344047640878050121e-02 3.926990816987234734e-01 4.228027117173189797e-01 5.444476127043429772e-04 -6.635764005478371752e-01 -5.520648364836112654e-01 -5.996918954422170600e+00 3.597772328983236401e-01 4.438883335823701544e-31 1.017588683356275558e-01 4.329278918743342739e-07 3.005925708782677952e-02 1.924293900607271790e-01 1.852025955108950850e+00 3.502532851040304762e-02
1.623206111818481512e-01 3.926990816987234734e-01 3.919611105872102264e-01 5.696897983804150370e-03 -6.020654639139556563e-01 -5.999303171365597542e-01 -4.052751133407237916e+00 4.062372609331500461e-01 4.451209287467779153e-31 9.097345243217197508e-02 2.877111822770576889e-05 1.743736318774944880e-02 2.084434104300196822e-01 1.760090225500903438e+00 2.975328511941625204e-02
6.065306597126334243e-01 3.926990816987235289e-01 2.691049985219056695e-01 6.619906029506275602e-02 -5.539039833991132866e-01 -7.703033270256107734e-01 -2.082583653474352481e+00 4.192290504174406851e-01 3.732298157826912244e-31 3.595541793350992554e-02 3.294011700397998614e-03 8.955298647930799716e-03 1.442935887254932492e-01 8.822905643708398582e-01 1.869243013379463803e-02
