
# dim_loc 4
# n_dis 100
# L 2
# hZ 1.0
# lambdas [0 1 0]
# alphas [0.125+0.21650635j 1.   +0.j         0.125-0.21650635j]
# hX 1.0
# JZZ 1.0
# lambd 0.5
# betas [0.  0.5 0. ]
# phi 1.0471975511965976
# eps	gap	shifted_gap	shifted_gap_2	log10_gap	log10_shifted_gap	log10_shifted_gap_2	ratio
3.059023205018257859e-07 3.926990816987235289e-01 2.082999969871345280e-01 2.534028542555688596e-14 -5.896566906493274640e-01 -9.021142950926569481e-01 -inf 4.021264111515413520e-01 3.746473002217602108e-31 2.351063459877324874e-02 7.027634239367564413e-28 1.173124965108778700e-02 2.246553390807607409e-01 nan 1.372458906640634801e-02
1.143041138834414111e-06 3.926990816987234734e-01 1.918681816934252882e-01 3.222627720234072452e-13 -6.082395819313375362e-01 -9.583244037916331948e-01 -inf 3.807800052429161086e-01 4.374172089692289719e-31 2.346567628490122542e-02 2.908035683298118451e-25 1.689155515933852755e-02 2.575220006164108399e-01 nan 1.609044744557146245e-02
4.271111912209492929e-06 3.926990816987235289e-01 1.917284856519027858e-01 4.621072968724604703e-12 -5.770778754573856473e-01 -9.786239308177232532e-01 -inf 4.290727542533752104e-01 3.754176721995151051e-31 2.264843324989959314e-02 3.773390410471384325e-23 1.231180204063649433e-02 2.861478420560624736e-01 nan 1.489709533725256004e-02
1.595952791797152539e-05 3.926990816987234734e-01 1.874151392283676665e-01 1.072793776035751969e-10 -5.986150653010864353e-01 -9.550719241586506092e-01 -inf 3.880301714237635591e-01 4.426865532970724737e-31 2.000228984870812410e-02 8.105928581942355488e-20 1.434476180519138853e-02 2.530011040961369084e-01 nan 1.253103835399666660e-02
5.963471259940621220e-05 3.926990816987234734e-01 1.932703588917160376e-01 1.121985802599034856e-09 -5.813352761058039331e-01 -9.096688509214224672e-01 -inf 4.115295822009833460e-01 4.473087851636018398e-31 1.782721828665082692e-02 4.917529502122642572e-18 1.093676877702237822e-02 1.872917196445414989e-01 nan 1.378511393287322473e-02
2.228323397215984649e-04 3.926990816987234734e-01 2.260506227167553284e-01 1.510367606261109396e-08 -6.075401349066066325e-01 -8.360384479306796068e-01 -inf 3.871503931456701242e-01 4.472471554053814167e-31 2.289857499865696755e-02 3.026971612028203853e-16 1.504846458049058193e-02 1.967040198404725326e-01 nan 1.068159783455821001e-02
8.326400759127053179e-04 3.926990816987234734e-01 2.037303634329822033e-01 2.795797941662625752e-07 -5.815445782199992752e-01 -9.133636026288297627e-01 -inf 4.023490199960708114e-01 4.478942678666955525e-31 2.684892275200951792e-02 4.493086885612822989e-13 1.207143582761470088e-02 1.944815037276196590e-01 nan 1.743645554662839880e-02
3.111260676444431092e-03 3.926990816987235289e-01 2.056247177475139520e-01 3.296270179636851068e-06 -5.840461488969053150e-01 -9.253905074004579179e-01 -8.421469438280592357e+00 4.140335242214585043e-01 3.768351566385841352e-31 2.373162031631240870e-02 2.249127807404560479e-11 1.144804444556027541e-02 2.343124975918118857e-01 6.025959853463218607e-01 1.749136289118570844e-02
1.162560303883849143e-02 3.926990816987235289e-01 1.997320676967768438e-01 3.853162291906297808e-05 -5.832176979783276760e-01 -9.636678256138120346e-01 -6.739232388655510775e+00 3.924933757613481844e-01 3.746473002217602108e-31 2.065760444850156877e-02 2.299854451372089404e-09 1.068205034078278763e-02 3.126452038821848634e-01 7.129215308864708112e-01 1.609121243576062260e-02
4.344047640878050121e-02 3.926990816987235289e-01 2.105871730688391730e-01 5.068627302002715182e-04 -5.853144207127783938e-01 -9.231237856166198963e-01 -5.080226637253378641e+00 4.034855987838447122e-01 3.706413659374347690e-31 2.742524720142590008e-02 2.964358667356582909e-07 9.599356048953728085e-03 3.008029044229257321e-01 6.126857976687722918e-01 1.178174286758717527e-02
1.623206111818481512e-01 3.926990816987234734e-01 1.898867027466660806e-01 6.143511188272408018e-03 -5.646583281047788949e-01 -9.430798807327412936e-01 -3.363799128217670020e+00 4.213188406636481087e-01 4.458296709663124742e-31 1.899375070926491438e-02 2.956510489678968207e-05 6.005648754828133741e-03 2.180146951036851521e-01 4.189327561845131997e-01 1.395549985336161022e-02
6.065306597126334243e-01 3.926990816987235289e-01 1.621877778554585703e-01 7.568962591361122483e-02 -5.162512151006677374e-01 -1.053157869852942019e+00 -1.699368649981443546e+00 4.757227051797148776e-01 3.712268486405284816e-31 1.201735971510427270e-02 3.648421873304311027e-03 3.515663887390767673e-03 2.146800727710379830e-01 3.323969460467322001e-01 1.067491810809083341e-02
