
# L 3
# n_dis 100
# dim_loc 4
# phi 1.0471975511965976
# lambdas [0 1 0]
# hX 1.0
# betas [0.  0.1 0. ]
# lambd 0.1
# JZZ 1.0
# hZ 1.0
# alphas [0.225+0.38971143j 1.   +0.j         0.225-0.38971143j]
# eps	gap	shifted_gap	shifted_gap_2	log10_gap	log10_shifted_gap	log10_shifted_gap_2	ratio
3.059023205018257859e-07 9.817477042468086834e-02 2.912878793217550926e-03 8.072709167805669731e-16 -1.239900933721261200e+00 -3.356147189697907152e+00 -inf 3.885109381127673234e-01 2.740213124874159194e-32 1.000249068627696182e-05 1.892054762595409093e-32 6.922530005255654074e-03 4.610737645481972624e-01 nan 5.467345022719467124e-03
1.143041138834414111e-06 9.817477042468088222e-02 3.029165834423588281e-03 8.440470544712752638e-16 -1.233030062455315878e+00 -3.397452169856726378e+00 -inf 3.950817399969039911e-01 2.336730801525033228e-32 1.554511167476305920e-05 2.125124256303341097e-31 7.415000117375190880e-03 5.182388689656819425e-01 nan 6.004364373052989423e-03
4.271111912209492929e-06 9.817477042468088222e-02 3.605399827018358327e-03 3.993610997454765968e-15 -1.240875840925739659e+00 -3.227257789825950240e+00 -inf 3.955698636103016086e-01 2.337115987513910598e-32 1.572694099942243767e-05 3.164579071397057138e-28 7.304412887748561872e-03 4.542551860431773281e-01 nan 6.712522848573757549e-03
1.595952791797152539e-05 9.817477042468088222e-02 3.138995889848579263e-03 4.733380354338123955e-14 -1.233055301458560349e+00 -3.307701962979228583e+00 -inf 3.850186751694228415e-01 2.358878995885486549e-32 1.656527108450981490e-05 1.014302165251415766e-26 7.869188552602568790e-03 4.462036938772490635e-01 nan 7.417045418334243696e-03
5.963471259940621220e-05 9.817477042468088222e-02 2.825965916891793120e-03 5.185684520681022198e-12 -1.226890525398970810e+00 -3.439474931895950771e+00 -inf 3.988387266133084919e-01 2.334612278586207279e-32 1.119258844979993889e-05 7.904306809997694655e-22 9.226054790329318508e-03 5.648733443331550585e-01 nan 8.510519503373469019e-03
2.228323397215984649e-04 9.817477042468086834e-02 2.856777897908256009e-03 1.032523273825081139e-10 -1.224590074552509567e+00 -3.351232450356842030e+00 -inf 4.020008791725717123e-01 2.810124381855415768e-32 8.846293593071374658e-06 2.490124816052018756e-19 6.515635273978064718e-03 6.045265159526838072e-01 nan 4.904061977144225266e-03
8.326400759127053179e-04 9.817477042468086834e-02 3.625193977748328127e-03 1.390242456114631982e-08 -1.239717109774246762e+00 -3.129063927510216558e+00 -inf 3.812916619617388592e-01 2.827842937343778644e-32 1.273148737023783300e-05 2.040309250641567117e-15 9.193279266946696032e-03 4.088578820855537366e-01 nan 7.517359679232753743e-03
3.111260676444431092e-03 9.817477042468086834e-02 3.183811631471177798e-03 6.954291155068792262e-07 -1.238485854478572623e+00 -3.248100763649667932e+00 -inf 3.875298370011022175e-01 2.771990968956548695e-32 1.247067611907070795e-05 8.908579401535123271e-12 7.065558166120677538e-03 3.756860473564929692e-01 nan 7.828161831177859326e-03
1.162560303883849143e-02 9.817477042468086834e-02 2.796742201058105559e-03 9.238827551736883143e-06 -1.232408839382939103e+00 -3.379212280473369301e+00 -8.088917373149497436e+00 3.990997147165051273e-01 2.796835465239143884e-32 1.213004159305920116e-05 5.121452555242489690e-10 7.436138877800127847e-03 5.644144686542175160e-01 8.882947090116967148e-01 7.978383719431686449e-03
4.344047640878050121e-02 9.817477042468086834e-02 3.352316926062002406e-03 2.666604573715909568e-04 -1.215525505360196323e+00 -3.309015375409576798e+00 -5.775256551092854629e+00 4.039700791773384592e-01 2.759087238329153908e-32 1.285782663131146047e-05 1.504555136669443072e-07 4.613972689236877679e-03 5.437292427115734128e-01 6.099343566792072568e-01 5.117032016715350115e-03
1.623206111818481512e-01 9.817477042468088222e-02 6.932398620963342584e-03 3.910473949269886035e-03 -1.167348840091414486e+00 -2.812169571998923701e+00 -3.656023318372489062e+00 4.424121906285953809e-01 2.316123351120089935e-32 5.035176577686351703e-05 1.940335100495826039e-05 3.742244037257379946e-03 5.225762094151229498e-01 5.391309319428433389e-01 5.815736501575749853e-03
6.065306597126334243e-01 9.817477042468088222e-02 2.204070170247180924e-02 2.372053571079274156e-02 -1.107654495384111426e+00 -2.126158259067429501e+00 -2.146176676619918844e+00 5.137398169280322779e-01 2.351175276107937497e-32 3.667404632034853358e-04 3.665128200857851321e-04 1.646468670877348139e-03 4.893671241660526028e-01 5.088576058461875551e-01 5.644763616448786672e-03
