
# n_dis 100
# L 3
# dim_loc 4
# lambd 1.0
# hZ 1.0
# betas [0. 1. 0.]
# lambdas [0 1 0]
# phi 1.0471975511965976
# JZZ 1.0
# alphas [0.+0.j 1.+0.j 0.+0.j]
# hX 1.0
# eps	gap	shifted_gap	shifted_gap_2	log10_gap	log10_shifted_gap	log10_shifted_gap_2	ratio
3.059023205018257859e-07 9.817477042468086834e-02 2.637075614584373229e-01 8.375244942016024849e-16 -1.270679746998526483e+00 -8.788060041848612114e-01 -inf 3.895098726635489172e-01 2.776805793817516784e-32 5.506216702648129152e-02 2.313956679932654076e-32 2.015784044708839040e-02 2.910589901744412566e-01 nan 1.177630494640351071e-02
1.143041138834414111e-06 9.817477042468086834e-02 2.691533551782427369e-01 8.547329510832924389e-16 -1.310354129476688279e+00 -8.673357557869912915e-01 -inf 3.497776778573540857e-01 2.791635454389298150e-32 6.878826628414079492e-02 3.846503877599131449e-32 2.980735472703236605e-02 2.545231846192851921e-01 nan 1.511666604828060950e-02
4.271111912209492929e-06 9.817477042468088222e-02 2.882767342915352193e-01 1.255245907216817653e-15 -1.275447824198984614e+00 -8.672197245436750190e-01 -inf 3.891458407619876603e-01 2.304760364448205178e-32 6.615258821015929103e-02 1.349550630658147806e-30 2.127460692305010309e-02 3.589809623510321623e-01 nan 1.223042369576343713e-02
1.595952791797152539e-05 9.817477042468088222e-02 2.466132417228801277e-01 2.830513601281836474e-14 -1.272715962299849846e+00 -8.880182384379848859e-01 -inf 3.781434280357439115e-01 2.342315998363756332e-32 3.880220413660204898e-02 5.959410103668757190e-27 3.270764421000987160e-02 2.616773141775684541e-01 nan 1.218729292240016381e-02
5.963471259940621220e-05 9.817477042468088222e-02 2.224965085392936470e-01 7.526904099997011276e-13 -1.285562814578815161e+00 -9.695254074443551140e-01 -inf 3.629295871331996715e-01 2.313619642192386343e-32 4.268080006822957961e-02 5.280509145336744459e-24 2.539615977904964572e-02 2.958622350813871482e-01 nan 1.345859827918351355e-02
2.228323397215984649e-04 9.817477042468088222e-02 2.324798376638517183e-01 5.966286631409189505e-11 -1.278946954875235464e+00 -8.981967524728783347e-01 -inf 3.683303762836529494e-01 2.334227092597329909e-32 4.068894315750481994e-02 7.368787978494112104e-20 2.325491937257802288e-02 2.041273321838454891e-01 nan 1.238299316654136589e-02
8.326400759127053179e-04 9.817477042468088222e-02 2.456141610440668588e-01 5.562341127973713053e-09 -1.315184859192302103e+00 -9.315009920354728745e-01 -inf 3.463026702466158735e-01 2.318049281064477062e-32 5.605025228397582382e-02 6.634535300077732562e-16 4.327004190041246201e-02 2.945364601834718488e-01 nan 1.559904179415847608e-02
3.111260676444431092e-03 9.817477042468088222e-02 2.584594909171540333e-01 1.789401040719340543e-07 -1.281649020640116987e+00 -8.257232432680488010e-01 -inf 3.677412742707648063e-01 2.316123351120089935e-32 4.601091503760528639e-02 2.040423835115689141e-13 2.262903304665309437e-02 2.019261808446294881e-01 nan 1.364941582711314688e-02
1.162560303883849143e-02 9.817477042468086834e-02 2.940100460870928578e-01 1.776620765573125261e-05 -1.267078551958866317e+00 -7.678436638390313540e-01 -inf 3.813107602076518665e-01 2.770835410989916309e-32 5.512254633609445925e-02 3.405209828845517190e-09 1.917769475255961392e-02 1.985858607362049333e-01 nan 8.821670970888534705e-03
4.344047640878050121e-02 9.817477042468088222e-02 2.389357802388985541e-01 1.693502227461031343e-04 -1.235320802858807854e+00 -8.508290931293046588e-01 -inf 4.002651778613378064e-01 2.347516009213601792e-32 3.478087799023590193e-02 1.305693265897638956e-07 1.017143713778265526e-02 1.454750206538873436e-01 nan 8.696688635000691947e-03
1.623206111818481512e-01 9.817477042468086834e-02 2.445563218646285841e-01 2.978369222780867347e-03 -1.223475479628609364e+00 -8.628167699678571667e-01 -5.007945632758273646e+00 3.996349630857546353e-01 2.771605782967671050e-32 3.960185098590092434e-02 8.868500534108208791e-06 5.415504866994043202e-03 1.843401171194578858e-01 1.624284194307755280e+00 5.154748907571314771e-03
6.065306597126334243e-01 9.817477042468088222e-02 1.135004086394873490e-01 3.369766766566635596e-02 -1.153415539978173143e+00 -1.177401418542537881e+00 -2.421062123228201912e+00 4.515137064845110570e-01 2.312464084225753957e-32 5.235571380544045555e-03 8.062891671339277554e-04 2.904858488418063552e-03 1.078785498724382230e-01 1.036425828309789798e+00 4.584380993566083452e-03
