
# n_dis 100
# L 2
# dim_loc 4
# lambd 0.9
# hZ 1.0
# betas [0.  0.9 0. ]
# lambdas [0 1 0]
# phi 1.0471975511965976
# JZZ 1.0
# alphas [0.025+0.04330127j 1.   +0.j         0.025-0.04330127j]
# hX 1.0
# eps	gap	shifted_gap	shifted_gap_2	log10_gap	log10_shifted_gap	log10_shifted_gap_2	ratio
3.059023205018257859e-07 3.926990816987235289e-01 3.801188912025184607e-01 3.099909218207130557e-14 -6.994892823669447424e-01 -6.587719977505198665e-01 -inf 3.182074682134525268e-01 3.715349974316304219e-31 1.222407660835336946e-01 4.371042977693755158e-27 5.714315888207335131e-02 2.468354426807057578e-01 nan 3.555718468453880621e-02
1.143041138834414111e-06 3.926990816987234734e-01 3.346104844831940262e-01 3.214878363522188839e-13 -6.350425405191091333e-01 -7.131886034636946148e-01 -inf 3.574433841898509989e-01 4.420394408357583380e-31 8.758605003627263630e-02 1.460184170911100963e-25 3.848957469071973003e-02 2.765403914775313998e-01 nan 3.234950110259202788e-02
4.271111912209492929e-06 3.926990816987235289e-01 3.975888561308068003e-01 7.485607689261542028e-12 -6.641803350173024478e-01 -6.143677581047743974e-01 -inf 3.518556469926630847e-01 3.816730926588848507e-31 1.297036721080194466e-01 6.226353442024677906e-22 4.246380820509775000e-02 2.288715431372955744e-01 nan 3.506842021525149317e-02
1.595952791797152539e-05 3.926990816987234734e-01 4.583920120228519024e-01 7.756664033298222359e-11 -6.813813106050737867e-01 -5.161568350788051651e-01 -inf 3.355804661779961395e-01 4.480175273831363110e-31 1.169536705465745452e-01 1.316490838473030990e-20 4.977323987477730305e-02 1.949423019246306343e-01 nan 3.307182592849012420e-02
5.963471259940621220e-05 3.926990816987234734e-01 4.036143345563292795e-01 1.215338224502815561e-09 -6.631382908289444877e-01 -6.243728684657734451e-01 -inf 3.745471058505627782e-01 4.397283249024936549e-31 1.364998182987310071e-01 7.162946239279857918e-18 6.739218183717346489e-02 2.474069901615854328e-01 nan 4.311749661901438657e-02
2.228323397215984649e-04 3.926990816987235289e-01 4.695992810310103405e-01 1.587743488906667589e-08 -6.855349875215324129e-01 -5.401137667865480996e-01 -inf 3.468224845838562831e-01 3.784375303523143032e-31 1.326176574676430353e-01 1.806559282991261842e-16 4.905543333478813023e-02 2.495072334724806606e-01 nan 3.754483128105559619e-02
8.326400759127053179e-04 3.926990816987234734e-01 4.057283483639655408e-01 2.931779288956049234e-07 -6.817125404805747246e-01 -5.840124051496873303e-01 -inf 3.447892829054767794e-01 4.371398750572372870e-31 9.122101234084727117e-02 4.094529013970982551e-13 5.447113070105990412e-02 2.036692960920744866e-01 nan 3.688213655874676700e-02
3.111260676444431092e-03 3.926990816987234734e-01 4.115765067973027325e-01 6.201434047326537111e-06 -6.776332463945484719e-01 -5.959331766822509868e-01 -inf 3.546891262188139882e-01 4.459529304827532327e-31 1.207331823384992231e-01 9.548641450324619865e-10 5.185328108444205164e-02 2.122962079629724663e-01 nan 2.880174037023930725e-02
1.162560303883849143e-02 3.926990816987235289e-01 3.915119226359979887e-01 3.177354853700353483e-05 -6.228729018500317460e-01 -6.153354186182229402e-01 -7.007496468022440084e+00 3.889938368715630257e-01 3.721204801347241783e-31 8.579735168650078070e-02 1.064045981451201678e-09 3.100253378697240270e-02 2.189368827959634611e-01 7.344960678520366937e-01 3.513329247979629644e-02
4.344047640878050121e-02 3.926990816987234734e-01 4.098644263510213825e-01 4.898736973998579596e-04 -6.506657092215999416e-01 -5.621696839533740775e-01 -5.179296751688375444e+00 3.380138433060495551e-01 4.480791571413567341e-31 1.003580385251925805e-01 3.685808648919445861e-07 2.620453718120942938e-02 1.920320981409117389e-01 7.578811288636972954e-01 2.808788161966558825e-02
1.623206111818481512e-01 3.926990816987235289e-01 3.781194838129081637e-01 6.156654646663899631e-03 -5.849868423874791112e-01 -5.848481673221116450e-01 -3.509126967296839261e+00 4.111613749178459898e-01 3.762496739354903787e-31 8.282083237921146479e-02 4.027701709289243699e-05 1.731030108544254209e-02 1.712500023094893908e-01 7.085708380396184003e-01 2.210185840133988694e-02
6.065306597126334243e-01 3.926990816987234734e-01 2.620070014548609438e-01 6.336776073604565018e-02 -5.397836083719069755e-01 -7.967244835309996720e-01 -1.909816250329596343e+00 4.357959934261406709e-01 4.428714425717336554e-31 3.615191126966717239e-02 3.270880592852531271e-03 5.383098560050470632e-03 1.788992247841029448e-01 5.651593469909641509e-01 1.525695606464047734e-02
