
# dim_loc 4
# n_dis 100
# L 3
# hZ 1.0
# lambdas [0 1 0]
# alphas [0.125+0.21650635j 1.   +0.j         0.125-0.21650635j]
# hX 1.0
# JZZ 1.0
# lambd 0.5
# betas [0.  0.5 0. ]
# phi 1.0471975511965976
# eps	gap	shifted_gap	shifted_gap_2	log10_gap	log10_shifted_gap	log10_shifted_gap_2	ratio
3.059023205018257859e-07 9.817477042468088222e-02 7.386749561597472091e-02 8.150424779529430019e-16 -1.227792176939126234e+00 -1.495744773047958720e+00 -inf 3.914364752925935664e-01 2.365234564701964395e-32 3.104294383420403564e-03 1.425517492867044460e-32 4.201668284183551240e-03 3.888754668047373353e-01 nan 5.135626742928852892e-03
1.143041138834414111e-06 9.817477042468088222e-02 7.701519277367380178e-02 7.825684544826572243e-16 -1.223985765933845338e+00 -1.504271658022391378e+00 -inf 3.884340988971722308e-01 2.307649259364785868e-32 4.262765141484974735e-03 1.494481192315662533e-32 4.003493023597851433e-03 3.489553283778373260e-01 nan 4.164276925920796374e-03
4.271111912209492929e-06 9.817477042468086834e-02 6.942808240318541768e-02 1.405126015541213746e-15 -1.237600307132598054e+00 -1.480510237530842543e+00 -inf 3.786335747800510521e-01 2.763902063190121998e-32 2.532843269755257962e-03 5.001649213740887462e-30 3.857753470477395114e-03 2.220917532342144562e-01 nan 4.130267123800517547e-03
1.595952791797152539e-05 9.817477042468088222e-02 7.693116853575623915e-02 6.793524076620371943e-14 -1.230912983386911908e+00 -1.433601278654614619e+00 -inf 3.857960887730762511e-01 2.329027081747484448e-32 3.376779566607920197e-03 4.031492060462973889e-26 5.435084702803049013e-03 2.200035464583002531e-01 nan 3.593640221343391040e-03
5.963471259940621220e-05 9.817477042468086834e-02 7.655046116722848126e-02 3.536800269321460865e-11 -1.239170256970118622e+00 -1.448835520487197659e+00 -inf 3.772790474042421738e-01 2.782390990656239615e-32 4.111003093484080946e-03 7.581619064795974037e-20 5.289118320458219627e-03 2.306078966397449581e-01 nan 3.993316064503813975e-03
2.228323397215984649e-04 9.817477042468086834e-02 7.674733987114965017e-02 1.130914267788440968e-10 -1.223609296428733284e+00 -1.501135523037344877e+00 -inf 4.001998969337748902e-01 2.770835410989916309e-32 4.491754128287389104e-03 2.081989822096124617e-19 3.065527017733007519e-03 3.975674917355761506e-01 nan 3.335097741970056550e-03
8.326400759127053179e-04 9.817477042468088222e-02 7.862558478171542686e-02 1.165581081957745053e-08 -1.221070308835801255e+00 -1.443770582294531923e+00 -inf 3.839219685416491723e-01 2.354834543002273201e-32 3.360889271403853969e-03 4.442485914975565111e-15 3.818694328602514204e-03 3.296693062499008176e-01 nan 4.153635639733373186e-03
3.111260676444431092e-03 9.817477042468088222e-02 8.552564238235875471e-02 4.321058479779537931e-07 -1.241751338117597969e+00 -1.467417575665511675e+00 -inf 3.814397368793878140e-01 2.325753000842026115e-32 4.463717482933528963e-03 4.187732222107930243e-12 4.524142608317077360e-03 4.498304960920879725e-01 nan 3.972256833570333816e-03
1.162560303883849143e-02 9.817477042468086834e-02 8.218592245277761554e-02 9.486441539211799259e-06 -1.222464086697309993e+00 -1.504210772987238487e+00 -7.674963515628672184e+00 3.934931159038875248e-01 2.770450225001038665e-32 6.821645453386705228e-03 2.939270478496876231e-10 3.609996210270065113e-03 3.899159539567754740e-01 9.591886435039704839e-01 3.227985750687454095e-03
4.344047640878050121e-02 9.817477042468088222e-02 7.564797317625336637e-02 3.375004584383178700e-04 -1.199002438736693765e+00 -1.498480286420886820e+00 -5.469377455626240447e+00 4.165020347405054002e-01 2.350790090119060126e-32 4.287047734348900692e-03 6.817942317157768421e-07 3.160852549326231657e-03 4.051689207218039934e-01 1.058302639652459298e+00 3.791386646813065236e-03
1.623206111818481512e-01 9.817477042468088222e-02 7.189010781199567379e-02 5.075188470880981351e-03 -1.151577724609790687e+00 -1.466039860433110409e+00 -3.300622526210075236e+00 4.564699347903749538e-01 2.337501173502788242e-32 3.077251192335480473e-03 3.122585416400877660e-05 2.305977422916340256e-03 2.714825121749677161e-01 5.437185931804492389e-01 4.234678580691441513e-03
6.065306597126334243e-01 9.817477042468086834e-02 5.468664692062501220e-02 3.357102365689556417e-02 -1.086784724501072441e+00 -1.593311281418407388e+00 -1.878035746532020767e+00 5.361878736974948767e-01 2.780465060711852489e-32 1.457591241879294640e-03 5.103787490114788418e-04 8.772992950103812538e-04 2.264572055154218944e-01 2.875454801783117742e-01 3.448165347926256379e-03
