# L 5
# phi 0.5236
# hz 0.9
#  hx	Delta_0	Delta_2pik	r	log_Delta_0	log_Delta_2pik
2.326305139869999997e-03 2.585672965919999858e-02 3.662464022039999688e-14 4.210110545210000166e-01 -1.858498787010000042e+00 -inf
3.323293056959999818e-03 2.585672965919999858e-02 9.274167533610000654e-13 4.197391313669999735e-01 -1.856394489879999998e+00 -inf
4.747561509939999917e-03 2.585672965919999858e-02 2.297420708180000103e-12 4.180129017059999730e-01 -1.854353696900000070e+00 -inf
6.782230728490000297e-03 2.585672965919999858e-02 4.473386635970000072e-12 4.191085222009999778e-01 -1.858253195979999939e+00 -inf
9.688901040700000425e-03 2.585672965919999858e-02 5.926147261990000200e-11 4.192411162679999803e-01 -1.859021049349999899e+00 -inf
1.384128720100000036e-02 2.585672965919999858e-02 1.445153207599999919e-09 4.148833199529999849e-01 -1.856187027640000098e+00 -inf
1.977326743000000150e-02 2.585672965919999858e-02 1.201642375319999919e-09 4.126135653349999877e-01 -1.860009639989999908e+00 -inf
2.824752490000000116e-02 2.585672965919999858e-02 1.142397158030000001e-08 4.163340873460000258e-01 -1.845305267180000097e+00 -inf
4.035360699999999967e-02 2.585672965919999858e-02 7.340156844830000158e-08 4.028186615559999906e-01 -1.854236891670000054e+00 -inf
5.764800999999999953e-02 2.585672965919999858e-02 5.230446445429999620e-07 4.122340894250000054e-01 -1.832294953479999933e+00 -8.485220217769999351e+00
8.235430000000000528e-02 2.585672965919999858e-02 1.437631993629999938e-06 3.924748514360000273e-01 -1.840825978790000095e+00 -7.787864404069999580e+00
1.176490000000000036e-01 2.585672965919999858e-02 5.715843314619999926e-06 4.136143504959999828e-01 -1.823319460460000041e+00 -6.791928316139999922e+00
1.680699999999999972e-01 2.585672965919999858e-02 4.198926598580000251e-05 4.109616208060000164e-01 -1.804209287269999962e+00 -5.789170968529999683e+00
2.401000000000000079e-01 2.585672965919999858e-02 1.815233792380000020e-04 4.190738743369999963e-01 -1.788744203230000052e+00 -4.952823540249999823e+00
3.430000000000000271e-01 2.585672965919999858e-02 5.851263150479999982e-04 4.221449842989999923e-01 -1.774681648809999901e+00 -4.251169006629999636e+00
4.899999999999999911e-01 2.585672965919999858e-02 1.414954227949999973e-03 4.530803948239999768e-01 -1.743020339599999913e+00 -3.781522776080000092e+00
