# L 5
# phi 0.4363
# hz 0.9
#  hx	Delta_0	Delta_2pik	r	log_Delta_0	log_Delta_2pik
2.326305139869999997e-03 2.585672965919999858e-02 5.295244462390000038e-12 3.745893983570000030e-01 -1.855044192780000101e+00 -inf
3.323293056959999818e-03 2.585672965919999858e-02 3.246292653439999924e-10 3.749647212969999810e-01 -1.855670505830000039e+00 -inf
4.747561509939999917e-03 2.585672965919999858e-02 1.409577620899999961e-09 3.751280053550000160e-01 -1.856301520189999943e+00 -inf
6.782230728490000297e-03 2.585672965919999858e-02 2.582350328269999831e-10 3.772076331209999744e-01 -1.853139607859999982e+00 -inf
9.688901040700000425e-03 2.585672965919999858e-02 2.226513643930000106e-09 3.788740240560000139e-01 -1.849083006629999915e+00 -inf
1.384128720100000036e-02 2.585672965919999858e-02 2.972080918550000095e-08 3.807588924409999742e-01 -1.846676746219999998e+00 -inf
1.977326743000000150e-02 2.585672965919999858e-02 2.049718400470000113e-08 3.872013380970000251e-01 -1.840948859710000107e+00 -inf
2.824752490000000116e-02 2.585672965919999858e-02 1.567798814330000101e-07 3.862888161390000130e-01 -1.837240073950000108e+00 -9.042741631189999296e+00
4.035360699999999967e-02 2.585672965919999858e-02 7.101338050109999987e-07 3.862353666219999759e-01 -1.838018170550000052e+00 -8.343735547419999676e+00
5.764800999999999953e-02 2.585672965919999858e-02 5.344086414720000299e-06 3.904180829650000240e-01 -1.824223681809999942e+00 -7.325506343119999819e+00
8.235430000000000528e-02 2.585672965919999858e-02 7.167223992999999859e-06 3.985288394050000016e-01 -1.812726411989999953e+00 -6.739626732729999681e+00
1.176490000000000036e-01 2.585672965919999858e-02 3.526658760730000050e-05 4.088241935599999932e-01 -1.799043164560000019e+00 -5.953023947870000221e+00
1.680699999999999972e-01 2.585672965919999858e-02 7.248860199149999859e-05 4.088134593480000079e-01 -1.787017559839999992e+00 -5.282690135270000198e+00
2.401000000000000079e-01 2.585672965919999858e-02 3.515492510259999996e-04 4.210912982250000214e-01 -1.771894219770000056e+00 -4.483705931550000301e+00
3.430000000000000271e-01 2.585672965919999858e-02 8.039751577899999918e-04 4.348325946000000108e-01 -1.757997773160000055e+00 -3.932498954879999786e+00
4.899999999999999911e-01 2.585672965919999858e-02 2.196572990040000003e-03 4.701699539029999819e-01 -1.722459014650000064e+00 -3.417871203859999873e+00
