# L 4
# phi -0.2618
# hz 0.9
#  hx	Delta_0	Delta_2pik	r	log_Delta_0	log_Delta_2pik
2.326305139869999997e-03 7.757018897749999586e-02 2.498228329280000057e-11 3.676498787349999908e-01 -1.354670191459999895e+00 -inf
3.323293056959999818e-03 7.757018897749999586e-02 8.706007865239999950e-11 3.684815801810000235e-01 -1.354066641439999996e+00 -inf
4.747561509939999917e-03 7.757018897749999586e-02 7.910604158549999828e-10 3.691603667080000095e-01 -1.353173541210000108e+00 -inf
6.782230728490000297e-03 7.757018897749999586e-02 2.516980063930000010e-09 3.714756715659999764e-01 -1.350971924480000030e+00 -9.955992231979999829e+00
9.688901040700000425e-03 7.757018897749999586e-02 1.838731689880000039e-08 3.709992315860000112e-01 -1.351923744040000042e+00 -9.347558510360000739e+00
1.384128720100000036e-02 7.757018897749999586e-02 1.074546954929999995e-07 3.730606398060000162e-01 -1.350204484110000047e+00 -8.807465335150000740e+00
1.977326743000000150e-02 7.757018897749999586e-02 1.522316752319999901e-07 3.786118314749999936e-01 -1.347074884750000034e+00 -8.150885715110000262e+00
2.824752490000000116e-02 7.757018897749999586e-02 4.197723862589999963e-07 3.775320392770000200e-01 -1.344567500269999938e+00 -7.587521149159999645e+00
4.035360699999999967e-02 7.757018897749999586e-02 1.430702987349999998e-06 3.909269975140000075e-01 -1.338390350060000067e+00 -6.928755634749999892e+00
5.764800999999999953e-02 7.757018897749999586e-02 8.004373761819999863e-06 3.852278219479999821e-01 -1.331561473640000104e+00 -6.313721428430000060e+00
8.235430000000000528e-02 7.757018897749999586e-02 2.149563062080000163e-05 3.958250188049999840e-01 -1.322672902889999946e+00 -5.920479330100000048e+00
1.176490000000000036e-01 7.757018897749999586e-02 7.989861063619999742e-05 4.055386426650000042e-01 -1.308460755810000098e+00 -5.054029009619999790e+00
1.680699999999999972e-01 7.757018897749999586e-02 3.549415380470000224e-04 4.070058403110000111e-01 -1.294104884350000040e+00 -4.390301849500000131e+00
2.401000000000000079e-01 7.757018897749999586e-02 8.168897249570000350e-04 4.237106236000000026e-01 -1.279307586160000065e+00 -3.887163845709999954e+00
3.430000000000000271e-01 7.757018897749999586e-02 2.161132321239999949e-03 4.359527645460000156e-01 -1.272748792310000043e+00 -3.346796932979999806e+00
4.899999999999999911e-01 7.757018897749999586e-02 4.493835736489999906e-03 4.768644755170000082e-01 -1.234775728580000065e+00 -2.879182187520000102e+00
