# L 4
# phi 0.2618
# hz 0.9
#  hx	Delta_0	Delta_2pik	r	log_Delta_0	log_Delta_2pik
2.326305139869999997e-03 7.757018897749999586e-02 2.736967283810000045e-11 3.663102705679999738e-01 -1.355348712729999905e+00 -inf
3.323293056959999818e-03 7.757018897749999586e-02 6.643044896059999576e-11 3.664705161030000213e-01 -1.354823392249999925e+00 -inf
4.747561509939999917e-03 7.757018897749999586e-02 2.869255906119999792e-10 3.669142776289999741e-01 -1.353538647689999985e+00 -1.059300207919999970e+01
6.782230728490000297e-03 7.757018897749999586e-02 1.408589048530000066e-09 3.670766762900000146e-01 -1.352770885740000040e+00 -1.010450438700000042e+01
9.688901040700000425e-03 7.757018897749999586e-02 4.255427154960000337e-09 3.679024233389999732e-01 -1.350688719499999912e+00 -9.378920588550000659e+00
1.384128720100000036e-02 7.757018897749999586e-02 2.139372243010000106e-08 3.695801450189999948e-01 -1.350018369200000068e+00 -8.675570582440000678e+00
1.977326743000000150e-02 7.757018897749999586e-02 1.234209307959999944e-07 3.713666869239999890e-01 -1.349334717969999931e+00 -8.160111961640000189e+00
2.824752490000000116e-02 7.757018897749999586e-02 4.448577467519999838e-07 3.717347778100000277e-01 -1.343920170200000097e+00 -7.522819373719999980e+00
4.035360699999999967e-02 7.757018897749999586e-02 2.279118790550000192e-06 3.778580510969999917e-01 -1.337702258930000054e+00 -6.784409497400000433e+00
5.764800999999999953e-02 7.757018897749999586e-02 1.048884792169999982e-05 3.811188595459999995e-01 -1.328783516879999960e+00 -6.200515515780000264e+00
8.235430000000000528e-02 7.757018897749999586e-02 2.706950763050000071e-05 3.887483578490000258e-01 -1.323557480100000072e+00 -5.740914495400000206e+00
1.176490000000000036e-01 7.757018897749999586e-02 7.878392444180000031e-05 3.921134118140000013e-01 -1.317798823920000029e+00 -5.011562873269999940e+00
1.680699999999999972e-01 7.757018897749999586e-02 2.706574592750000236e-04 4.062450816079999916e-01 -1.303283034399999929e+00 -4.536367020960000218e+00
2.401000000000000079e-01 7.757018897749999586e-02 9.700327828710000270e-04 4.222303988119999740e-01 -1.281127946850000088e+00 -3.823422368940000204e+00
3.430000000000000271e-01 7.757018897749999586e-02 2.086887291370000119e-03 4.472708836829999979e-01 -1.254820100919999959e+00 -3.392337465169999788e+00
4.899999999999999911e-01 7.757018897749999586e-02 4.702288909949999679e-03 4.653320394659999915e-01 -1.244163370139999891e+00 -2.888356038279999982e+00
