# L 2
# phi 0.0374
# hz 0.9
#  hx	Delta_0	Delta_2pik	r	log_Delta_0	log_Delta_2pik
2.326305139869999997e-03 6.981317007980000211e-01 1.241060380939999942e-05 2.423245235510000095e-01 -4.590530116770000224e-01 -5.635187442120000334e+00
3.323293056959999818e-03 6.981317007980000211e-01 2.529818424759999962e-05 2.423888570130000031e-01 -4.589735399880000011e-01 -5.516876050629999639e+00
4.747561509939999917e-03 6.981317007980000211e-01 5.228618036789999847e-05 2.424728639829999977e-01 -4.588000591929999872e-01 -5.128373511530000428e+00
6.782230728490000297e-03 6.981317007980000211e-01 9.887679651280000491e-05 2.427186122349999919e-01 -4.583748046639999907e-01 -4.826542154770000259e+00
9.688901040700000425e-03 6.981317007980000211e-01 2.278786118160000052e-04 2.431757249519999886e-01 -4.574596723609999915e-01 -4.426946157289999739e+00
1.384128720100000036e-02 6.981317007980000211e-01 4.062452193950000083e-04 2.440754981380000022e-01 -4.563564742890000026e-01 -4.154519184309999780e+00
1.977326743000000150e-02 6.981317007980000211e-01 1.008757260680000038e-03 2.463729836999999923e-01 -4.535955566670000216e-01 -3.786122590300000201e+00
2.824752490000000116e-02 6.981317007980000211e-01 1.600710495789999964e-03 2.493498153710000109e-01 -4.492371946900000079e-01 -3.549018618139999859e+00
4.035360699999999967e-02 6.981317007980000211e-01 2.595540471509999794e-03 2.529925519819999913e-01 -4.449079842070000068e-01 -3.411496234169999919e+00
5.764800999999999953e-02 6.981317007980000211e-01 5.386800793729999877e-03 2.635024288739999943e-01 -4.335987090019999823e-01 -3.030640160289999940e+00
8.235430000000000528e-02 6.981317007980000211e-01 8.313748239750000379e-03 2.753137664549999974e-01 -4.210221025220000080e-01 -2.789703876769999980e+00
1.176490000000000036e-01 6.981317007980000211e-01 1.536962092879999922e-02 2.877553423829999901e-01 -3.980219953649999920e-01 -2.406950141179999836e+00
1.680699999999999972e-01 6.981317007980000211e-01 2.026573664780000061e-02 3.067392317350000064e-01 -3.727511320940000150e-01 -2.259466811179999812e+00
2.401000000000000079e-01 6.981317007980000211e-01 3.442353976999999732e-02 3.289746514449999881e-01 -3.489699522199999904e-01 -1.904155845640000067e+00
3.430000000000000271e-01 6.981317007980000211e-01 4.781981356779999720e-02 3.736761117679999744e-01 -3.137852684849999907e-01 -1.835874882950000009e+00
4.899999999999999911e-01 6.981317007980000211e-01 7.333482731859999881e-02 4.296151328919999846e-01 -2.738089392229999808e-01 -1.522863686770000058e+00
