# L 3
# phi -0.0499
# hz 0.9
#  hx	Delta_0	Delta_2pik	r	log_Delta_0	log_Delta_2pik
2.326305139869999997e-03 2.327105669329999904e-01 4.669961719549999686e-08 3.710526331940000033e-01 -9.547359745029999623e-01 -8.356322774749999738e+00
3.323293056959999818e-03 2.327105669329999904e-01 1.687828252640000101e-07 3.714749896299999743e-01 -9.539219621810000049e-01 -7.707508370300000244e+00
4.747561509939999917e-03 2.327105669329999904e-01 4.688896031560000177e-07 3.713472967850000028e-01 -9.529452794520000269e-01 -7.396105283379999840e+00
6.782230728490000297e-03 2.327105669329999904e-01 1.103995318609999984e-06 3.717618587500000071e-01 -9.528218878359999700e-01 -6.904109195860000270e+00
9.688901040700000425e-03 2.327105669329999904e-01 4.028244404419999975e-06 3.735068385259999735e-01 -9.491209722350000266e-01 -6.413888455170000391e+00
1.384128720100000036e-02 2.327105669329999904e-01 9.116801967039999164e-06 3.762324690159999929e-01 -9.480155864410000355e-01 -6.055121107539999770e+00
1.977326743000000150e-02 2.327105669329999904e-01 2.563546354280000114e-05 3.788659271770000170e-01 -9.405578199590000077e-01 -5.567463017469999720e+00
2.824752490000000116e-02 2.327105669329999904e-01 8.641226933520000186e-05 3.822602358639999864e-01 -9.357041053119999896e-01 -4.941138253410000125e+00
4.035360699999999967e-02 2.327105669329999904e-01 2.228807706630000032e-04 3.861637741830000192e-01 -9.312320821380000169e-01 -4.447609577859999774e+00
5.764800999999999953e-02 2.327105669329999904e-01 6.318660021889999827e-04 3.947134276800000063e-01 -9.206460729209999805e-01 -4.136107860880000153e+00
8.235430000000000528e-02 2.327105669329999904e-01 1.641169731260000084e-03 4.076642111189999751e-01 -9.084546743829999826e-01 -3.699467643349999779e+00
1.176490000000000036e-01 2.327105669329999904e-01 3.242811542200000133e-03 4.111444963990000256e-01 -8.923231718459999628e-01 -3.183799631999999935e+00
1.680699999999999972e-01 2.327105669329999904e-01 7.068988695830000397e-03 4.442203016380000258e-01 -8.608173648500000441e-01 -2.858988981670000040e+00
2.401000000000000079e-01 2.327105669329999904e-01 1.050793670799999961e-02 4.451894409789999840e-01 -8.483533125609999948e-01 -2.577693791100000187e+00
3.430000000000000271e-01 2.327105669329999904e-01 1.831625724479999870e-02 4.534175472160000275e-01 -8.167586089220000289e-01 -2.213814405499999971e+00
4.899999999999999911e-01 2.327105669329999904e-01 3.045669369139999971e-02 4.594141453159999999e-01 -7.882362692509999880e-01 -1.963132455510000041e+00
