# L 2
# phi -0.0249
# hz 0.9
#  hx	Delta_0	Delta_2pik	r	log_Delta_0	log_Delta_2pik
2.326305139869999997e-03 6.981317007980000211e-01 1.894250656119999876e-05 2.162630321550000068e-01 -5.129244687889999987e-01 -5.631269241450000074e+00
3.323293056959999818e-03 6.981317007980000211e-01 4.048174689319999849e-05 2.163800109310000108e-01 -5.126812313680000344e-01 -5.302211877549999564e+00
4.747561509939999917e-03 6.981317007980000211e-01 7.363074951600000347e-05 2.165875400800000017e-01 -5.121053355489999515e-01 -5.106140255219999702e+00
6.782230728490000297e-03 6.981317007980000211e-01 1.792897253200000085e-04 2.170029610670000109e-01 -5.114492960969999613e-01 -4.649945445700000235e+00
9.688901040700000425e-03 6.981317007980000211e-01 2.930371551599999808e-04 2.177862204090000031e-01 -5.098474518169999747e-01 -4.397530237889999860e+00
1.384128720100000036e-02 6.981317007980000211e-01 6.708807612570000375e-04 2.198075945150000099e-01 -5.069390322190000520e-01 -3.946254831010000075e+00
1.977326743000000150e-02 6.981317007980000211e-01 1.066575933029999994e-03 2.223844325040000014e-01 -5.019048341399999780e-01 -3.801049404280000044e+00
2.824752490000000116e-02 6.981317007980000211e-01 2.235107963219999921e-03 2.287354476859999874e-01 -4.928246407169999954e-01 -3.461147004209999878e+00
4.035360699999999967e-02 6.981317007980000211e-01 3.813000668629999874e-03 2.354269320980000024e-01 -4.844932362430000028e-01 -3.233847275190000037e+00
5.764800999999999953e-02 6.981317007980000211e-01 6.757893633179999811e-03 2.537968332030000052e-01 -4.630610715399999799e-01 -2.835409320310000147e+00
8.235430000000000528e-02 6.981317007980000211e-01 1.044636123740000019e-02 2.726185543360000185e-01 -4.389418837740000079e-01 -2.616800897810000137e+00
1.176490000000000036e-01 6.981317007980000211e-01 1.921944250309999894e-02 2.856493439539999901e-01 -4.134803639879999770e-01 -2.247683095699999800e+00
1.680699999999999972e-01 6.981317007980000211e-01 2.248658988530000125e-02 3.061245206900000126e-01 -3.883367682300000179e-01 -2.238837655399999793e+00
2.401000000000000079e-01 6.981317007980000211e-01 3.345981804639999724e-02 3.430226166359999773e-01 -3.504892144489999972e-01 -1.955336065450000049e+00
3.430000000000000271e-01 6.981317007980000211e-01 4.858134534380000036e-02 3.684513947120000021e-01 -3.176606555750000060e-01 -1.754412051469999900e+00
4.899999999999999911e-01 6.981317007980000211e-01 7.004992987949999750e-02 4.223207901850000168e-01 -2.783302240000000150e-01 -1.593821742380000073e+00
