# L 4
# phi 0.0125
# hz 0.9
#  hx	Delta_0	Delta_2pik	r	log_Delta_0	log_Delta_2pik
2.326305139869999997e-03 7.757018897749999586e-02 1.504456573950000068e-08 3.526512759020000165e-01 -1.593083607160000081e+00 -9.649224156740000780e+00
3.323293056959999818e-03 7.757018897749999586e-02 6.813170014060000597e-08 3.571542889520000208e-01 -1.589389840750000005e+00 -9.159235034199999959e+00
4.747561509939999917e-03 7.757018897749999586e-02 1.595677874739999928e-07 3.590668162369999861e-01 -1.582752268109999916e+00 -8.575518003799999178e+00
6.782230728490000297e-03 7.757018897749999586e-02 8.576678756120000424e-07 3.684453195130000247e-01 -1.580341298930000082e+00 -inf
9.688901040700000425e-03 7.757018897749999586e-02 3.887560493220000291e-06 3.732186019559999846e-01 -1.577511263379999917e+00 -7.201930501349999680e+00
1.384128720100000036e-02 7.757018897749999586e-02 9.892751696750000742e-06 3.832838323889999899e-01 -1.564585811629999990e+00 -6.680822285949999717e+00
1.977326743000000150e-02 7.757018897749999586e-02 3.529509015100000064e-05 3.928890287180000218e-01 -1.554131015470000099e+00 -6.062286821669999881e+00
2.824752490000000116e-02 7.757018897749999586e-02 1.632244612230000129e-04 3.841397568489999803e-01 -1.547728277939999897e+00 -5.448775787249999780e+00
4.035360699999999967e-02 7.757018897749999586e-02 3.310650865809999809e-04 3.967478428499999765e-01 -1.527338274269999907e+00 -5.016512021729999660e+00
5.764800999999999953e-02 7.757018897749999586e-02 7.996803616039999856e-04 4.111639486879999916e-01 -1.496131039200000012e+00 -4.373796287150000239e+00
8.235430000000000528e-02 7.757018897749999586e-02 1.564510003979999999e-03 4.198188011360000083e-01 -1.460580089220000044e+00 -3.959129531129999879e+00
1.176490000000000036e-01 7.757018897749999586e-02 2.831140775650000177e-03 4.386930721649999754e-01 -1.414087497949999994e+00 -3.401038145469999829e+00
1.680699999999999972e-01 7.757018897749999586e-02 5.015053288730000197e-03 4.474999856010000165e-01 -1.365157565669999906e+00 -3.086479251750000152e+00
2.401000000000000079e-01 7.757018897749999586e-02 7.961908540249999430e-03 4.459241720559999900e-01 -1.327118426199999979e+00 -2.662974679419999990e+00
3.430000000000000271e-01 7.757018897749999586e-02 1.079747935480000059e-02 4.646578209489999889e-01 -1.299621052460000037e+00 -2.491200226170000143e+00
4.899999999999999911e-01 7.757018897749999586e-02 1.510695933430000054e-02 4.749577325429999997e-01 -1.266161197550000006e+00 -2.264291257770000065e+00
