# L 5
# phi -0.3491
# hz 0.9
#  hx	Delta_0	Delta_2pik	r	log_Delta_0	log_Delta_2pik
2.326305139869999997e-03 2.585672965919999858e-02 3.807968115499999855e-14 3.854544631710000169e-01 -1.829026317410000102e+00 -inf
3.323293056959999818e-03 2.585672965919999858e-02 2.796566270739999992e-13 3.858405102219999994e-01 -1.828557557009999890e+00 -inf
4.747561509939999917e-03 2.585672965919999858e-02 1.092547616160000025e-12 3.864248419619999986e-01 -1.826782645199999999e+00 -inf
6.782230728490000297e-03 2.585672965919999858e-02 8.986333725619999606e-12 3.864354140769999946e-01 -1.826512918529999974e+00 -inf
9.688901040700000425e-03 2.585672965919999858e-02 4.049600932589999678e-11 3.880505598790000010e-01 -1.825224347490000065e+00 -inf
1.384128720100000036e-02 2.585672965919999858e-02 4.718760096340000185e-10 3.912768545859999780e-01 -1.824778884739999940e+00 -inf
1.977326743000000150e-02 2.585672965919999858e-02 2.370055050099999991e-09 3.913212260839999956e-01 -1.820237412310000025e+00 -inf
2.824752490000000116e-02 2.585672965919999858e-02 1.183829323519999998e-08 3.880187409199999937e-01 -1.822734800140000111e+00 -9.249981943630000814e+00
4.035360699999999967e-02 2.585672965919999858e-02 1.045358790970000045e-07 3.894302856369999954e-01 -1.817372627769999971e+00 -inf
5.764800999999999953e-02 2.585672965919999858e-02 4.320876521890000026e-07 3.896002739819999783e-01 -1.815625021650000059e+00 -7.723299639600000432e+00
8.235430000000000528e-02 2.585672965919999858e-02 3.417008510119999811e-06 3.970329293109999824e-01 -1.805789562820000027e+00 -6.878784898650000201e+00
1.176490000000000036e-01 2.585672965919999858e-02 1.171232295179999933e-05 4.013249126310000081e-01 -1.798529440830000103e+00 -6.295673363819999757e+00
1.680699999999999972e-01 2.585672965919999858e-02 4.404512050879999698e-05 4.036685310159999762e-01 -1.788742140150000104e+00 -5.521610792499999754e+00
2.401000000000000079e-01 2.585672965919999858e-02 2.309535686949999961e-04 4.209337973510000053e-01 -1.774331780110000034e+00 -4.795689880040000297e+00
3.430000000000000271e-01 2.585672965919999858e-02 7.911247695429999985e-04 4.401502820670000204e-01 -1.746477816130000082e+00 -3.930852815949999801e+00
4.899999999999999911e-01 2.585672965919999858e-02 2.065747823159999955e-03 4.714976070899999927e-01 -1.719301567530000074e+00 -3.366145726950000139e+00
