# L 5
# phi -0.4363
# hz 0.9
#  hx	Delta_0	Delta_2pik	r	log_Delta_0	log_Delta_2pik
2.326305139869999997e-03 2.585672965919999858e-02 9.418493109340000794e-12 3.844414870349999735e-01 -1.830788171130000030e+00 -inf
3.323293056959999818e-03 2.585672965919999858e-02 9.861749551409999432e-12 3.855563213709999881e-01 -1.829453542610000039e+00 -inf
4.747561509939999917e-03 2.585672965919999858e-02 2.480694622379999882e-10 3.863268165479999960e-01 -1.829037183020000068e+00 -inf
6.782230728490000297e-03 2.585672965919999858e-02 1.904818652510000033e-10 3.883979751459999963e-01 -1.828678938879999993e+00 -inf
9.688901040700000425e-03 2.585672965919999858e-02 5.329257588130000313e-10 3.846682128310000004e-01 -1.830100274529999904e+00 -inf
1.384128720100000036e-02 2.585672965919999858e-02 5.602455387109999897e-08 3.917312111460000135e-01 -1.822458147339999890e+00 -inf
1.977326743000000150e-02 2.585672965919999858e-02 2.410405046769999984e-07 3.931688406519999734e-01 -1.824610644050000063e+00 -9.725333472870000051e+00
2.824752490000000116e-02 2.585672965919999858e-02 1.991608242060000168e-06 3.957075288790000145e-01 -1.821702044240000040e+00 -8.811977992639999258e+00
4.035360699999999967e-02 2.585672965919999858e-02 1.873380953239999983e-06 4.067245814859999919e-01 -1.804783112620000018e+00 -8.006177412470000476e+00
5.764800999999999953e-02 2.585672965919999858e-02 6.685985024599999930e-06 4.037881171489999810e-01 -1.811570767300000107e+00 -7.194744668430000267e+00
8.235430000000000528e-02 2.585672965919999858e-02 2.708495800549999921e-05 4.082114861780000159e-01 -1.805638754140000080e+00 -6.394231495469999693e+00
1.176490000000000036e-01 2.585672965919999858e-02 5.707753260350000192e-05 4.059168035130000241e-01 -1.803112120430000020e+00 -5.667058956139999992e+00
1.680699999999999972e-01 2.585672965919999858e-02 1.831754292269999922e-04 4.089137685940000266e-01 -1.789405494900000004e+00 -5.108247516559999646e+00
2.401000000000000079e-01 2.585672965919999858e-02 4.579369836870000074e-04 4.237181721430000048e-01 -1.777348583970000062e+00 -4.453502174759999654e+00
3.430000000000000271e-01 2.585672965919999858e-02 1.438399381260000061e-03 4.366671678080000230e-01 -1.755173807950000109e+00 -3.673798614109999860e+00
4.899999999999999911e-01 2.585672965919999858e-02 2.520907633159999873e-03 4.630432591990000235e-01 -1.725867235519999987e+00 -3.249329306039999921e+00
