# L 5
# phi -0.0374
# hz 0.9
#  hx	Delta_0	Delta_2pik	r	log_Delta_0	log_Delta_2pik
2.326305139869999997e-03 2.585672965919999858e-02 2.635018422019999967e-12 3.726755553039999835e-01 -1.930217236180000073e+00 -inf
3.323293056959999818e-03 2.585672965919999858e-02 1.590102060079999914e-11 3.760784210199999977e-01 -1.926635532079999935e+00 -inf
4.747561509939999917e-03 2.585672965919999858e-02 1.102178674439999971e-10 3.765477720250000049e-01 -1.925053631649999986e+00 -inf
6.782230728490000297e-03 2.585672965919999858e-02 5.277608010599999969e-10 3.792238654519999863e-01 -1.919878029870000002e+00 -inf
9.688901040700000425e-03 2.585672965919999858e-02 3.605952862979999907e-09 3.804838811730000270e-01 -1.920937454179999948e+00 -inf
1.384128720100000036e-02 2.585672965919999858e-02 2.755264394409999874e-08 3.837726595059999801e-01 -1.914719007800000039e+00 -9.145549242050000416e+00
1.977326743000000150e-02 2.585672965919999858e-02 1.337124221820000060e-07 3.818213528730000084e-01 -1.913061639189999941e+00 -8.423561287020000066e+00
2.824752490000000116e-02 2.585672965919999858e-02 6.679632880750000257e-07 3.930487085209999898e-01 -1.895616080359999955e+00 -7.718719065380000188e+00
4.035360699999999967e-02 2.585672965919999858e-02 6.084141845540000418e-06 4.032415120000000242e-01 -1.883286369239999924e+00 -6.624585390940000096e+00
5.764800999999999953e-02 2.585672965919999858e-02 2.022441044479999895e-05 4.014764170990000047e-01 -1.877710766150000099e+00 -6.189680570920000235e+00
8.235430000000000528e-02 2.585672965919999858e-02 1.314176694670000033e-04 4.093864087679999764e-01 -1.865429566620000035e+00 -5.355950579149999946e+00
1.176490000000000036e-01 2.585672965919999858e-02 5.608603995550000276e-04 4.270646217529999733e-01 -1.838233600089999920e+00 -4.424293782610000392e+00
1.680699999999999972e-01 2.585672965919999858e-02 1.260252095740000029e-03 4.426153296229999867e-01 -1.818730794759999991e+00 -3.816714418310000134e+00
2.401000000000000079e-01 2.585672965919999858e-02 2.780065407600000160e-03 4.514503865510000047e-01 -1.786559856010000003e+00 -3.296768413360000149e+00
3.430000000000000271e-01 2.585672965919999858e-02 3.335166763479999793e-03 4.639409120810000231e-01 -1.762027012859999964e+00 -3.155953387609999883e+00
4.899999999999999911e-01 2.585672965919999858e-02 5.898019773130000129e-03 4.771581030390000255e-01 -1.728125587909999927e+00 -2.745702766790000027e+00
