# L 5
# phi 0.3491
# hz 0.9
#  hx	Delta_0	Delta_2pik	r	log_Delta_0	log_Delta_2pik
2.326305139869999997e-03 2.585672965919999858e-02 1.379837442290000010e-13 3.869753570810000043e-01 -1.825275367990000008e+00 -inf
3.323293056959999818e-03 2.585672965919999858e-02 1.948989301000000078e-13 3.878661618450000015e-01 -1.824515332050000049e+00 -inf
4.747561509939999917e-03 2.585672965919999858e-02 5.761787334399999600e-12 3.880656304769999898e-01 -1.823963714390000046e+00 -inf
6.782230728490000297e-03 2.585672965919999858e-02 2.092662328200000008e-10 3.870654264530000166e-01 -1.825325368899999967e+00 -inf
9.688901040700000425e-03 2.585672965919999858e-02 2.563424953420000112e-10 3.900985997749999989e-01 -1.822994175730000110e+00 -inf
1.384128720100000036e-02 2.585672965919999858e-02 1.591716007430000057e-09 3.884394727869999731e-01 -1.824845514389999979e+00 -inf
1.977326743000000150e-02 2.585672965919999858e-02 1.122020133099999986e-08 3.882595516210000097e-01 -1.823351579419999924e+00 -inf
2.824752490000000116e-02 2.585672965919999858e-02 5.370938614859999803e-08 3.922456824719999791e-01 -1.818856855559999985e+00 -inf
4.035360699999999967e-02 2.585672965919999858e-02 1.383947662639999874e-07 3.905634039640000221e-01 -1.819349467419999922e+00 -8.390986888820000544e+00
5.764800999999999953e-02 2.585672965919999858e-02 2.852382079669999991e-06 3.907953938859999865e-01 -1.816612706529999954e+00 -inf
8.235430000000000528e-02 2.585672965919999858e-02 6.342956496709999781e-06 3.959836098050000253e-01 -1.808253569039999897e+00 -6.956489884589999839e+00
1.176490000000000036e-01 2.585672965919999858e-02 1.545658083409999996e-05 4.018530394609999834e-01 -1.798054600359999977e+00 -6.133609393439999558e+00
1.680699999999999972e-01 2.585672965919999858e-02 7.367302767410000182e-05 4.030575304669999914e-01 -1.791603915789999890e+00 -5.346375786050000301e+00
2.401000000000000079e-01 2.585672965919999858e-02 3.274042732280000104e-04 4.211846342700000245e-01 -1.769140570010000024e+00 -4.506745893119999735e+00
3.430000000000000271e-01 2.585672965919999858e-02 7.258113974770000242e-04 4.310069680629999844e-01 -1.754166631659999975e+00 -4.122764148189999922e+00
4.899999999999999911e-01 2.585672965919999858e-02 2.067427582889999876e-03 4.789972508950000041e-01 -1.720354527560000069e+00 -3.349617366469999968e+00
