# L 4
# phi 0.4363
# hz 0.9
#  hx	Delta_0	Delta_2pik	r	log_Delta_0	log_Delta_2pik
2.326305139869999997e-03 7.757018897749999586e-02 3.365005421080000005e-11 3.803105854989999868e-01 -1.379134199469999933e+00 -inf
3.323293056959999818e-03 7.757018897749999586e-02 3.159219401310000135e-10 3.820810635760000240e-01 -1.376623722299999963e+00 -1.109592072420000086e+01
4.747561509939999917e-03 7.757018897749999586e-02 1.601659858130000054e-09 3.809095809790000176e-01 -1.376726456669999932e+00 -1.041798558720000045e+01
6.782230728490000297e-03 7.757018897749999586e-02 6.651915149459999978e-09 3.822301499529999758e-01 -1.373575287249999999e+00 -inf
9.688901040700000425e-03 7.757018897749999586e-02 3.231015735710000139e-08 3.864353947449999938e-01 -1.370692683359999942e+00 -9.218984057700000179e+00
1.384128720100000036e-02 7.757018897749999586e-02 7.493674528149999755e-08 3.855147864360000121e-01 -1.366008028620000037e+00 -8.563980089430000220e+00
1.977326743000000150e-02 7.757018897749999586e-02 2.852084958569999749e-07 3.828455812620000231e-01 -1.364142304690000085e+00 -7.963849754499999989e+00
2.824752490000000116e-02 7.757018897749999586e-02 1.217792762669999900e-06 3.905855599440000159e-01 -1.351212093680000059e+00 -7.473072354540000184e+00
4.035360699999999967e-02 7.757018897749999586e-02 4.619993934410000411e-06 3.913743281320000156e-01 -1.346352524590000099e+00 -6.585245062700000318e+00
5.764800999999999953e-02 7.757018897749999586e-02 2.645825396399999988e-05 3.990812256169999905e-01 -1.341178183920000100e+00 -5.989400460289999728e+00
8.235430000000000528e-02 7.757018897749999586e-02 5.984871920360000213e-05 3.939113050579999831e-01 -1.334141931500000045e+00 -5.710171945379999947e+00
1.176490000000000036e-01 7.757018897749999586e-02 1.532973849549999984e-04 4.061888930890000249e-01 -1.319108387810000060e+00 -4.822052266950000110e+00
1.680699999999999972e-01 7.757018897749999586e-02 3.795708558120000154e-04 4.006362765220000122e-01 -1.313029904560000016e+00 -4.339508292189999672e+00
2.401000000000000079e-01 7.757018897749999586e-02 1.386020009489999892e-03 4.327438769540000174e-01 -1.278824808420000014e+00 -3.753911801010000104e+00
3.430000000000000271e-01 7.757018897749999586e-02 2.800061001999999948e-03 4.524203929169999805e-01 -1.257678416200000093e+00 -3.306705402049999964e+00
4.899999999999999911e-01 7.757018897749999586e-02 5.414738877199999807e-03 4.640788186379999902e-01 -1.244798904979999898e+00 -2.957277389670000201e+00
