# L 3
# phi 0.0125
# hz 0.9
#  hx	Delta_0	Delta_2pik	r	log_Delta_0	log_Delta_2pik
2.326305139869999997e-03 2.327105669329999904e-01 9.866292671509999041e-07 2.675566696600000238e-01 -1.163754990830000002e+00 -7.542716483190000432e+00
3.323293056959999818e-03 2.327105669329999904e-01 2.272885239549999887e-06 2.700736269890000041e-01 -1.159935229660000067e+00 -7.151690422609999764e+00
4.747561509939999917e-03 2.327105669329999904e-01 5.956608457889999899e-06 2.737720541509999772e-01 -1.158053346540000028e+00 -6.588484506830000420e+00
6.782230728490000297e-03 2.327105669329999904e-01 1.717447373709999941e-05 2.798027183260000106e-01 -1.150703228180000037e+00 -6.132776649530000235e+00
9.688901040700000425e-03 2.327105669329999904e-01 5.265576052550000161e-05 2.884373663870000160e-01 -1.147486953380000063e+00 -5.586678174940000297e+00
1.384128720100000036e-02 2.327105669329999904e-01 1.316675122119999992e-04 3.032277035789999742e-01 -1.133428456339999890e+00 -5.265562173520000222e+00
1.977326743000000150e-02 2.327105669329999904e-01 3.047157017709999798e-04 3.048077607649999909e-01 -1.124203652520000096e+00 -4.801626223919999603e+00
2.824752490000000116e-02 2.327105669329999904e-01 7.229268722870000469e-04 3.265302668110000028e-01 -1.105497882319999903e+00 -4.262583050549999975e+00
4.035360699999999967e-02 2.327105669329999904e-01 1.164482371600000007e-03 3.307597045530000224e-01 -1.090884262259999904e+00 -4.112433849650000361e+00
5.764800999999999953e-02 2.327105669329999904e-01 2.851775730079999897e-03 3.529502733750000121e-01 -1.052913989629999936e+00 -3.422265262769999872e+00
8.235430000000000528e-02 2.327105669329999904e-01 4.827292447270000071e-03 3.688037979880000039e-01 -1.017244226619999914e+00 -3.161910169440000029e+00
1.176490000000000036e-01 2.327105669329999904e-01 7.191750714529999630e-03 3.710936571649999793e-01 -9.802703773890000249e-01 -2.942743355130000182e+00
1.680699999999999972e-01 2.327105669329999904e-01 1.237474868729999955e-02 4.164260515559999876e-01 -9.199731615080000147e-01 -2.462581891310000159e+00
2.401000000000000079e-01 2.327105669329999904e-01 1.878393453369999952e-02 4.141441207970000260e-01 -8.834689998760000273e-01 -2.239301281429999957e+00
3.430000000000000271e-01 2.327105669329999904e-01 2.403017070960000029e-02 4.204209910030000108e-01 -8.596212737449999697e-01 -2.135299655749999914e+00
4.899999999999999911e-01 2.327105669329999904e-01 3.437835428190000320e-02 4.480686479120000176e-01 -8.042543787379999864e-01 -1.921892378129999912e+00
