# L 5
# phi 0.0125
# hz 0.9
#  hx	Delta_0	Delta_2pik	r	log_Delta_0	log_Delta_2pik
2.326305139869999997e-03 2.585672965919999858e-02 2.592579617840000243e-10 3.806645335480000059e-01 -2.014430453190000136e+00 -inf
3.323293056959999818e-03 2.585672965919999858e-02 1.686187659199999988e-09 3.827279363269999735e-01 -2.009513426409999859e+00 -inf
4.747561509939999917e-03 2.585672965919999858e-02 1.060496992020000037e-08 3.829673671059999895e-01 -2.011357127870000205e+00 -inf
6.782230728490000297e-03 2.585672965919999858e-02 3.026790074790000092e-08 3.974017569919999771e-01 -1.995100799020000037e+00 -inf
9.688901040700000425e-03 2.585672965919999858e-02 3.220861517570000235e-07 3.996630030619999774e-01 -1.989212058849999964e+00 -8.705067251830000075e+00
1.384128720100000036e-02 2.585672965919999858e-02 1.415634398800000063e-06 4.134574025739999881e-01 -1.975796418380000086e+00 -8.097337641899999383e+00
1.977326743000000150e-02 2.585672965919999858e-02 1.242150863299999987e-05 4.199505694869999917e-01 -1.967274258940000076e+00 -inf
2.824752490000000116e-02 2.585672965919999858e-02 4.637605704530000007e-05 4.210190592449999936e-01 -1.953403898289999940e+00 -6.405422401520000086e+00
4.035360699999999967e-02 2.585672965919999858e-02 1.212913752400000030e-04 4.153780440979999988e-01 -1.945942866890000067e+00 -5.790175317940000177e+00
5.764800999999999953e-02 2.585672965919999858e-02 3.602741979800000156e-04 4.188744085630000114e-01 -1.931237043679999932e+00 -4.978653436890000172e+00
8.235430000000000528e-02 2.585672965919999858e-02 6.737233638919999613e-04 4.389838821900000077e-01 -1.888904683300000054e+00 -4.511016053769999701e+00
1.176490000000000036e-01 2.585672965919999858e-02 1.217462286140000034e-03 4.308751560540000081e-01 -1.868071032220000038e+00 -4.001429093339999632e+00
1.680699999999999972e-01 2.585672965919999858e-02 2.029591696400000027e-03 4.388365182949999777e-01 -1.839944541119999943e+00 -3.538167058029999978e+00
2.401000000000000079e-01 2.585672965919999858e-02 2.977340131449999951e-03 4.481471411140000027e-01 -1.803961030339999994e+00 -3.208089357219999993e+00
3.430000000000000271e-01 2.585672965919999858e-02 4.782671022470000310e-03 4.580040801079999779e-01 -1.767742430750000038e+00 -2.948641849920000002e+00
4.899999999999999911e-01 2.585672965919999858e-02 7.044700261859999924e-03 4.778705412770000160e-01 -1.735416252370000079e+00 -2.648759011610000158e+00
