# L 5
# phi -0.1745
# hz 0.9
#  hx	Delta_0	Delta_2pik	r	log_Delta_0	log_Delta_2pik
2.326305139869999997e-03 2.585672965919999858e-02 5.248357761189999870e-14 3.949414076789999895e-01 -1.830156005449999901e+00 -inf
3.323293056959999818e-03 2.585672965919999858e-02 1.004961820210000066e-12 3.958684709609999741e-01 -1.829655949990000030e+00 -inf
4.747561509939999917e-03 2.585672965919999858e-02 3.147315275339999970e-12 3.962024542140000216e-01 -1.828336420599999901e+00 -inf
6.782230728490000297e-03 2.585672965919999858e-02 2.752858636060000032e-11 3.951926083349999730e-01 -1.830678307479999933e+00 -inf
9.688901040700000425e-03 2.585672965919999858e-02 1.548558812779999872e-10 3.946634837049999844e-01 -1.829754014099999937e+00 -inf
1.384128720100000036e-02 2.585672965919999858e-02 5.134895758710000103e-10 3.980134544469999813e-01 -1.827449788160000033e+00 -1.069099029799999911e+01
1.977326743000000150e-02 2.585672965919999858e-02 2.429385045139999839e-08 3.956071136759999884e-01 -1.822615249190000064e+00 -9.612689014360000783e+00
2.824752490000000116e-02 2.585672965919999858e-02 3.421294652029999941e-08 3.973386081579999840e-01 -1.821005619149999921e+00 -9.245398811790000337e+00
4.035360699999999967e-02 2.585672965919999858e-02 3.321462543290000210e-07 3.952413972969999745e-01 -1.818463961259999984e+00 -8.285782425760000791e+00
5.764800999999999953e-02 2.585672965919999858e-02 4.443568198839999980e-07 3.927989703279999856e-01 -1.817536567829999949e+00 -7.391000156799999665e+00
8.235430000000000528e-02 2.585672965919999858e-02 7.492084172690000229e-06 3.992289762399999775e-01 -1.808091859419999947e+00 -6.668561610720000310e+00
1.176490000000000036e-01 2.585672965919999858e-02 2.460101350449999877e-05 4.096637902959999744e-01 -1.792459107050000000e+00 -6.167978675889999707e+00
1.680699999999999972e-01 2.585672965919999858e-02 8.681982888860000666e-05 4.124906368299999793e-01 -1.786277051899999968e+00 -5.150714493099999736e+00
2.401000000000000079e-01 2.585672965919999858e-02 2.612226013830000124e-04 4.283253797050000089e-01 -1.765320504810000024e+00 -4.443355147970000196e+00
3.430000000000000271e-01 2.585672965919999858e-02 7.467673402239999748e-04 4.411019842359999998e-01 -1.753974916700000053e+00 -3.966233004779999849e+00
4.899999999999999911e-01 2.585672965919999858e-02 2.195919531779999979e-03 4.683645674640000145e-01 -1.723358284129999918e+00 -3.301055278050000208e+00
