# L 2
# phi 0.0000
# hz 0.9
#  hx	Delta_0	Delta_2pik	r	log_Delta_0	log_Delta_2pik
2.326305139869999997e-03 6.981317007980000211e-01 3.345557302820000175e-04 1.107930413329999975e-01 -9.729617844610000121e-01 -4.722843984839999898e+00
3.323293056959999818e-03 6.981317007980000211e-01 5.301232509500000039e-04 1.158460951159999974e-01 -9.099559952229999693e-01 -4.385658198939999863e+00
4.747561509939999917e-03 6.981317007980000211e-01 7.322474701780000471e-04 1.179391707200000000e-01 -8.639325090230000059e-01 -4.188945402159999887e+00
6.782230728490000297e-03 6.981317007980000211e-01 1.066850589889999958e-03 1.268415519409999970e-01 -8.206140058009999683e-01 -4.039597588000000350e+00
9.688901040700000425e-03 6.981317007980000211e-01 1.431148511249999943e-03 1.311813923519999925e-01 -7.724838663490000146e-01 -3.825309684000000043e+00
1.384128720100000036e-02 6.981317007980000211e-01 1.956989310389999851e-03 1.375842253940000037e-01 -7.259652033879999689e-01 -3.648247843450000083e+00
1.977326743000000150e-02 6.981317007980000211e-01 3.368177059560000138e-03 1.539547700989999934e-01 -6.558018232469999820e-01 -3.298123475950000216e+00
2.824752490000000116e-02 6.981317007980000211e-01 4.097414791530000142e-03 1.578286042950000079e-01 -6.226207780810000258e-01 -3.196948899940000199e+00
4.035360699999999967e-02 6.981317007980000211e-01 5.925992265400000306e-03 1.753062533109999988e-01 -5.801930819770000358e-01 -2.994395984480000106e+00
5.764800999999999953e-02 6.981317007980000211e-01 9.352365574160000430e-03 2.084784162159999954e-01 -5.166341562199999737e-01 -2.727388336509999789e+00
8.235430000000000528e-02 6.981317007980000211e-01 1.210214027520000075e-02 2.343158442599999891e-01 -4.748034793840000267e-01 -2.594276324650000021e+00
1.176490000000000036e-01 6.981317007980000211e-01 1.740572724130000012e-02 2.626611268040000002e-01 -4.307134676200000123e-01 -2.331203933519999882e+00
1.680699999999999972e-01 6.981317007980000211e-01 2.603460900649999868e-02 2.873759661509999730e-01 -4.006627409719999977e-01 -2.086192900799999972e+00
2.401000000000000079e-01 6.981317007980000211e-01 3.771719544970000143e-02 3.252260634770000047e-01 -3.564373090090000029e-01 -1.879956405289999966e+00
3.430000000000000271e-01 6.981317007980000211e-01 5.141851461219999753e-02 3.634878970179999946e-01 -3.181066553840000144e-01 -1.703659312569999917e+00
4.899999999999999911e-01 6.981317007980000211e-01 7.602947304149999808e-02 4.071185499439999855e-01 -2.959600527089999988e-01 -1.518832909809999965e+00
# L 2
# phi -0.0000
# hz 0.9
#  hx	Delta_0	Delta_2pik	r	log_Delta_0	log_Delta_2pik
2.326305139869999997e-03 6.981317007980000211e-01 3.893493480700000028e-04 1.135466685819999932e-01 -9.448468498319999576e-01 -4.599792244039999645e+00
3.323293056959999818e-03 6.981317007980000211e-01 4.892031803290000083e-04 1.137723221420000042e-01 -9.126754735369999594e-01 -4.495798765630000027e+00
4.747561509939999917e-03 6.981317007980000211e-01 6.918985951389999660e-04 1.179458400169999949e-01 -8.560898612809999531e-01 -4.254799821709999819e+00
6.782230728490000297e-03 6.981317007980000211e-01 1.007000901530000041e-03 1.243405811339999972e-01 -8.002521204220000017e-01 -4.035710515469999926e+00
9.688901040700000425e-03 6.981317007980000211e-01 1.462963354209999940e-03 1.319591328480000103e-01 -7.488581277100000433e-01 -3.818201445020000140e+00
1.384128720100000036e-02 6.981317007980000211e-01 2.002658655489999995e-03 1.365752147890000046e-01 -7.088983473540000357e-01 -3.662627584530000036e+00
1.977326743000000150e-02 6.981317007980000211e-01 2.705059147110000072e-03 1.495839112039999974e-01 -6.514780340229999744e-01 -3.399811627750000120e+00
2.824752490000000116e-02 6.981317007980000211e-01 4.491106654289999701e-03 1.627463095589999909e-01 -6.142247765310000496e-01 -3.198028923929999934e+00
4.035360699999999967e-02 6.981317007980000211e-01 6.767789554610000036e-03 1.865874483069999978e-01 -5.535792382359999708e-01 -2.878185937800000094e+00
5.764800999999999953e-02 6.981317007980000211e-01 8.944487075920000418e-03 2.092014927949999992e-01 -5.148695284709999820e-01 -2.721674904339999923e+00
8.235430000000000528e-02 6.981317007980000211e-01 1.293123936060000014e-02 2.272659134580000129e-01 -4.813179152620000179e-01 -2.534581599500000060e+00
1.176490000000000036e-01 6.981317007980000211e-01 1.608047070030000150e-02 2.582026948269999789e-01 -4.445313452229999740e-01 -2.367819684800000157e+00
1.680699999999999972e-01 6.981317007980000211e-01 2.151126143089999998e-02 3.004794523040000276e-01 -3.961016015919999744e-01 -2.194375139219999937e+00
2.401000000000000079e-01 6.981317007980000211e-01 4.109476960519999750e-02 3.332989615529999838e-01 -3.516617151229999849e-01 -1.850729007260000003e+00
3.430000000000000271e-01 6.981317007980000211e-01 5.442751830149999970e-02 3.670448312240000011e-01 -3.138419439310000114e-01 -1.689181844169999946e+00
4.899999999999999911e-01 6.981317007980000211e-01 7.313528580860000072e-02 4.072263413139999844e-01 -2.917700935790000227e-01 -1.564449581989999949e+00
# L 2
# phi -0.0000
# hz 0.9
#  hx	Delta_0	Delta_2pik	r	log_Delta_0	log_Delta_2pik
2.326305139869999997e-03 6.981317007980000211e-01 3.411121909359999984e-04 1.059565543699999973e-01 -9.664846364889999597e-01 -4.675792156149999990e+00
3.323293056959999818e-03 6.981317007980000211e-01 5.286672252589999553e-04 1.092976997690000007e-01 -9.016175776889999716e-01 -4.450930294519999997e+00
4.747561509939999917e-03 6.981317007980000211e-01 7.269670757089999628e-04 1.139603389100000003e-01 -8.611415182380000033e-01 -4.279145989299999897e+00
6.782230728490000297e-03 6.981317007980000211e-01 1.125516454869999973e-03 1.208357907069999987e-01 -7.996790333959999941e-01 -4.036317831599999906e+00
9.688901040700000425e-03 6.981317007980000211e-01 1.474912478600000007e-03 1.265978340610000030e-01 -7.631142853090000511e-01 -3.867921246299999893e+00
1.384128720100000036e-02 6.981317007980000211e-01 2.108107141559999956e-03 1.373514956859999969e-01 -7.051971564319999830e-01 -3.637628978219999976e+00
1.977326743000000150e-02 6.981317007980000211e-01 3.339889559349999877e-03 1.465490530309999928e-01 -6.637089904039999988e-01 -3.367450347550000167e+00
2.824752490000000116e-02 6.981317007980000211e-01 5.172810192490000410e-03 1.633210772760000096e-01 -6.031758365949999590e-01 -3.107036844030000022e+00
4.035360699999999967e-02 6.981317007980000211e-01 6.546685843839999616e-03 1.783897470459999968e-01 -5.665852832419999707e-01 -2.969031356649999953e+00
5.764800999999999953e-02 6.981317007980000211e-01 9.335765072849999680e-03 1.998955545430000091e-01 -5.286288798320000204e-01 -2.762247922639999853e+00
8.235430000000000528e-02 6.981317007980000211e-01 1.262437838769999918e-02 2.251935370239999956e-01 -4.814514608209999880e-01 -2.568072610619999807e+00
1.176490000000000036e-01 6.981317007980000211e-01 1.985805282319999879e-02 2.641524604550000155e-01 -4.271911069570000219e-01 -2.261501928950000018e+00
1.680699999999999972e-01 6.981317007980000211e-01 2.770976994800000009e-02 3.015012485590000124e-01 -3.909688426760000168e-01 -2.122969411040000143e+00
2.401000000000000079e-01 6.981317007980000211e-01 3.390479020820000300e-02 3.077421026020000228e-01 -3.801982026090000022e-01 -2.021396687549999793e+00
3.430000000000000271e-01 6.981317007980000211e-01 4.894025641839999663e-02 3.573768195859999830e-01 -3.294734988299999889e-01 -1.792944695889999940e+00
4.899999999999999911e-01 6.981317007980000211e-01 8.033660578149999509e-02 4.170848613879999944e-01 -2.814351420369999857e-01 -1.492891710469999911e+00
