# L 2
# phi -0.0499
# hz 0.9
#  hx	Delta_0	Delta_2pik	r	log_Delta_0	log_Delta_2pik
2.326305139869999997e-03 6.981317007980000211e-01 8.684136160800000052e-06 2.626206982029999915e-01 -4.105640289970000079e-01 -5.872568625239999562e+00
3.323293056959999818e-03 6.981317007980000211e-01 1.970527544079999879e-05 2.626541822180000207e-01 -4.105430821619999726e-01 -5.524916376820000252e+00
4.747561509939999917e-03 6.981317007980000211e-01 3.999501776290000278e-05 2.627180166620000090e-01 -4.104399726719999975e-01 -5.193550280130000196e+00
6.782230728490000297e-03 6.981317007980000211e-01 8.522124044159999612e-05 2.628301931290000226e-01 -4.103215773639999897e-01 -4.910921640609999805e+00
9.688901040700000425e-03 6.981317007980000211e-01 1.580402633540000095e-04 2.630822818970000032e-01 -4.100218211050000172e-01 -4.600980945489999918e+00
1.384128720100000036e-02 6.981317007980000211e-01 2.969162442029999859e-04 2.635366421040000184e-01 -4.095416335079999914e-01 -4.331651595500000340e+00
1.977326743000000150e-02 6.981317007980000211e-01 6.890902066790000361e-04 2.651338771430000185e-01 -4.076380294529999837e-01 -4.009385870170000032e+00
2.824752490000000116e-02 6.981317007980000211e-01 1.225969758069999933e-03 2.666110209720000124e-01 -4.056970375189999922e-01 -3.721407675190000042e+00
4.035360699999999967e-02 6.981317007980000211e-01 2.624816033720000184e-03 2.712173018979999739e-01 -4.022505836629999831e-01 -3.305279062369999910e+00
5.764800999999999953e-02 6.981317007980000211e-01 4.657208075219999854e-03 2.785843047759999913e-01 -3.938633685280000241e-01 -2.999433317119999831e+00
8.235430000000000528e-02 6.981317007980000211e-01 7.702653853099999774e-03 2.902092720800000247e-01 -3.853064609860000211e-01 -2.759066420989999990e+00
1.176490000000000036e-01 6.981317007980000211e-01 1.331704153969999992e-02 3.062125636779999827e-01 -3.694435480789999837e-01 -2.539645015080000068e+00
1.680699999999999972e-01 6.981317007980000211e-01 2.061540337200000114e-02 3.259326863629999904e-01 -3.544005902360000126e-01 -2.192167375959999998e+00
2.401000000000000079e-01 6.981317007980000211e-01 3.187043776649999688e-02 3.503257378970000002e-01 -3.343766288360000005e-01 -1.980934842289999942e+00
3.430000000000000271e-01 6.981317007980000211e-01 4.515373096019999893e-02 3.672594814969999955e-01 -3.123296449090000038e-01 -1.784561527059999930e+00
4.899999999999999911e-01 6.981317007980000211e-01 6.772650781630000505e-02 4.058617800089999728e-01 -2.835845588920000160e-01 -1.615238214009999895e+00
