# L 4
# phi -0.1745
# hz 0.9
#  hx	Delta_0	Delta_2pik	r	log_Delta_0	log_Delta_2pik
2.326305139869999997e-03 7.757018897749999586e-02 2.134968575040000044e-11 4.041356485939999743e-01 -1.318261288570000023e+00 -inf
3.323293056959999818e-03 7.757018897749999586e-02 8.507505301059999561e-11 4.047860915450000041e-01 -1.317917226100000061e+00 -1.101054989280000029e+01
4.747561509939999917e-03 7.757018897749999586e-02 3.915179048449999836e-10 4.049717951469999910e-01 -1.316711563649999972e+00 -1.033690814180000039e+01
6.782230728490000297e-03 7.757018897749999586e-02 1.469969600579999936e-09 4.055850220700000230e-01 -1.317745505330000011e+00 -1.006544542049999968e+01
9.688901040700000425e-03 7.757018897749999586e-02 1.143521872830000080e-08 4.071341539930000142e-01 -1.309752021850000059e+00 -9.254754145379999741e+00
1.384128720100000036e-02 7.757018897749999586e-02 3.451041281789999842e-08 4.076760854140000223e-01 -1.308512534869999966e+00 -8.579316146889999217e+00
1.977326743000000150e-02 7.757018897749999586e-02 9.833877260609999541e-08 4.113364998690000052e-01 -1.305617556789999911e+00 -7.946436412609999778e+00
2.824752490000000116e-02 7.757018897749999586e-02 2.868947874099999957e-07 4.157146693529999992e-01 -1.300497233310000000e+00 -7.405635461950000220e+00
4.035360699999999967e-02 7.757018897749999586e-02 1.508525345820000074e-06 4.203775461190000229e-01 -1.302113530660000018e+00 -6.699233473139999617e+00
5.764800999999999953e-02 7.757018897749999586e-02 8.080168411469999972e-06 4.203182025089999829e-01 -1.297603878989999959e+00 -5.998426293609999682e+00
8.235430000000000528e-02 7.757018897749999586e-02 2.692585710150000028e-05 4.114362139389999840e-01 -1.292362492669999918e+00 -5.480753519940000373e+00
1.176490000000000036e-01 7.757018897749999586e-02 7.323723858240000146e-05 4.277540938930000092e-01 -1.282572623170000092e+00 -4.960257172410000415e+00
1.680699999999999972e-01 7.757018897749999586e-02 2.005469571400000028e-04 4.175557978760000011e-01 -1.286431040549999905e+00 -4.447256687980000400e+00
2.401000000000000079e-01 7.757018897749999586e-02 8.929962912570000308e-04 4.219437710769999850e-01 -1.280146974740000054e+00 -3.837927710299999795e+00
3.430000000000000271e-01 7.757018897749999586e-02 3.452799393589999887e-03 4.464180002290000226e-01 -1.251798708649999980e+00 -3.122972590469999865e+00
4.899999999999999911e-01 7.757018897749999586e-02 6.435450791039999674e-03 4.677461701969999885e-01 -1.235129784650000007e+00 -2.725624021349999815e+00
