# L 5
# phi -0.2618
# hz 0.9
#  hx	Delta_0	Delta_2pik	r	log_Delta_0	log_Delta_2pik
2.326305139869999997e-03 2.585672965919999858e-02 1.667905137279999874e-13 3.827271191689999852e-01 -1.838689975629999918e+00 -inf
3.323293056959999818e-03 2.585672965919999858e-02 6.404823630759999937e-13 3.848213444540000139e-01 -1.837624920179999899e+00 -inf
4.747561509939999917e-03 2.585672965919999858e-02 8.740173121139999731e-12 3.848025421649999833e-01 -1.836234351219999894e+00 -inf
6.782230728490000297e-03 2.585672965919999858e-02 1.893552466909999957e-10 3.837901882379999852e-01 -1.836462346450000060e+00 -inf
9.688901040700000425e-03 2.585672965919999858e-02 3.625444286800000232e-10 3.840538481549999883e-01 -1.834830154879999897e+00 -inf
1.384128720100000036e-02 2.585672965919999858e-02 8.453545252920000055e-10 3.904898312260000059e-01 -1.830129675190000027e+00 -inf
1.977326743000000150e-02 2.585672965919999858e-02 3.922299975999999718e-09 3.918042467430000175e-01 -1.824593448299999920e+00 -9.907051149160000847e+00
2.824752490000000116e-02 2.585672965919999858e-02 3.055077837879999840e-08 3.996043023160000263e-01 -1.814648032030000024e+00 -inf
4.035360699999999967e-02 2.585672965919999858e-02 1.337077084999999967e-07 3.932023566460000064e-01 -1.817990223120000026e+00 -8.571488975719999459e+00
5.764800999999999953e-02 2.585672965919999858e-02 7.438940626519999489e-07 3.945778119309999998e-01 -1.815690415850000017e+00 -7.756576088750000153e+00
8.235430000000000528e-02 2.585672965919999858e-02 6.921386051929999648e-06 3.970740317670000130e-01 -1.804765811900000072e+00 -6.791912398950000096e+00
1.176490000000000036e-01 2.585672965919999858e-02 1.834169380869999868e-05 3.885051798390000144e-01 -1.809173305769999907e+00 -6.160379895870000233e+00
1.680699999999999972e-01 2.585672965919999858e-02 5.128177083100000146e-05 4.029331678020000029e-01 -1.790390299720000078e+00 -5.532918047309999920e+00
2.401000000000000079e-01 2.585672965919999858e-02 2.071715815350000042e-04 4.216131351080000256e-01 -1.771585092830000097e+00 -4.650183752100000234e+00
3.430000000000000271e-01 2.585672965919999858e-02 7.883387996610000418e-04 4.437781345010000100e-01 -1.747255668790000049e+00 -4.036986929380000255e+00
4.899999999999999911e-01 2.585672965919999858e-02 1.946546445120000057e-03 4.771116795800000032e-01 -1.717870780970000011e+00 -3.446514197940000024e+00
