# L 3
# phi 0.1745
# hz 0.9
#  hx	Delta_0	Delta_2pik	r	log_Delta_0	log_Delta_2pik
2.326305139869999997e-03 2.327105669329999904e-01 1.578933235600000010e-08 3.923508338739999934e-01 -8.316426021680000114e-01 -9.137221113049999843e+00
3.323293056959999818e-03 2.327105669329999904e-01 6.499602580889999364e-08 3.924074272790000206e-01 -8.314536237759999615e-01 -8.486697004519999865e+00
4.747561509939999917e-03 2.327105669329999904e-01 1.012304231089999978e-07 3.925211199340000179e-01 -8.309466276050000433e-01 -7.841456168169999685e+00
6.782230728490000297e-03 2.327105669329999904e-01 2.167701625870000067e-07 3.926551289019999946e-01 -8.308389967839999724e-01 -7.542096383339999655e+00
9.688901040700000425e-03 2.327105669329999904e-01 4.967710710590000151e-07 3.930074613849999787e-01 -8.303392090840000517e-01 -7.113093553719999740e+00
1.384128720100000036e-02 2.327105669329999904e-01 1.709468589979999952e-06 3.938825325940000233e-01 -8.285820478250000010e-01 -6.543285506320000167e+00
1.977326743000000150e-02 2.327105669329999904e-01 4.125076793619999844e-06 3.938596079059999977e-01 -8.285269760690000540e-01 -6.128577058780000364e+00
2.824752490000000116e-02 2.327105669329999904e-01 2.932520074310000058e-05 3.989013028749999745e-01 -8.226073109289999685e-01 -5.642055499079999592e+00
4.035360699999999967e-02 2.327105669329999904e-01 5.186685075280000293e-05 4.036741503419999932e-01 -8.181378590169999798e-01 -5.054435221650000365e+00
5.764800999999999953e-02 2.327105669329999904e-01 8.369901252999999977e-05 4.085618335649999766e-01 -8.136276970739999559e-01 -4.811234090860000201e+00
8.235430000000000528e-02 2.327105669329999904e-01 3.269709549619999886e-04 4.138519908839999872e-01 -8.078297272200000156e-01 -4.263458736249999603e+00
1.176490000000000036e-01 2.327105669329999904e-01 8.288053693979999855e-04 4.180531596809999861e-01 -7.963672603420000051e-01 -3.839998122369999933e+00
1.680699999999999972e-01 2.327105669329999904e-01 2.135760623580000139e-03 4.388223163550000194e-01 -7.809785478190000019e-01 -3.364084336309999923e+00
2.401000000000000079e-01 2.327105669329999904e-01 4.624852638340000259e-03 4.324247148559999809e-01 -7.791756036700000498e-01 -2.823409987749999850e+00
3.430000000000000271e-01 2.327105669329999904e-01 9.271306474879999898e-03 4.399864701660000099e-01 -7.654971161629999798e-01 -2.687256773850000169e+00
4.899999999999999911e-01 2.327105669329999904e-01 1.938785098799999940e-02 4.730110542989999778e-01 -7.412676806029999677e-01 -2.237216010040000036e+00
# L 3
# phi 0.1745
# hz 0.9
#  hx	Delta_0	Delta_2pik	r	log_Delta_0	log_Delta_2pik
6.999999999999999556e-01 2.327105669329999904e-01 3.041721795410000026e-02 5.103065343329999948e-01 -7.236221564889999680e-01 -1.897976258119999926e+00
1.000000000000000000e+00 2.327105669329999904e-01 5.887948642310000119e-02 5.220601395970000391e-01 -7.141683345329999932e-01 -1.588617016369999968e+00
1.428571428569999968e+00 2.327105669329999904e-01 8.000884812170000471e-02 5.190581602420000218e-01 -7.184529637230000487e-01 -1.463996953389999911e+00
2.040816326529999891e+00 2.327105669329999904e-01 1.008810742470000049e-01 4.993198238229999975e-01 -7.274193387980000258e-01 -1.312155459329999996e+00
2.915451895039999908e+00 2.327105669329999904e-01 1.358702636930000096e-01 4.858971138550000068e-01 -7.347656161409999998e-01 -1.123698494709999940e+00
4.164931278630000122e+00 2.327105669329999904e-01 1.739341480759999947e-01 4.682061489920000263e-01 -7.530762644239999970e-01 -9.994922148729999956e-01
