# L 5
# phi 0.2618
# hz 0.9
#  hx	Delta_0	Delta_2pik	r	log_Delta_0	log_Delta_2pik
2.326305139869999997e-03 2.585672965919999858e-02 3.333542312789999984e-13 3.818445244740000244e-01 -1.832256072240000089e+00 -inf
3.323293056959999818e-03 2.585672965919999858e-02 4.090361702750000037e-13 3.815716905120000169e-01 -1.834219067900000111e+00 -inf
4.747561509939999917e-03 2.585672965919999858e-02 1.720728141590000006e-12 3.819530985919999955e-01 -1.832934905109999901e+00 -inf
6.782230728490000297e-03 2.585672965919999858e-02 3.667338487760000090e-11 3.832927183270000149e-01 -1.829363544620000059e+00 -inf
9.688901040700000425e-03 2.585672965919999858e-02 8.667578636529999516e-11 3.868534233479999918e-01 -1.826850213329999972e+00 -inf
1.384128720100000036e-02 2.585672965919999858e-02 4.670240254510000118e-10 3.846076375110000223e-01 -1.826419647820000103e+00 -1.073449697639999911e+01
1.977326743000000150e-02 2.585672965919999858e-02 3.501848016150000055e-09 3.898970897580000261e-01 -1.821148631570000065e+00 -inf
2.824752490000000116e-02 2.585672965919999858e-02 2.535605547610000093e-08 3.867496026150000210e-01 -1.825227410419999918e+00 -9.288826004029999694e+00
4.035360699999999967e-02 2.585672965919999858e-02 1.681726748409999966e-07 3.912293721239999966e-01 -1.816201333440000010e+00 -inf
5.764800999999999953e-02 2.585672965919999858e-02 5.224377947389999861e-07 3.932074528400000268e-01 -1.811339393389999941e+00 -7.719413711249999643e+00
8.235430000000000528e-02 2.585672965919999858e-02 7.091737830180000024e-06 4.037200440729999951e-01 -1.798754374530000089e+00 -6.886376683159999956e+00
1.176490000000000036e-01 2.585672965919999858e-02 1.963879650559999858e-05 3.984061983400000173e-01 -1.797908980379999910e+00 -6.065796200340000333e+00
1.680699999999999972e-01 2.585672965919999858e-02 8.198348425699999607e-05 4.094452107680000008e-01 -1.786179688420000078e+00 -5.279830305329999973e+00
2.401000000000000079e-01 2.585672965919999858e-02 2.964078132110000005e-04 4.213623096760000242e-01 -1.774016073819999928e+00 -4.855457559459999572e+00
3.430000000000000271e-01 2.585672965919999858e-02 8.451158056430000277e-04 4.498468048240000239e-01 -1.741034163639999965e+00 -3.953633363849999860e+00
4.899999999999999911e-01 2.585672965919999858e-02 1.619793078100000006e-03 4.710939003469999942e-01 -1.721458107099999912e+00 -3.520191851149999884e+00
