# L 3
# phi -0.0125
# hz 0.9
#  hx	Delta_0	Delta_2pik	r	log_Delta_0	log_Delta_2pik
2.326305139869999997e-03 2.327105669329999904e-01 7.293519619420000273e-07 2.739750122390000042e-01 -1.174038663299999952e+00 -7.596820737609999874e+00
3.323293056959999818e-03 2.327105669329999904e-01 1.806265453339999988e-06 2.779773379520000254e-01 -1.170674497020000038e+00 -7.132369169180000412e+00
4.747561509939999917e-03 2.327105669329999904e-01 4.156981777890000002e-06 2.787389093000000040e-01 -1.166966374640000081e+00 -6.698176032950000192e+00
6.782230728490000297e-03 2.327105669329999904e-01 1.432786952369999920e-05 2.839155370470000106e-01 -1.162820892380000082e+00 -6.040438826219999946e+00
9.688901040700000425e-03 2.327105669329999904e-01 4.009618517390000069e-05 2.970730218489999741e-01 -1.158174310699999987e+00 -5.718326635240000400e+00
1.384128720100000036e-02 2.327105669329999904e-01 1.222913060589999874e-04 3.053967434859999885e-01 -1.146957467380000040e+00 -5.154278600539999644e+00
1.977326743000000150e-02 2.327105669329999904e-01 2.994250340000000001e-04 3.159336581780000097e-01 -1.132665534530000073e+00 -4.706836796330000183e+00
2.824752490000000116e-02 2.327105669329999904e-01 9.530376109859999695e-04 3.231636352939999957e-01 -1.114895795860000094e+00 -4.227958693789999778e+00
4.035360699999999967e-02 2.327105669329999904e-01 1.348606212350000021e-03 3.189755777839999862e-01 -1.095564698770000067e+00 -3.951981339320000064e+00
5.764800999999999953e-02 2.327105669329999904e-01 2.637559089069999897e-03 3.420544996129999959e-01 -1.067284141760000082e+00 -3.582027092690000192e+00
8.235430000000000528e-02 2.327105669329999904e-01 4.565790627110000340e-03 3.526169705669999765e-01 -1.026541942449999967e+00 -3.204609754869999882e+00
1.176490000000000036e-01 2.327105669329999904e-01 6.589121014200000417e-03 3.788760514830000203e-01 -9.874394274309999942e-01 -2.952830676230000062e+00
1.680699999999999972e-01 2.327105669329999904e-01 1.130943854009999923e-02 3.987759323160000036e-01 -9.314464344630000170e-01 -2.610735176499999977e+00
2.401000000000000079e-01 2.327105669329999904e-01 1.366548270069999939e-02 3.957441895559999923e-01 -9.058407872839999708e-01 -2.513889089110000086e+00
3.430000000000000271e-01 2.327105669329999904e-01 2.320462807510000058e-02 4.351422880840000174e-01 -8.364747080559999937e-01 -2.097535148239999980e+00
4.899999999999999911e-01 2.327105669329999904e-01 4.002295978099999763e-02 4.583825585690000093e-01 -7.824575238059999771e-01 -1.752839176930000020e+00
