# L 2
# phi -0.0623
# hz 0.9
#  hx	Delta_0	Delta_2pik	r	log_Delta_0	log_Delta_2pik
2.326305139869999997e-03 6.981317007980000211e-01 7.682826203470000608e-06 2.946762455170000017e-01 -3.869312739840000126e-01 -5.927612417379999776e+00
3.323293056959999818e-03 6.981317007980000211e-01 1.238057105979999958e-05 2.946870203840000202e-01 -3.869141205959999996e-01 -5.716151753420000148e+00
4.747561509939999917e-03 6.981317007980000211e-01 3.849918123429999970e-05 2.947563949709999798e-01 -3.868646266840000125e-01 -5.190420173769999757e+00
6.782230728490000297e-03 6.981317007980000211e-01 5.216959583540000246e-05 2.948139299559999760e-01 -3.868025437789999743e-01 -5.042321404019999953e+00
9.688901040700000425e-03 6.981317007980000211e-01 1.380778428039999969e-04 2.949816440909999726e-01 -3.866241549989999915e-01 -4.739763567409999823e+00
1.384128720100000036e-02 6.981317007980000211e-01 2.527518633689999970e-04 2.955437633160000188e-01 -3.863069480849999904e-01 -4.312585382269999990e+00
1.977326743000000150e-02 6.981317007980000211e-01 4.982909316599999899e-04 2.961228561840000273e-01 -3.857153077670000263e-01 -4.073601935520000161e+00
2.824752490000000116e-02 6.981317007980000211e-01 8.789155016899999513e-04 2.973245506009999928e-01 -3.848891094570000004e-01 -3.870954524160000076e+00
4.035360699999999967e-02 6.981317007980000211e-01 1.990630136530000156e-03 2.997553623929999911e-01 -3.826270483590000215e-01 -3.481831955880000162e+00
5.764800999999999953e-02 6.981317007980000211e-01 3.864081236219999837e-03 3.035119017469999902e-01 -3.785339391870000125e-01 -3.080143406869999989e+00
8.235430000000000528e-02 6.981317007980000211e-01 6.163245698799999991e-03 3.089879949220000199e-01 -3.715913803659999792e-01 -2.853295182520000139e+00
1.176490000000000036e-01 6.981317007980000211e-01 1.202267677989999999e-02 3.246552727359999779e-01 -3.603919679270000120e-01 -2.484278471160000112e+00
1.680699999999999972e-01 6.981317007980000211e-01 1.886958133259999948e-02 3.442380350429999902e-01 -3.459016507359999881e-01 -2.225438714120000050e+00
2.401000000000000079e-01 6.981317007980000211e-01 2.854105447240000079e-02 3.590552443739999933e-01 -3.251976564510000167e-01 -1.982309056679999903e+00
3.430000000000000271e-01 6.981317007980000211e-01 4.231548436600000157e-02 3.862095483999999912e-01 -3.015231347269999862e-01 -1.881790049209999927e+00
4.899999999999999911e-01 6.981317007980000211e-01 6.576754580280000373e-02 4.193843604470000042e-01 -2.676740532419999985e-01 -1.586054368789999947e+00
