# L 5
# phi 0.0499
# hz 0.9
#  hx	Delta_0	Delta_2pik	r	log_Delta_0	log_Delta_2pik
2.326305139869999997e-03 2.585672965919999858e-02 1.265930862649999927e-12 3.731898462480000012e-01 -1.905527079699999904e+00 -inf
3.323293056959999818e-03 2.585672965919999858e-02 1.444121358390000059e-11 3.763682297900000084e-01 -1.900051561009999945e+00 -inf
4.747561509939999917e-03 2.585672965919999858e-02 9.932180462620000297e-11 3.792325331809999756e-01 -1.898120886520000106e+00 -inf
6.782230728490000297e-03 2.585672965919999858e-02 3.941857575059999882e-10 3.814425554540000207e-01 -1.897570349230000009e+00 -inf
9.688901040700000425e-03 2.585672965919999858e-02 4.832762923220000245e-09 3.904032286579999789e-01 -1.892663273899999998e+00 -inf
1.384128720100000036e-02 2.585672965919999858e-02 1.433186284499999993e-08 3.943697419709999985e-01 -1.886552927639999933e+00 -inf
1.977326743000000150e-02 2.585672965919999858e-02 8.119180448770000520e-08 3.904209699260000055e-01 -1.884923150139999892e+00 -8.831351924359999828e+00
2.824752490000000116e-02 2.585672965919999858e-02 7.158274547510000051e-07 3.948341069279999727e-01 -1.876099601730000010e+00 -7.778178185999999883e+00
4.035360699999999967e-02 2.585672965919999858e-02 3.532072046739999805e-06 3.980191088059999993e-01 -1.872312172350000026e+00 -7.021591586129999563e+00
5.764800999999999953e-02 2.585672965919999858e-02 1.640867666889999938e-05 4.049811058819999809e-01 -1.862928316080000091e+00 -6.087068795909999608e+00
8.235430000000000528e-02 2.585672965919999858e-02 6.733648143359999717e-05 4.159606372399999863e-01 -1.850041517319999995e+00 -5.567142301919999703e+00
1.176490000000000036e-01 2.585672965919999858e-02 2.683811455700000010e-04 4.210917865120000214e-01 -1.839008877519999974e+00 -4.907372943959999567e+00
1.680699999999999972e-01 2.585672965919999858e-02 8.100140062359999574e-04 4.298116934840000014e-01 -1.814275875949999950e+00 -4.010467726699999957e+00
2.401000000000000079e-01 2.585672965919999858e-02 2.115109371380000103e-03 4.462194000599999932e-01 -1.785457757799999934e+00 -3.470352277880000003e+00
3.430000000000000271e-01 2.585672965919999858e-02 3.800527412789999823e-03 4.617283381949999765e-01 -1.754002387179999900e+00 -3.040782184939999855e+00
4.899999999999999911e-01 2.585672965919999858e-02 5.754255310119999779e-03 4.855418115349999786e-01 -1.720020948669999994e+00 -2.782678399069999919e+00
