# L 4
# phi -0.5236
# hz 0.9
#  hx	Delta_0	Delta_2pik	r	log_Delta_0	log_Delta_2pik
2.326305139869999997e-03 7.757018897749999586e-02 3.128645315390000032e-11 4.673588287830000021e-01 -1.333595717589999952e+00 -inf
3.323293056959999818e-03 7.757018897749999586e-02 7.285819547130000224e-11 4.674045049009999953e-01 -1.333886286870000104e+00 -inf
4.747561509939999917e-03 7.757018897749999586e-02 2.844315918049999853e-10 4.669773500789999865e-01 -1.332917356839999901e+00 -inf
6.782230728490000297e-03 7.757018897749999586e-02 1.530452323829999904e-09 4.673362293169999737e-01 -1.334036226460000085e+00 -inf
9.688901040700000425e-03 7.757018897749999586e-02 2.367001655190000145e-08 4.687564910829999931e-01 -1.331365424039999912e+00 -inf
1.384128720100000036e-02 7.757018897749999586e-02 1.805815886100000047e-08 4.690244448870000138e-01 -1.330887895330000070e+00 -inf
1.977326743000000150e-02 7.757018897749999586e-02 2.058857601100000108e-07 4.624139456799999937e-01 -1.328173574940000101e+00 -9.196381249030000760e+00
2.824752490000000116e-02 7.757018897749999586e-02 1.593615200760000051e-07 4.653147335110000005e-01 -1.330954412819999932e+00 -inf
4.035360699999999967e-02 7.757018897749999586e-02 2.165713694570000010e-06 4.651130528910000228e-01 -1.323401933490000015e+00 -inf
5.764800999999999953e-02 7.757018897749999586e-02 4.121325194379999682e-06 4.489699738860000178e-01 -1.331300159960000062e+00 -6.995723601889999976e+00
8.235430000000000528e-02 7.757018897749999586e-02 1.282526767910000072e-05 4.607150451970000171e-01 -1.317938810030000019e+00 -6.505829981669999817e+00
1.176490000000000036e-01 7.757018897749999586e-02 5.303693586380000115e-05 4.498393809519999897e-01 -1.307668000670000108e+00 -5.820157504820000050e+00
1.680699999999999972e-01 7.757018897749999586e-02 1.401897450700000092e-04 4.341263353979999962e-01 -1.301402508280000037e+00 -4.980422393879999632e+00
2.401000000000000079e-01 7.757018897749999586e-02 5.728114848460000470e-04 4.248885338530000166e-01 -1.297709112419999977e+00 -4.548164689670000094e+00
3.430000000000000271e-01 7.757018897749999586e-02 1.946997360550000019e-03 4.428101672850000003e-01 -1.267367935520000044e+00 -3.591510800560000050e+00
4.899999999999999911e-01 7.757018897749999586e-02 3.436923399270000023e-03 4.507320086950000193e-01 -1.264269204060000096e+00 -3.253292245529999960e+00
