# L 3
# phi -0.0623
# hz 0.9
#  hx	Delta_0	Delta_2pik	r	log_Delta_0	log_Delta_2pik
2.326305139869999997e-03 2.327105669329999904e-01 2.520960904979999835e-08 3.774722307930000187e-01 -9.247556183670000429e-01 -8.580662918259999827e+00
3.323293056959999818e-03 2.327105669329999904e-01 8.021759851240000329e-08 3.777467828930000104e-01 -9.242045122909999799e-01 -8.080766424989999308e+00
4.747561509939999917e-03 2.327105669329999904e-01 2.721736712170000044e-07 3.782202950399999875e-01 -9.242408748979999977e-01 -7.516116716870000047e+00
6.782230728490000297e-03 2.327105669329999904e-01 8.800681482250000323e-07 3.789978205760000107e-01 -9.221355872430000433e-01 -6.992364831479999765e+00
9.688901040700000425e-03 2.327105669329999904e-01 2.934949587020000185e-06 3.798468335240000049e-01 -9.210910634790000495e-01 -6.547303376970000421e+00
1.384128720100000036e-02 2.327105669329999904e-01 5.232305281799999603e-06 3.804972925499999770e-01 -9.192948278520000072e-01 -6.176301848899999669e+00
1.977326743000000150e-02 2.327105669329999904e-01 2.449114959549999893e-05 3.870178030229999844e-01 -9.128857363169999850e-01 -5.483073061279999827e+00
2.824752490000000116e-02 2.327105669329999904e-01 7.416396008919999680e-05 3.916261672899999935e-01 -9.065738614980000110e-01 -5.064926716020000441e+00
4.035360699999999967e-02 2.327105669329999904e-01 1.639007836329999879e-04 3.979149998559999846e-01 -8.971724728069999655e-01 -4.651347491370000142e+00
5.764800999999999953e-02 2.327105669329999904e-01 4.074009981119999877e-04 3.998226488450000171e-01 -8.970628640050000158e-01 -4.304720810900000139e+00
8.235430000000000528e-02 2.327105669329999904e-01 9.993827133909999674e-04 4.122869741970000002e-01 -8.793903713599999783e-01 -3.722683297640000166e+00
1.176490000000000036e-01 2.327105669329999904e-01 2.645274750140000006e-03 4.236571411819999855e-01 -8.660620908070000290e-01 -3.257877754899999978e+00
1.680699999999999972e-01 2.327105669329999904e-01 5.169243901440000351e-03 4.336015038650000153e-01 -8.479434488870000175e-01 -2.935518002969999873e+00
2.401000000000000079e-01 2.327105669329999904e-01 9.048351633489999657e-03 4.369614936099999736e-01 -8.285639437920000461e-01 -2.592964212070000052e+00
3.430000000000000271e-01 2.327105669329999904e-01 1.846822518160000023e-02 4.554033132490000191e-01 -8.022509201649999921e-01 -2.259203144579999822e+00
4.899999999999999911e-01 2.327105669329999904e-01 2.700574368269999942e-02 4.718848238769999814e-01 -7.696117423839999860e-01 -1.995254442670000072e+00
