# L 4
# phi 0.0249
# hz 0.9
#  hx	Delta_0	Delta_2pik	r	log_Delta_0	log_Delta_2pik
2.326305139869999997e-03 7.757018897749999586e-02 5.668865624490000076e-09 3.806689627770000195e-01 -1.499010180159999983e+00 -inf
3.323293056959999818e-03 7.757018897749999586e-02 5.228319802230000280e-09 3.819603851160000008e-01 -1.496978032029999905e+00 -inf
4.747561509939999917e-03 7.757018897749999586e-02 1.378813227489999933e-07 3.847345355449999782e-01 -1.495121299240000035e+00 -8.878343011500000159e+00
6.782230728490000297e-03 7.757018897749999586e-02 1.134898052639999995e-07 3.873033082080000189e-01 -1.490894141540000106e+00 -8.550421939830000539e+00
9.688901040700000425e-03 7.757018897749999586e-02 6.411738410479999544e-07 3.921170998030000243e-01 -1.484291751230000012e+00 -7.698178475969999823e+00
1.384128720100000036e-02 7.757018897749999586e-02 2.464724210949999790e-06 3.968023457159999823e-01 -1.485382481730000093e+00 -inf
1.977326743000000150e-02 7.757018897749999586e-02 7.993516902059999901e-06 4.046266328650000021e-01 -1.470594359689999964e+00 -6.557330915479999689e+00
2.824752490000000116e-02 7.757018897749999586e-02 2.844284847199999861e-05 4.188832683559999825e-01 -1.464011315170000049e+00 -5.975457827879999684e+00
4.035360699999999967e-02 7.757018897749999586e-02 1.403632916930000062e-04 4.190254279189999931e-01 -1.448544071009999934e+00 -5.080056617310000355e+00
5.764800999999999953e-02 7.757018897749999586e-02 3.161218394959999962e-04 4.202380870119999945e-01 -1.443634681330000058e+00 -4.669984259169999596e+00
8.235430000000000528e-02 7.757018897749999586e-02 9.936226494389999685e-04 4.286925341619999830e-01 -1.417636881349999989e+00 -4.105778983459999587e+00
1.176490000000000036e-01 7.757018897749999586e-02 1.998878479969999882e-03 4.210320389760000004e-01 -1.396957810139999978e+00 -3.725763726509999874e+00
1.680699999999999972e-01 7.757018897749999586e-02 3.755905961379999835e-03 4.375241055810000224e-01 -1.364167912279999895e+00 -3.231235980370000149e+00
2.401000000000000079e-01 7.757018897749999586e-02 6.847108165339999691e-03 4.608895160679999936e-01 -1.323741401139999940e+00 -2.824849051590000215e+00
3.430000000000000271e-01 7.757018897749999586e-02 1.080757560160000054e-02 4.697178342839999909e-01 -1.287003999710000013e+00 -2.510980923910000051e+00
4.899999999999999911e-01 7.757018897749999586e-02 1.573500422989999870e-02 4.762982798079999913e-01 -1.254189315270000105e+00 -2.241609113380000018e+00
