# L 4
# phi 0.0374
# hz 0.9
#  hx	Delta_0	Delta_2pik	r	log_Delta_0	log_Delta_2pik
2.326305139869999997e-03 7.757018897749999586e-02 2.215390589280000157e-09 3.770752804770000077e-01 -1.474768112780000084e+00 -inf
3.323293056959999818e-03 7.757018897749999586e-02 3.811104099960000137e-08 3.783705373719999931e-01 -1.473509682610000038e+00 -9.942097692020000821e+00
4.747561509939999917e-03 7.757018897749999586e-02 2.588477705269999932e-08 3.813770099939999825e-01 -1.468513101639999929e+00 -9.372550953810000252e+00
6.782230728490000297e-03 7.757018897749999586e-02 5.249859433140000155e-08 3.844702361919999922e-01 -1.463713603109999983e+00 -8.683844754680000833e+00
9.688901040700000425e-03 7.757018897749999586e-02 2.434440225389999859e-07 3.870682088960000211e-01 -1.459895095230000051e+00 -7.906068445089999841e+00
1.384128720100000036e-02 7.757018897749999586e-02 1.225920766550000020e-06 3.905933373720000268e-01 -1.456132764139999924e+00 -7.427513297389999991e+00
1.977326743000000150e-02 7.757018897749999586e-02 3.667500859899999907e-06 3.978000180640000050e-01 -1.448323188010000040e+00 -6.983867032670000086e+00
2.824752490000000116e-02 7.757018897749999586e-02 1.371557364449999944e-05 4.055875782280000119e-01 -1.434738078499999903e+00 -6.232323432350000303e+00
4.035360699999999967e-02 7.757018897749999586e-02 3.339819051699999752e-05 4.211265746910000107e-01 -1.425639959950000035e+00 -5.687622604549999572e+00
5.764800999999999953e-02 7.757018897749999586e-02 1.432625433830000115e-04 4.213126087840000089e-01 -1.416716399170000029e+00 -5.088569315260000003e+00
8.235430000000000528e-02 7.757018897749999586e-02 4.887775822549999920e-04 4.155406487050000153e-01 -1.417615831980000074e+00 -4.441012204279999764e+00
1.176490000000000036e-01 7.757018897749999586e-02 1.087125173729999988e-03 4.293699597780000210e-01 -1.391629801659999943e+00 -3.950553061419999956e+00
1.680699999999999972e-01 7.757018897749999586e-02 2.953277097879999924e-03 4.414507454620000271e-01 -1.365748709340000033e+00 -3.301878734170000218e+00
2.401000000000000079e-01 7.757018897749999586e-02 4.970862295459999719e-03 4.517689983909999873e-01 -1.331179146540000025e+00 -3.024711182529999931e+00
3.430000000000000271e-01 7.757018897749999586e-02 8.469350941300000241e-03 4.623620244300000182e-01 -1.307098528060000042e+00 -2.647829238489999959e+00
4.899999999999999911e-01 7.757018897749999586e-02 1.366022737959999948e-02 4.940788650260000137e-01 -1.243032405099999904e+00 -2.279069864239999799e+00
