# L 3
# phi -0.3491
# hz 0.9
#  hx	Delta_0	Delta_2pik	r	log_Delta_0	log_Delta_2pik
2.326305139869999997e-03 2.327105669329999904e-01 5.960227845260000257e-09 3.783767276330000096e-01 -8.420834138960000548e-01 -9.099639695629999636e+00
3.323293056959999818e-03 2.327105669329999904e-01 2.882024527409999871e-08 3.784570594539999888e-01 -8.423354191440000083e-01 -8.687712205420000444e+00
4.747561509939999917e-03 2.327105669329999904e-01 8.878440816429999373e-08 3.787521316670000027e-01 -8.405283469769999627e-01 -8.154094634799999852e+00
6.782230728490000297e-03 2.327105669329999904e-01 3.010705272979999960e-07 3.790308609879999846e-01 -8.398012430310000109e-01 -7.698734311710000000e+00
9.688901040700000425e-03 2.327105669329999904e-01 3.941787425640000007e-07 3.791413243560000090e-01 -8.386533881629999465e-01 -7.159494805539999618e+00
1.384128720100000036e-02 2.327105669329999904e-01 2.219565861939999932e-06 3.801539496410000218e-01 -8.363353197689999963e-01 -6.792440101480000436e+00
1.977326743000000150e-02 2.327105669329999904e-01 3.563964088100000132e-06 3.803309184640000229e-01 -8.361658834330000234e-01 -6.271945307870000264e+00
2.824752490000000116e-02 2.327105669329999904e-01 1.087143772160000059e-05 3.841077553680000145e-01 -8.331100797689999782e-01 -5.816805467550000053e+00
4.035360699999999967e-02 2.327105669329999904e-01 2.732222807930000108e-05 3.852071410510000127e-01 -8.296769349110000302e-01 -5.440629769480000100e+00
5.764800999999999953e-02 2.327105669329999904e-01 1.025456598110000006e-04 3.890975109909999841e-01 -8.169869437269999812e-01 -4.818606694779999700e+00
8.235430000000000528e-02 2.327105669329999904e-01 1.842365259359999945e-04 3.972988330500000220e-01 -8.080903128919999512e-01 -4.467753661159999723e+00
1.176490000000000036e-01 2.327105669329999904e-01 4.542557142230000040e-04 4.052842629010000031e-01 -7.975988464080000506e-01 -4.126510755289999999e+00
1.680699999999999972e-01 2.327105669329999904e-01 1.185632586780000072e-03 4.095155831010000025e-01 -7.911346679970000517e-01 -3.532367823780000027e+00
2.401000000000000079e-01 2.327105669329999904e-01 2.401191010710000164e-03 4.316019267519999869e-01 -7.755775691270000438e-01 -3.285880175590000007e+00
3.430000000000000271e-01 2.327105669329999904e-01 7.400562000219999652e-03 4.651545424090000047e-01 -7.512729194599999660e-01 -2.736594723910000138e+00
4.899999999999999911e-01 2.327105669329999904e-01 1.658757438050000033e-02 4.842754045839999799e-01 -7.336549205689999464e-01 -2.291425502420000093e+00
