# L 2
# phi 0.2618
# hz 0.9
#  hx	Delta_0	Delta_2pik	r	log_Delta_0	log_Delta_2pik
2.326305139869999997e-03 6.981317007980000211e-01 3.911557601569999593e-06 4.553267630350000261e-01 -3.060559321519999987e-01 -6.143276135569999852e+00
3.323293056959999818e-03 6.981317007980000211e-01 6.686826963149999957e-06 4.553300701879999801e-01 -3.063239649519999830e-01 -5.791163681129999574e+00
4.747561509939999917e-03 6.981317007980000211e-01 1.435194931809999916e-05 4.553560988279999888e-01 -3.048823924660000184e-01 -5.391654611919999951e+00
6.782230728490000297e-03 6.981317007980000211e-01 2.492237354470000008e-05 4.553831963619999756e-01 -3.041849292919999725e-01 -5.181995721969999913e+00
9.688901040700000425e-03 6.981317007980000211e-01 5.295194884700000273e-05 4.554256279939999930e-01 -3.037936242879999971e-01 -4.828213570680000011e+00
1.384128720100000036e-02 6.981317007980000211e-01 9.908588340760000586e-05 4.555127159240000001e-01 -3.032193157970000108e-01 -4.671721124320000307e+00
1.977326743000000150e-02 6.981317007980000211e-01 2.397873893480000074e-04 4.557700050779999734e-01 -2.990544691979999947e-01 -4.272747876280000412e+00
2.824752490000000116e-02 6.981317007980000211e-01 3.780167484479999814e-04 4.558801776770000092e-01 -2.999424760220000263e-01 -4.067719623700000398e+00
4.035360699999999967e-02 6.981317007980000211e-01 7.822253558099999523e-04 4.568001345120000223e-01 -2.967606704860000222e-01 -3.675683238850000034e+00
5.764800999999999953e-02 6.981317007980000211e-01 1.575505954980000074e-03 4.584371184630000040e-01 -2.960827739119999968e-01 -3.410705116439999962e+00
8.235430000000000528e-02 6.981317007980000211e-01 3.066642530630000075e-03 4.603673758280000250e-01 -2.883900441750000265e-01 -2.996572500790000149e+00
1.176490000000000036e-01 6.981317007980000211e-01 5.322413873800000035e-03 4.667532191670000219e-01 -2.767616107620000099e-01 -2.804735539070000172e+00
1.680699999999999972e-01 6.981317007980000211e-01 9.880605183989999221e-03 4.726680912740000018e-01 -2.667485783160000179e-01 -2.475474409889999894e+00
2.401000000000000079e-01 6.981317007980000211e-01 1.895993128390000004e-02 4.949437855200000125e-01 -2.530642972630000043e-01 -2.187208978370000168e+00
3.430000000000000271e-01 6.981317007980000211e-01 3.779258823059999939e-02 5.260940849049999812e-01 -2.346051596510000115e-01 -1.946783146390000052e+00
4.899999999999999911e-01 6.981317007980000211e-01 6.548799215370000593e-02 5.473307940210000444e-01 -2.174342702690000018e-01 -1.638477910109999991e+00
