# L 4
# phi -0.0499
# hz 0.9
#  hx	Delta_0	Delta_2pik	r	log_Delta_0	log_Delta_2pik
2.326305139869999997e-03 7.757018897749999586e-02 2.896979731000000145e-10 3.660671592220000048e-01 -1.444197581210000081e+00 -inf
3.323293056959999818e-03 7.757018897749999586e-02 1.125497860890000091e-09 3.670322524049999813e-01 -1.441707713090000009e+00 -1.023314807639999913e+01
4.747561509939999917e-03 7.757018897749999586e-02 3.248436635179999884e-09 3.681291189909999817e-01 -1.438412845510000038e+00 -9.556479617489999967e+00
6.782230728490000297e-03 7.757018897749999586e-02 2.429813559390000006e-08 3.675723214530000060e-01 -1.437238041190000093e+00 -8.852574612510000662e+00
9.688901040700000425e-03 7.757018897749999586e-02 1.216008788460000027e-07 3.714061738800000234e-01 -1.433001758160000083e+00 -8.144569555229999480e+00
1.384128720100000036e-02 7.757018897749999586e-02 2.873286034990000073e-07 3.731006372499999779e-01 -1.429017745849999965e+00 -7.773117913490000142e+00
1.977326743000000150e-02 7.757018897749999586e-02 1.520179965310000006e-06 3.795051778640000095e-01 -1.422865188500000100e+00 -7.105172892149999697e+00
2.824752490000000116e-02 7.757018897749999586e-02 5.689741108930000210e-06 3.880198583469999796e-01 -1.411754867880000042e+00 -6.448747844439999710e+00
4.035360699999999967e-02 7.757018897749999586e-02 2.647282949160000042e-05 3.972247348269999923e-01 -1.402081742470000059e+00 -5.744846209340000343e+00
5.764800999999999953e-02 7.757018897749999586e-02 9.726470049289999572e-05 4.130198146169999918e-01 -1.389548563449999996e+00 -5.046829465720000130e+00
8.235430000000000528e-02 7.757018897749999586e-02 2.803549393120000001e-04 4.162510569439999975e-01 -1.375939442329999984e+00 -4.644708559309999707e+00
1.176490000000000036e-01 7.757018897749999586e-02 8.808467330839999873e-04 4.123890244569999863e-01 -1.376775696800000004e+00 -4.066402584799999609e+00
1.680699999999999972e-01 7.757018897749999586e-02 2.687521935960000049e-03 4.321168152759999881e-01 -1.343867359989999954e+00 -3.399677078819999920e+00
2.401000000000000079e-01 7.757018897749999586e-02 4.573254566490000429e-03 4.407384339140000273e-01 -1.319920963760000010e+00 -3.037827303579999860e+00
3.430000000000000271e-01 7.757018897749999586e-02 8.868858268769999609e-03 4.834227614580000054e-01 -1.273721725629999968e+00 -2.582357435540000079e+00
4.899999999999999911e-01 7.757018897749999586e-02 1.285171230689999972e-02 4.910869769430000198e-01 -1.248173779999999899e+00 -2.383567361739999946e+00
