# L 5
# phi -0.0249
# hz 0.9
#  hx	Delta_0	Delta_2pik	r	log_Delta_0	log_Delta_2pik
2.326305139869999997e-03 2.585672965919999858e-02 2.295749154570000038e-11 3.872257221000000027e-01 -1.954760437980000098e+00 -inf
3.323293056959999818e-03 2.585672965919999858e-02 6.938081220650000540e-11 3.921862822220000266e-01 -1.946216606409999939e+00 -inf
4.747561509939999917e-03 2.585672965919999858e-02 4.235934699299999772e-10 3.931401754789999869e-01 -1.944498697800000064e+00 -inf
6.782230728490000297e-03 2.585672965919999858e-02 3.099729217370000176e-09 3.915518937010000200e-01 -1.942532030700000023e+00 -inf
9.688901040700000425e-03 2.585672965919999858e-02 3.600114513019999772e-08 3.979834576899999865e-01 -1.936568084009999913e+00 -inf
1.384128720100000036e-02 2.585672965919999858e-02 1.364788056029999971e-07 4.036524791800000234e-01 -1.926279109640000042e+00 -8.695949960649999255e+00
1.977326743000000150e-02 2.585672965919999858e-02 1.002096505990000073e-06 4.038070500789999739e-01 -1.925105543109999928e+00 -7.867608631290000432e+00
2.824752490000000116e-02 2.585672965919999858e-02 3.494640120309999893e-06 4.102595996060000028e-01 -1.916459014179999976e+00 -7.293027496549999711e+00
4.035360699999999967e-02 2.585672965919999858e-02 3.004168015889999887e-05 4.161907042979999805e-01 -1.905964996210000040e+00 -6.435802175980000150e+00
5.764800999999999953e-02 2.585672965919999858e-02 1.003496468169999962e-04 4.118357552410000233e-01 -1.902866064999999995e+00 -5.682319572299999955e+00
8.235430000000000528e-02 2.585672965919999858e-02 4.271223416340000009e-04 4.179163655279999889e-01 -1.878415420360000088e+00 -4.713115667150000299e+00
1.176490000000000036e-01 2.585672965919999858e-02 8.261368964999999884e-04 4.242003189310000200e-01 -1.859112172659999951e+00 -4.247119160889999634e+00
1.680699999999999972e-01 2.585672965919999858e-02 1.911054871149999931e-03 4.416469492710000111e-01 -1.822309887839999920e+00 -3.524512453569999870e+00
2.401000000000000079e-01 2.585672965919999858e-02 2.893451053229999844e-03 4.502980528280000061e-01 -1.793815032119999930e+00 -3.296562799869999782e+00
3.430000000000000271e-01 2.585672965919999858e-02 4.727615936229999892e-03 4.666710631209999849e-01 -1.760933224119999974e+00 -2.832978452219999888e+00
4.899999999999999911e-01 2.585672965919999858e-02 5.706309717250000399e-03 4.830698144889999934e-01 -1.730193622130000053e+00 -2.768322734449999878e+00
