# L 3
# phi -0.1745
# hz 0.9
#  hx	Delta_0	Delta_2pik	r	log_Delta_0	log_Delta_2pik
2.326305139869999997e-03 2.327105669329999904e-01 7.215485003560000407e-09 3.827229976929999999e-01 -8.409696237779999972e-01 -8.899382385610000057e+00
3.323293056959999818e-03 2.327105669329999904e-01 3.096641490879999971e-08 3.828510990380000201e-01 -8.410784046820000137e-01 -8.353377476900000431e+00
4.747561509939999917e-03 2.327105669329999904e-01 8.992489201639999868e-08 3.828679288290000038e-01 -8.408334538789999923e-01 -7.927185471009999596e+00
6.782230728490000297e-03 2.327105669329999904e-01 1.804999850880000067e-07 3.831242590110000013e-01 -8.398156378709999981e-01 -7.456919839960000296e+00
9.688901040700000425e-03 2.327105669329999904e-01 8.455545653339999543e-07 3.840968260789999755e-01 -8.371438346820000431e-01 -6.893270446269999852e+00
1.384128720100000036e-02 2.327105669329999904e-01 1.715780188560000027e-06 3.844212152079999889e-01 -8.364833037529999515e-01 -6.456549387139999929e+00
1.977326743000000150e-02 2.327105669329999904e-01 5.630335983170000244e-06 3.882420192009999882e-01 -8.311847528879999780e-01 -6.010498394359999885e+00
2.824752490000000116e-02 2.327105669329999904e-01 9.199927925350000126e-06 3.886337901119999994e-01 -8.296034238249999637e-01 -5.706127889840000300e+00
4.035360699999999967e-02 2.327105669329999904e-01 3.414283442470000308e-05 3.899136762620000196e-01 -8.246803803319999737e-01 -5.218124648739999927e+00
5.764800999999999953e-02 2.327105669329999904e-01 1.311761170959999893e-04 3.956845051969999916e-01 -8.183003598639999598e-01 -4.697849851930000042e+00
8.235430000000000528e-02 2.327105669329999904e-01 2.833244820409999980e-04 4.055714934649999881e-01 -8.140874337100000302e-01 -4.269719548060000314e+00
1.176490000000000036e-01 2.327105669329999904e-01 7.124778528029999730e-04 4.225088203060000103e-01 -7.962681301999999794e-01 -3.718835598920000152e+00
1.680699999999999972e-01 2.327105669329999904e-01 1.973122096299999989e-03 4.303551426480000108e-01 -7.873536501090000472e-01 -3.394167136900000159e+00
2.401000000000000079e-01 2.327105669329999904e-01 4.424394930810000154e-03 4.454067325159999924e-01 -7.701674742149999808e-01 -2.924992897920000168e+00
3.430000000000000271e-01 2.327105669329999904e-01 9.437416311910000119e-03 4.582262302969999923e-01 -7.602821661599999947e-01 -2.658280958300000218e+00
4.899999999999999911e-01 2.327105669329999904e-01 1.853208848700000147e-02 4.805992426519999916e-01 -7.430698389650000069e-01 -2.230316803660000069e+00
