# L 3
# phi 0.0623
# hz 0.9
#  hx	Delta_0	Delta_2pik	r	log_Delta_0	log_Delta_2pik
2.326305139869999997e-03 2.327105669329999904e-01 4.334714084529999983e-08 3.613546596450000203e-01 -9.531987153919999622e-01 -8.351192482840000153e+00
3.323293056959999818e-03 2.327105669329999904e-01 9.219633744119999906e-08 3.614700815999999928e-01 -9.528989326640000534e-01 -7.894431737249999692e+00
4.747561509939999917e-03 2.327105669329999904e-01 3.095091870800000242e-07 3.621555752910000092e-01 -9.508814563570000544e-01 -7.491575287709999920e+00
6.782230728490000297e-03 2.327105669329999904e-01 8.985486388719999764e-07 3.623846453019999858e-01 -9.483641919559999689e-01 -6.911926984579999989e+00
9.688901040700000425e-03 2.327105669329999904e-01 2.905180928339999875e-06 3.636301555540000230e-01 -9.463512531909999970e-01 -6.502724116959999634e+00
1.384128720100000036e-02 2.327105669329999904e-01 6.159848365670000398e-06 3.671314627680000164e-01 -9.416770118249999655e-01 -6.164528954669999727e+00
1.977326743000000150e-02 2.327105669329999904e-01 2.597102641409999852e-05 3.680710052380000152e-01 -9.356709061829999730e-01 -5.514578846100000042e+00
2.824752490000000116e-02 2.327105669329999904e-01 6.534467567870000555e-05 3.746325768509999876e-01 -9.283135581350000498e-01 -5.080176923339999817e+00
4.035360699999999967e-02 2.327105669329999904e-01 1.491034106350000010e-04 3.791335671750000191e-01 -9.179197551359999929e-01 -4.789639851759999623e+00
5.764800999999999953e-02 2.327105669329999904e-01 3.227707090159999924e-04 3.924481999760000006e-01 -9.084685539100000318e-01 -4.378746832090000041e+00
8.235430000000000528e-02 2.327105669329999904e-01 9.095727850500000353e-04 4.003374364019999798e-01 -8.981748804269999997e-01 -3.940864091309999928e+00
1.176490000000000036e-01 2.327105669329999904e-01 2.516895542520000174e-03 3.980624152380000114e-01 -8.880088261390000071e-01 -3.450407436679999940e+00
1.680699999999999972e-01 2.327105669329999904e-01 4.831707262109999693e-03 4.200037504899999941e-01 -8.687656204370000079e-01 -3.118734816839999979e+00
2.401000000000000079e-01 2.327105669329999904e-01 1.067101137680000027e-02 4.366972782140000064e-01 -8.382583306840000192e-01 -2.574182352159999798e+00
3.430000000000000271e-01 2.327105669329999904e-01 2.130635831370000094e-02 4.552533374859999982e-01 -8.029997744150000338e-01 -2.127774116919999958e+00
4.899999999999999911e-01 2.327105669329999904e-01 2.973012418020000089e-02 4.661731694440000018e-01 -7.801826642079999763e-01 -1.972098280480000021e+00
