# L 3
# phi -0.0249
# hz 0.9
#  hx	Delta_0	Delta_2pik	r	log_Delta_0	log_Delta_2pik
2.326305139869999997e-03 2.327105669329999904e-01 1.742608445960000073e-07 3.036257537209999802e-01 -1.073061868079999925e+00 -7.973918055260000415e+00
3.323293056959999818e-03 2.327105669329999904e-01 5.727845669769999530e-07 3.048873106309999970e-01 -1.069462913750000022e+00 -7.411912600129999973e+00
4.747561509939999917e-03 2.327105669329999904e-01 1.599885494990000066e-06 3.049060963229999754e-01 -1.070379098170000098e+00 -7.006160006380000027e+00
6.782230728490000297e-03 2.327105669329999904e-01 4.190709433429999853e-06 3.074305225869999880e-01 -1.065945264040000007e+00 -6.487212012899999714e+00
9.688901040700000425e-03 2.327105669329999904e-01 1.581125473100000077e-05 3.112663200829999810e-01 -1.060590309309999979e+00 -5.965643088590000254e+00
1.384128720100000036e-02 2.327105669329999904e-01 3.063317113829999976e-05 3.170497940140000193e-01 -1.055755725900000108e+00 -5.614008695429999918e+00
1.977326743000000150e-02 2.327105669329999904e-01 1.329302835779999929e-04 3.311505771659999930e-01 -1.047037038780000096e+00 -4.960464489899999663e+00
2.824752490000000116e-02 2.327105669329999904e-01 2.530041694629999805e-04 3.337997288719999900e-01 -1.038731859509999911e+00 -4.615544179759999643e+00
4.035360699999999967e-02 2.327105669329999904e-01 6.872305150460000355e-04 3.573192700669999833e-01 -1.022279075109999935e+00 -4.213698150279999943e+00
5.764800999999999953e-02 2.327105669329999904e-01 1.455232103289999914e-03 3.641322392110000195e-01 -1.004222858609999935e+00 -3.898671262980000218e+00
8.235430000000000528e-02 2.327105669329999904e-01 3.159960927029999925e-03 3.952504783260000210e-01 -9.698891551249999576e-01 -3.280816821680000217e+00
1.176490000000000036e-01 2.327105669329999904e-01 5.716259783610000249e-03 3.920832113370000260e-01 -9.546617443420000182e-01 -3.009980833050000193e+00
1.680699999999999972e-01 2.327105669329999904e-01 1.032937775869999936e-02 4.190099031889999992e-01 -9.057250078390000070e-01 -2.612865193879999826e+00
2.401000000000000079e-01 2.327105669329999904e-01 1.816552507399999891e-02 4.434666789780000173e-01 -8.624299339919999641e-01 -2.260899314590000042e+00
3.430000000000000271e-01 2.327105669329999904e-01 2.315931773369999877e-02 4.398175949390000228e-01 -8.296979188399999927e-01 -2.136263015759999995e+00
4.899999999999999911e-01 2.327105669329999904e-01 3.706439574479999943e-02 4.435708496820000013e-01 -7.988631812740000226e-01 -1.872856891469999896e+00
