# L 5
# phi -0.0499
# hz 0.9
#  hx	Delta_0	Delta_2pik	r	log_Delta_0	log_Delta_2pik
2.326305139869999997e-03 2.585672965919999858e-02 1.591529249499999972e-12 3.779845209480000023e-01 -1.906980423570000083e+00 -inf
3.323293056959999818e-03 2.585672965919999858e-02 4.163247350889999711e-11 3.799306061439999826e-01 -1.907300447239999919e+00 -inf
4.747561509939999917e-03 2.585672965919999858e-02 5.703183297369999988e-11 3.808119814509999812e-01 -1.902053843290000046e+00 -inf
6.782230728490000297e-03 2.585672965919999858e-02 2.446513640229999787e-10 3.845606700549999979e-01 -1.895479256880000074e+00 -inf
9.688901040700000425e-03 2.585672965919999858e-02 2.170122416640000184e-09 3.835760527159999822e-01 -1.895508026219999920e+00 -1.014161320600000060e+01
1.384128720100000036e-02 2.585672965919999858e-02 3.715056433850000130e-08 3.839452738829999823e-01 -1.892659741849999966e+00 -9.404343434379999422e+00
1.977326743000000150e-02 2.585672965919999858e-02 5.378080106620000199e-08 3.899405083849999953e-01 -1.878192969449999916e+00 -8.745926880029999850e+00
2.824752490000000116e-02 2.585672965919999858e-02 6.532263612259999988e-07 3.913732750489999912e-01 -1.877395296750000053e+00 -7.676845802999999968e+00
4.035360699999999967e-02 2.585672965919999858e-02 2.734022471210000098e-06 3.996090106590000079e-01 -1.860801598909999965e+00 -6.968036524460000436e+00
5.764800999999999953e-02 2.585672965919999858e-02 1.311905514509999957e-05 4.049274943580000174e-01 -1.856537586620000013e+00 -6.324898583919999595e+00
8.235430000000000528e-02 2.585672965919999858e-02 4.662560824309999898e-05 4.041590228640000171e-01 -1.848608414270000111e+00 -5.558790530899999638e+00
1.176490000000000036e-01 2.585672965919999858e-02 2.969434942919999963e-04 4.133041517869999737e-01 -1.832837246350000004e+00 -4.780276734330000110e+00
1.680699999999999972e-01 2.585672965919999858e-02 9.462779143050000169e-04 4.316729187069999751e-01 -1.804112192839999906e+00 -3.955259105410000142e+00
2.401000000000000079e-01 2.585672965919999858e-02 1.741470622159999905e-03 4.366933993780000023e-01 -1.790241672999999922e+00 -3.705396696919999844e+00
3.430000000000000271e-01 2.585672965919999858e-02 3.982350741920000214e-03 4.763023644919999744e-01 -1.741418914730000100e+00 -2.987027638159999832e+00
4.899999999999999911e-01 2.585672965919999858e-02 5.474958698099999937e-03 4.833352642220000162e-01 -1.722113366659999922e+00 -2.803332050079999860e+00
