# L 4
# phi 0.0048
# hz 0.9
#  hx	Delta_0	Delta_2pik	r	log_Delta_0	log_Delta_2pik
2.326305139869999997e-03 7.757018897749999586e-02 1.975557293430000051e-07 2.986462404999999931e-01 -1.814160666220000051e+00 -8.863022080620000409e+00
3.323293056959999818e-03 7.757018897749999586e-02 9.068141461910000102e-07 3.146935981869999899e-01 -1.801399735870000018e+00 -8.215131514499999454e+00
4.747561509939999917e-03 7.757018897749999586e-02 2.736266472109999818e-06 3.216710514080000083e-01 -1.794954612830000018e+00 -7.682711270869999609e+00
6.782230728490000297e-03 7.757018897749999586e-02 1.111583117209999938e-05 3.430847119129999956e-01 -1.779813726410000019e+00 -7.006889274679999779e+00
9.688901040700000425e-03 7.757018897749999586e-02 4.548188749919999924e-05 3.426346796420000063e-01 -1.770825529139999910e+00 -6.432618514519999664e+00
1.384128720100000036e-02 7.757018897749999586e-02 1.238069150299999993e-04 3.443977206289999815e-01 -1.753205628669999960e+00 -5.870264570689999850e+00
1.977326743000000150e-02 7.757018897749999586e-02 3.098051933859999958e-04 3.484346620570000219e-01 -1.715386581920000042e+00 -5.259738957039999718e+00
2.824752490000000116e-02 7.757018897749999586e-02 4.556351108419999909e-04 3.739284425659999966e-01 -1.668659721140000052e+00 -4.874043350830000065e+00
4.035360699999999967e-02 7.757018897749999586e-02 8.105254587170000226e-04 3.935070891729999798e-01 -1.621665010010000074e+00 -4.496994026630000363e+00
5.764800999999999953e-02 7.757018897749999586e-02 1.245938480220000087e-03 3.946993707840000254e-01 -1.568519477800000006e+00 -4.134764067159999890e+00
8.235430000000000528e-02 7.757018897749999586e-02 2.010887595979999991e-03 4.115120688219999767e-01 -1.520860637139999971e+00 -3.790676099160000145e+00
1.176490000000000036e-01 7.757018897749999586e-02 3.312841084390000159e-03 4.192434583569999984e-01 -1.471631180980000009e+00 -3.308666019319999929e+00
1.680699999999999972e-01 7.757018897749999586e-02 5.273652356520000355e-03 4.358154683409999897e-01 -1.430133582330000097e+00 -3.009902356190000017e+00
2.401000000000000079e-01 7.757018897749999586e-02 8.161274431739999266e-03 4.377267063399999936e-01 -1.377811554009999995e+00 -2.655513757880000103e+00
3.430000000000000271e-01 7.757018897749999586e-02 1.186761651380000004e-02 4.486330520099999775e-01 -1.321772068210000040e+00 -2.342346664559999958e+00
4.899999999999999911e-01 7.757018897749999586e-02 1.580764648640000172e-02 4.520946999980000047e-01 -1.288425636599999979e+00 -2.253087539800000094e+00
