# L 4
# phi -0.0374
# hz 0.9
#  hx	Delta_0	Delta_2pik	r	log_Delta_0	log_Delta_2pik
2.326305139869999997e-03 7.757018897749999586e-02 5.169467241649999962e-10 3.717925905900000272e-01 -1.483180793500000094e+00 -1.059783967479999944e+01
3.323293056959999818e-03 7.757018897749999586e-02 3.240627213210000084e-09 3.731824091090000239e-01 -1.482545303630000033e+00 -inf
4.747561509939999917e-03 7.757018897749999586e-02 1.604547601670000094e-08 3.760759189799999791e-01 -1.476579733599999944e+00 -9.236174466970000552e+00
6.782230728490000297e-03 7.757018897749999586e-02 4.393722390379999679e-08 3.779224498770000218e-01 -1.477697030180000093e+00 -8.659498428290000049e+00
9.688901040700000425e-03 7.757018897749999586e-02 1.193473574100000128e-07 3.770028678719999915e-01 -1.477381867709999907e+00 -8.273522183420000786e+00
1.384128720100000036e-02 7.757018897749999586e-02 5.294879664670000138e-07 3.854473124700000253e-01 -1.461586993370000087e+00 -7.435065954499999741e+00
1.977326743000000150e-02 7.757018897749999586e-02 2.606409778150000051e-06 3.888812870630000140e-01 -1.457696737440000057e+00 -6.813176323479999574e+00
2.824752490000000116e-02 7.757018897749999586e-02 1.327465728250000014e-05 4.033346156229999924e-01 -1.437548092569999936e+00 -6.254294726510000402e+00
4.035360699999999967e-02 7.757018897749999586e-02 4.405000445470000277e-05 4.134254047020000100e-01 -1.427425319709999973e+00 -5.531796415399999667e+00
5.764800999999999953e-02 7.757018897749999586e-02 9.976033342249999807e-05 4.190910739409999808e-01 -1.416879757380000049e+00 -5.046853800400000090e+00
8.235430000000000528e-02 7.757018897749999586e-02 4.536123202960000021e-04 4.312936855699999739e-01 -1.399804412930000019e+00 -4.419051924959999766e+00
1.176490000000000036e-01 7.757018897749999586e-02 1.381490200309999899e-03 4.297622500259999923e-01 -1.380139917860000009e+00 -3.708337564339999837e+00
1.680699999999999972e-01 7.757018897749999586e-02 3.194822251660000070e-03 4.531163999180000124e-01 -1.339721724459999930e+00 -3.256215662619999840e+00
2.401000000000000079e-01 7.757018897749999586e-02 6.171966259340000080e-03 4.679812699779999918e-01 -1.312926799380000009e+00 -2.872421572759999986e+00
3.430000000000000271e-01 7.757018897749999586e-02 9.730312371700000282e-03 4.714128464719999911e-01 -1.282158816329999951e+00 -2.493897885580000029e+00
4.899999999999999911e-01 7.757018897749999586e-02 1.310857295379999968e-02 4.827993931749999801e-01 -1.254300829309999976e+00 -2.408443559450000215e+00
