# L 2
# phi 0.4363
# hz 0.9
#  hx	Delta_0	Delta_2pik	r	log_Delta_0	log_Delta_2pik
2.326305139869999997e-03 6.981317007980000211e-01 8.242338074640000832e-06 3.142983683880000156e-01 -3.760388012570000105e-01 -6.171347275949999656e+00
3.323293056959999818e-03 6.981317007980000211e-01 9.247262611860000562e-06 3.143091380729999829e-01 -3.752951027340000190e-01 -5.797795945729999900e+00
4.747561509939999917e-03 6.981317007980000211e-01 2.334301684210000056e-05 3.143360062230000085e-01 -3.746603214240000201e-01 -5.461298770750000031e+00
6.782230728490000297e-03 6.981317007980000211e-01 3.995015888609999827e-05 3.143605530279999782e-01 -3.744386414470000091e-01 -5.086619753219999929e+00
9.688901040700000425e-03 6.981317007980000211e-01 7.956570273490000335e-05 3.144728949939999962e-01 -3.718148041509999890e-01 -4.894024897559999587e+00
1.384128720100000036e-02 6.981317007980000211e-01 9.260692502970000177e-05 3.145556777549999850e-01 -3.710271039899999956e-01 -4.622512686500000356e+00
1.977326743000000150e-02 6.981317007980000211e-01 2.495329276599999864e-04 3.148924076060000132e-01 -3.697516989849999880e-01 -4.216452239289999682e+00
2.824752490000000116e-02 6.981317007980000211e-01 4.164000796439999838e-04 3.153964208089999888e-01 -3.663661795850000069e-01 -4.114852850650000171e+00
4.035360699999999967e-02 6.981317007980000211e-01 8.071358152709999642e-04 3.162289730730000192e-01 -3.654447693999999802e-01 -3.673761716020000012e+00
5.764800999999999953e-02 6.981317007980000211e-01 1.374379032340000044e-03 3.170486143369999898e-01 -3.600810044689999878e-01 -3.408728778830000028e+00
8.235430000000000528e-02 6.981317007980000211e-01 2.847306704059999940e-03 3.206101464359999986e-01 -3.498298613849999961e-01 -3.086268139099999974e+00
1.176490000000000036e-01 6.981317007980000211e-01 4.723388597550000172e-03 3.257525521490000076e-01 -3.405480004099999958e-01 -2.821054425059999815e+00
1.680699999999999972e-01 6.981317007980000211e-01 1.258181157920000050e-02 3.343634995579999880e-01 -3.269605614209999955e-01 -2.370463201769999806e+00
2.401000000000000079e-01 6.981317007980000211e-01 1.942475344719999872e-02 3.523924339160000030e-01 -3.139531032289999968e-01 -2.295346671119999904e+00
3.430000000000000271e-01 6.981317007980000211e-01 3.405358636139999701e-02 3.767378977160000253e-01 -2.959850922510000037e-01 -1.986874320340000111e+00
4.899999999999999911e-01 6.981317007980000211e-01 6.193056912880000320e-02 4.294402057569999820e-01 -2.648740115400000095e-01 -1.617319493659999941e+00
