# L 4
# phi 0.0748
# hz 0.9
#  hx	Delta_0	Delta_2pik	r	log_Delta_0	log_Delta_2pik
2.326305139869999997e-03 7.757018897749999586e-02 7.808125635770000456e-11 3.892844031480000022e-01 -1.382766913720000046e+00 -inf
3.323293056959999818e-03 7.757018897749999586e-02 3.020295276429999905e-10 3.897932525600000253e-01 -1.382471186809999919e+00 -1.051609021360000007e+01
4.747561509939999917e-03 7.757018897749999586e-02 1.268551471270000030e-09 3.904853845099999776e-01 -1.380013188579999994e+00 -9.999611141680000870e+00
6.782230728490000297e-03 7.757018897749999586e-02 9.568979754090000018e-09 3.940601811350000205e-01 -1.377346574559999981e+00 -9.179455923889999980e+00
9.688901040700000425e-03 7.757018897749999586e-02 3.778582085229999717e-08 3.979043693600000098e-01 -1.373619536689999920e+00 -8.662664919379999162e+00
1.384128720100000036e-02 7.757018897749999586e-02 7.254537085170000376e-08 3.973328927329999871e-01 -1.372623664760000084e+00 -8.185614344399999354e+00
1.977326743000000150e-02 7.757018897749999586e-02 4.169032386100000157e-07 4.003724170249999825e-01 -1.365485050069999984e+00 -7.403267448680000307e+00
2.824752490000000116e-02 7.757018897749999586e-02 2.151446766359999888e-06 3.998106386220000030e-01 -1.366468280389999901e+00 -6.726027737119999905e+00
4.035360699999999967e-02 7.757018897749999586e-02 9.319830855930000586e-06 4.055718719210000267e-01 -1.357506455400000034e+00 -6.149050989520000066e+00
5.764800999999999953e-02 7.757018897749999586e-02 2.994150297020000136e-05 4.075769247179999999e-01 -1.353193274689999948e+00 -5.549956070190000368e+00
8.235430000000000528e-02 7.757018897749999586e-02 1.242408713959999975e-04 4.247820115520000162e-01 -1.334416757280000088e+00 -4.862507863920000339e+00
1.176490000000000036e-01 7.757018897749999586e-02 3.696275701419999941e-04 4.275203062369999918e-01 -1.328619981589999943e+00 -4.336239791069999683e+00
1.680699999999999972e-01 7.757018897749999586e-02 1.315596204749999980e-03 4.279823071059999928e-01 -1.316828697869999898e+00 -3.708106710220000046e+00
2.401000000000000079e-01 7.757018897749999586e-02 2.957159396519999997e-03 4.471198997770000072e-01 -1.288606553930000009e+00 -3.300886517339999937e+00
3.430000000000000271e-01 7.757018897749999586e-02 5.434548573080000104e-03 4.581238736920000276e-01 -1.269544390399999889e+00 -2.897538264290000054e+00
4.899999999999999911e-01 7.757018897749999586e-02 1.050521638929999974e-02 4.833438357909999872e-01 -1.237113884340000025e+00 -2.488158387859999987e+00
