# L 4
# phi -0.0623
# hz 0.9
#  hx	Delta_0	Delta_2pik	r	log_Delta_0	log_Delta_2pik
2.326305139869999997e-03 7.757018897749999586e-02 1.386939034949999995e-10 3.791718364619999782e-01 -1.402891258689999976e+00 -inf
3.323293056959999818e-03 7.757018897749999586e-02 5.859211963900000167e-10 3.801111415169999841e-01 -1.401242470249999927e+00 -1.049439683780000010e+01
4.747561509939999917e-03 7.757018897749999586e-02 2.502716862390000127e-09 3.805841992819999908e-01 -1.401525852670000072e+00 -inf
6.782230728490000297e-03 7.757018897749999586e-02 1.178974896680000042e-08 3.836778239299999949e-01 -1.393720191449999923e+00 -9.056891775040000425e+00
9.688901040700000425e-03 7.757018897749999586e-02 3.625662985199999729e-08 3.851703959650000231e-01 -1.392793822140000026e+00 -8.631920592880000243e+00
1.384128720100000036e-02 7.757018897749999586e-02 1.699662926399999915e-07 3.864593334520000090e-01 -1.386559560300000049e+00 -7.850600447299999729e+00
1.977326743000000150e-02 7.757018897749999586e-02 7.301844734280000481e-07 3.963770813349999922e-01 -1.378326406840000073e+00 -7.246187768449999567e+00
2.824752490000000116e-02 7.757018897749999586e-02 2.415742426239999973e-06 3.972355248350000201e-01 -1.377971974180000059e+00 -6.618652015640000386e+00
4.035360699999999967e-02 7.757018897749999586e-02 1.004418536319999958e-05 4.050359513619999907e-01 -1.364592148500000102e+00 -6.141147993099999702e+00
5.764800999999999953e-02 7.757018897749999586e-02 2.836403124930000043e-05 4.201305033909999986e-01 -1.355992672940000032e+00 -5.591190390959999590e+00
8.235430000000000528e-02 7.757018897749999586e-02 1.669687508800000010e-04 4.224698165240000081e-01 -1.346367404840000059e+00 -4.839557359919999691e+00
1.176490000000000036e-01 7.757018897749999586e-02 4.080780053139999777e-04 4.177765427999999837e-01 -1.337573176360000060e+00 -4.314895364049999849e+00
1.680699999999999972e-01 7.757018897749999586e-02 1.483894296520000102e-03 4.316948996120000270e-01 -1.324529709419999923e+00 -3.612929125349999993e+00
2.401000000000000079e-01 7.757018897749999586e-02 3.627650869720000070e-03 4.524442170219999948e-01 -1.297907657949999960e+00 -3.180838214790000062e+00
3.430000000000000271e-01 7.757018897749999586e-02 6.943916770960000331e-03 4.713484526500000271e-01 -1.264970387239999994e+00 -2.749556986380000012e+00
4.899999999999999911e-01 7.757018897749999586e-02 1.217636746540000023e-02 4.714278769040000094e-01 -1.242142772490000047e+00 -2.398515946859999914e+00
