# L 3
# phi 0.4363
# hz 0.9
#  hx	Delta_0	Delta_2pik	r	log_Delta_0	log_Delta_2pik
2.326305139869999997e-03 2.327105669329999904e-01 1.218797832160000029e-07 3.581217588530000162e-01 -8.822326189179999778e-01 -8.921975422070000050e+00
3.323293056959999818e-03 2.327105669329999904e-01 6.447985416430000528e-08 3.586639361389999947e-01 -8.816253828269999815e-01 -8.484330111309999367e+00
4.747561509939999917e-03 2.327105669329999904e-01 2.028896924479999941e-07 3.585367448019999848e-01 -8.812067364000000236e-01 -7.925506200350000086e+00
6.782230728490000297e-03 2.327105669329999904e-01 5.029593496930000252e-07 3.590343832540000002e-01 -8.788418498059999973e-01 -7.675424926199999831e+00
9.688901040700000425e-03 2.327105669329999904e-01 1.213867323450000104e-06 3.581688111410000208e-01 -8.802196651250000503e-01 -7.314695961650000022e+00
1.384128720100000036e-02 2.327105669329999904e-01 6.797768738210000058e-06 3.613943279160000133e-01 -8.754601180180000553e-01 -6.619979011099999866e+00
1.977326743000000150e-02 2.327105669329999904e-01 1.273745142279999952e-05 3.665207064350000099e-01 -8.688445956739999643e-01 -6.293897270499999586e+00
2.824752490000000116e-02 2.327105669329999904e-01 1.857157022810000091e-05 3.624756053889999774e-01 -8.678625318270000166e-01 -5.729693854959999832e+00
4.035360699999999967e-02 2.327105669329999904e-01 6.050814858650000095e-05 3.655402211720000238e-01 -8.622701288359999605e-01 -5.424496709149999596e+00
5.764800999999999953e-02 2.327105669329999904e-01 1.325831396259999990e-04 3.832033964730000020e-01 -8.474134847459999786e-01 -4.869338449069999797e+00
8.235430000000000528e-02 2.327105669329999904e-01 2.834136631429999770e-04 3.826550143219999978e-01 -8.419123400489999520e-01 -4.351144814429999563e+00
1.176490000000000036e-01 2.327105669329999904e-01 8.284048856419999824e-04 4.025808958150000061e-01 -8.331098071689999607e-01 -3.909150731290000014e+00
1.680699999999999972e-01 2.327105669329999904e-01 1.856507291979999936e-03 4.132114594060000146e-01 -8.061841554230000373e-01 -3.426119897840000039e+00
2.401000000000000079e-01 2.327105669329999904e-01 3.631000369029999814e-03 4.390987388609999820e-01 -7.960228574150000069e-01 -3.004289409910000153e+00
3.430000000000000271e-01 2.327105669329999904e-01 7.351740075680000298e-03 4.537372889590000069e-01 -7.737377732010000120e-01 -2.712825197679999967e+00
4.899999999999999911e-01 2.327105669329999904e-01 1.202067327650000080e-02 4.896130457210000064e-01 -7.539793167049999578e-01 -2.454924902880000204e+00
