# L 3
# phi 0.5236
# hz 0.9
#  hx	Delta_0	Delta_2pik	r	log_Delta_0	log_Delta_2pik
2.326305139869999997e-03 2.327105669329999904e-01 9.579338860739999517e-09 4.789239141950000223e-01 -8.836135432089999853e-01 -inf
3.323293056959999818e-03 2.327105669329999904e-01 2.113070611570000023e-08 4.789269237120000189e-01 -8.835506764760000520e-01 -9.679717955570000143e+00
4.747561509939999917e-03 2.327105669329999904e-01 1.390650872139999950e-07 4.788401777040000029e-01 -8.833507279140000445e-01 -9.111818412219999885e+00
6.782230728490000297e-03 2.327105669329999904e-01 8.467540724820000583e-08 4.788686295299999784e-01 -8.835484785749999626e-01 -8.760499655720000334e+00
9.688901040700000425e-03 2.327105669329999904e-01 5.325539291380000364e-07 4.788625793979999767e-01 -8.827082752229999940e-01 -8.150017097990000181e+00
1.384128720100000036e-02 2.327105669329999904e-01 1.164266525169999965e-06 4.782289634099999853e-01 -8.831319549199999619e-01 -7.527910880120000314e+00
1.977326743000000150e-02 2.327105669329999904e-01 2.527388123759999831e-06 4.778287036100000162e-01 -8.808928116780000428e-01 -7.031693527619999884e+00
2.824752490000000116e-02 2.327105669329999904e-01 1.407717539119999959e-05 4.781092987989999932e-01 -8.787801322710000473e-01 -6.366036326889999764e+00
4.035360699999999967e-02 2.327105669329999904e-01 2.068141462220000120e-05 4.802399193679999789e-01 -8.744643330200000397e-01 -5.992250459360000114e+00
5.764800999999999953e-02 2.327105669329999904e-01 7.122493357630000081e-05 4.825173763050000231e-01 -8.647394352909999471e-01 -5.356300617259999619e+00
8.235430000000000528e-02 2.327105669329999904e-01 1.871471730350000135e-04 4.786009089530000038e-01 -8.598212719929999581e-01 -4.806221213039999718e+00
1.176490000000000036e-01 2.327105669329999904e-01 6.403213770549999722e-04 4.745096565510000253e-01 -8.463438788289999737e-01 -4.250197513059999821e+00
1.680699999999999972e-01 2.327105669329999904e-01 1.386731829700000099e-03 4.705519484910000161e-01 -8.335987075259999601e-01 -3.682800010539999835e+00
2.401000000000000079e-01 2.327105669329999904e-01 2.707884637419999841e-03 4.794964663919999981e-01 -8.232482531179999841e-01 -3.311738525810000056e+00
3.430000000000000271e-01 2.327105669329999904e-01 5.678001793560000059e-03 4.628921765660000132e-01 -8.037825656170000110e-01 -2.920206798630000211e+00
4.899999999999999911e-01 2.327105669329999904e-01 1.321107922480000037e-02 4.944168572059999822e-01 -7.566341149090000107e-01 -2.483512576919999937e+00
