# L 3
# phi -0.0048
# hz 0.9
#  hx	Delta_0	Delta_2pik	r	log_Delta_0	log_Delta_2pik
2.326305139869999997e-03 2.327105669329999904e-01 3.886948043650000275e-06 2.099317419239999927e-01 -1.346248473179999960e+00 -6.949212057349999583e+00
3.323293056959999818e-03 2.327105669329999904e-01 1.157558339890000035e-05 2.192151513850000011e-01 -1.339066895850000050e+00 -6.521261570450000100e+00
4.747561509939999917e-03 2.327105669329999904e-01 3.247460725359999903e-05 2.234499247179999870e-01 -1.330043430739999977e+00 -6.215363064099999946e+00
6.782230728490000297e-03 2.327105669329999904e-01 6.616471238100000019e-05 2.359355928849999895e-01 -1.322070890290000023e+00 -5.768146584470000171e+00
9.688901040700000425e-03 2.327105669329999904e-01 1.633098095219999890e-04 2.436154290570000103e-01 -1.308361168690000076e+00 -5.425949283709999627e+00
1.384128720100000036e-02 2.327105669329999904e-01 4.156792192759999885e-04 2.633704408809999786e-01 -1.282806349059999906e+00 -4.729125074439999743e+00
1.977326743000000150e-02 2.327105669329999904e-01 7.899409266860000058e-04 2.699275060729999787e-01 -1.249138635930000074e+00 -4.388658585359999975e+00
2.824752490000000116e-02 2.327105669329999904e-01 1.277604301919999961e-03 2.868635091399999726e-01 -1.210596800210000046e+00 -4.129829497110000247e+00
4.035360699999999967e-02 2.327105669329999904e-01 2.180263936949999783e-03 3.137174595259999976e-01 -1.161197921979999936e+00 -3.799580087499999870e+00
5.764800999999999953e-02 2.327105669329999904e-01 3.377116992380000109e-03 3.389302732480000135e-01 -1.109389219030000096e+00 -3.428374570289999923e+00
8.235430000000000528e-02 2.327105669329999904e-01 6.050141390940000190e-03 3.479007013770000212e-01 -1.053789880020000069e+00 -3.107804526169999804e+00
1.176490000000000036e-01 2.327105669329999904e-01 8.596420187409999428e-03 3.741619317379999976e-01 -1.000301800699999966e+00 -2.800163055230000086e+00
1.680699999999999972e-01 2.327105669329999904e-01 1.201550580340000028e-02 3.770528246009999807e-01 -9.713728017010000437e-01 -2.529023425560000149e+00
2.401000000000000079e-01 2.327105669329999904e-01 1.802791193290000094e-02 4.089344366870000247e-01 -9.119529906969999766e-01 -2.338722264059999834e+00
3.430000000000000271e-01 2.327105669329999904e-01 2.468344015990000043e-02 4.202358333949999802e-01 -8.546727854910000088e-01 -2.107581196099999943e+00
4.899999999999999911e-01 2.327105669329999904e-01 3.743412384610000226e-02 4.468760736430000269e-01 -8.100264676049999668e-01 -1.852682228039999934e+00
