# L 4
# phi -0.4363
# hz 0.9
#  hx	Delta_0	Delta_2pik	r	log_Delta_0	log_Delta_2pik
2.326305139869999997e-03 7.757018897749999586e-02 5.115734283380000074e-11 3.772933543099999953e-01 -1.359198302670000080e+00 -inf
3.323293056959999818e-03 7.757018897749999586e-02 3.662037904739999944e-10 3.779963244489999985e-01 -1.357666352489999895e+00 -inf
4.747561509939999917e-03 7.757018897749999586e-02 2.034111768839999903e-09 3.790047482969999826e-01 -1.356822482199999902e+00 -inf
6.782230728490000297e-03 7.757018897749999586e-02 4.596978951300000005e-09 3.798121180460000135e-01 -1.357152347139999993e+00 -9.739485998159999269e+00
9.688901040700000425e-03 7.757018897749999586e-02 1.390393322750000014e-08 3.804044886169999917e-01 -1.355394875520000042e+00 -9.482571226730000191e+00
1.384128720100000036e-02 7.757018897749999586e-02 6.740624172470000434e-08 3.843099288919999967e-01 -1.350798461359999925e+00 -8.606615524209999535e+00
1.977326743000000150e-02 7.757018897749999586e-02 6.752728565200000063e-07 3.881810896180000192e-01 -1.343298834620000104e+00 -7.925414196540000233e+00
2.824752490000000116e-02 7.757018897749999586e-02 1.373816137570000094e-06 3.878771195549999828e-01 -1.342296629530000063e+00 -7.430827401330000193e+00
4.035360699999999967e-02 7.757018897749999586e-02 3.991788661030000106e-06 3.889935165389999949e-01 -1.338453672340000011e+00 -6.810680006390000152e+00
5.764800999999999953e-02 7.757018897749999586e-02 1.539179201550000027e-05 3.991810267159999759e-01 -1.326364434380000068e+00 -6.164414850260000023e+00
8.235430000000000528e-02 7.757018897749999586e-02 3.842213690469999836e-05 4.039161911629999824e-01 -1.321638472749999904e+00 -5.675400175200000064e+00
1.176490000000000036e-01 7.757018897749999586e-02 1.052041339169999980e-04 4.054326392789999733e-01 -1.307700298519999915e+00 -5.030091542580000130e+00
1.680699999999999972e-01 7.757018897749999586e-02 3.614131242570000247e-04 4.186773685849999871e-01 -1.300006638539999981e+00 -4.416725327470000018e+00
2.401000000000000079e-01 7.757018897749999586e-02 1.029582963790000088e-03 4.346728247239999843e-01 -1.279379154789999973e+00 -3.799482051760000090e+00
3.430000000000000271e-01 7.757018897749999586e-02 2.409711885180000190e-03 4.455819775209999833e-01 -1.263070831839999908e+00 -3.363537591430000084e+00
4.899999999999999911e-01 7.757018897749999586e-02 5.133202477880000232e-03 4.656335036170000108e-01 -1.242816310300000060e+00 -2.866213126329999916e+00
