# L 5
# phi -0.0873
# hz 0.9
#  hx	Delta_0	Delta_2pik	r	log_Delta_0	log_Delta_2pik
2.326305139869999997e-03 2.585672965919999858e-02 1.904287427330000002e-13 3.690649479479999884e-01 -1.884377210060000030e+00 -inf
3.323293056959999818e-03 2.585672965919999858e-02 1.076480285800000092e-12 3.703007648039999822e-01 -1.881888153490000049e+00 -inf
4.747561509939999917e-03 2.585672965919999858e-02 6.057730613430000039e-12 3.728778772429999777e-01 -1.878360656359999936e+00 -inf
6.782230728490000297e-03 2.585672965919999858e-02 6.221627078179999600e-11 3.798448005069999800e-01 -1.871808893849999933e+00 -inf
9.688901040700000425e-03 2.585672965919999858e-02 3.822715229139999920e-10 3.760967152370000011e-01 -1.872961456080000087e+00 -inf
1.384128720100000036e-02 2.585672965919999858e-02 2.348491828410000155e-09 3.801255081859999940e-01 -1.867906142090000055e+00 -1.009521763180000065e+01
1.977326743000000150e-02 2.585672965919999858e-02 8.520791880430000742e-09 3.845421285589999960e-01 -1.859774236050000029e+00 -inf
2.824752490000000116e-02 2.585672965919999858e-02 8.618556044439999847e-08 3.876953644250000219e-01 -1.850825001490000066e+00 -8.610397150769999897e+00
4.035360699999999967e-02 2.585672965919999858e-02 3.198204878640000040e-07 3.923516190490000111e-01 -1.849446833540000057e+00 -7.733497401980000241e+00
5.764800999999999953e-02 2.585672965919999858e-02 2.878233523529999930e-06 3.917751347410000085e-01 -1.838182610100000058e+00 -6.972786075630000191e+00
8.235430000000000528e-02 2.585672965919999858e-02 1.326149416119999919e-05 4.053437140600000266e-01 -1.824394382069999931e+00 -5.987137656939999886e+00
1.176490000000000036e-01 2.585672965919999858e-02 5.904211579870000326e-05 4.068370978029999807e-01 -1.817512864170000020e+00 -5.277855776810000066e+00
1.680699999999999972e-01 2.585672965919999858e-02 3.011353386800000157e-04 4.155049745080000023e-01 -1.794092087149999903e+00 -4.507566383990000425e+00
2.401000000000000079e-01 2.585672965919999858e-02 8.582060735399999656e-04 4.297341840939999935e-01 -1.774749348320000086e+00 -3.839558919089999911e+00
3.430000000000000271e-01 2.585672965919999858e-02 1.778389815909999947e-03 4.510065699640000147e-01 -1.748849359410000082e+00 -3.387725543649999782e+00
4.899999999999999911e-01 2.585672965919999858e-02 3.648728865200000140e-03 4.803744541759999986e-01 -1.717639981080000044e+00 -2.956876292280000040e+00
