# L 5
# phi -0.0125
# hz 0.9
#  hx	Delta_0	Delta_2pik	r	log_Delta_0	log_Delta_2pik
2.326305139869999997e-03 2.585672965919999858e-02 4.378743642020000078e-10 3.832977389439999882e-01 -1.999033697400000031e+00 -inf
3.323293056959999818e-03 2.585672965919999858e-02 1.490771004879999918e-09 3.884272866949999847e-01 -1.992370849070000061e+00 -inf
4.747561509939999917e-03 2.585672965919999858e-02 4.010769183890000323e-09 3.952667942120000055e-01 -1.986487957210000044e+00 -inf
6.782230728490000297e-03 2.585672965919999858e-02 4.890048534860000293e-08 4.039971483940000274e-01 -1.976630328029999939e+00 -inf
9.688901040700000425e-03 2.585672965919999858e-02 3.124114499209999852e-07 4.038899613809999734e-01 -1.974777203129999936e+00 -8.650546074430000232e+00
1.384128720100000036e-02 2.585672965919999858e-02 1.309065104280000012e-06 4.072289344139999878e-01 -1.968802905700000050e+00 -7.884676155160000199e+00
1.977326743000000150e-02 2.585672965919999858e-02 7.296330609690000126e-06 4.119940427950000150e-01 -1.962394650180000033e+00 -7.261493822430000300e+00
2.824752490000000116e-02 2.585672965919999858e-02 3.136757717349999958e-05 4.112269167159999794e-01 -1.953635704449999899e+00 -6.565866893809999993e+00
4.035360699999999967e-02 2.585672965919999858e-02 1.615945963229999973e-04 4.166700463560000234e-01 -1.934290342469999979e+00 -5.761975765639999914e+00
5.764800999999999953e-02 2.585672965919999858e-02 3.898948244929999738e-04 4.202431990570000275e-01 -1.910620284089999954e+00 -4.994145040590000306e+00
8.235430000000000528e-02 2.585672965919999858e-02 6.326086142910000102e-04 4.211593097269999975e-01 -1.890242863559999931e+00 -4.517857970189999683e+00
1.176490000000000036e-01 2.585672965919999858e-02 1.148568894679999992e-03 4.290659717950000007e-01 -1.857277065909999969e+00 -4.043394369029999602e+00
1.680699999999999972e-01 2.585672965919999858e-02 1.962477535809999899e-03 4.377282055439999930e-01 -1.827981818220000054e+00 -3.643564888919999856e+00
2.401000000000000079e-01 2.585672965919999858e-02 3.395425865790000115e-03 4.518661103459999939e-01 -1.793323198429999987e+00 -3.119332993440000035e+00
3.430000000000000271e-01 2.585672965919999858e-02 5.003915002890000144e-03 4.616510604340000046e-01 -1.764289545810000082e+00 -2.778630565739999891e+00
4.899999999999999911e-01 2.585672965919999858e-02 7.314587085899999785e-03 4.817033737199999943e-01 -1.729561696209999999e+00 -2.551131597679999974e+00
