# L 5
# phi 0.1745
# hz 0.9
#  hx	Delta_0	Delta_2pik	r	log_Delta_0	log_Delta_2pik
2.326305139869999997e-03 2.585672965919999858e-02 6.927934220810000578e-14 3.716908411079999919e-01 -1.842705020029999918e+00 -inf
3.323293056959999818e-03 2.585672965919999858e-02 7.101372256580000183e-13 3.720503616759999743e-01 -1.843950086800000054e+00 -inf
4.747561509939999917e-03 2.585672965919999858e-02 4.346117850610000096e-12 3.724251241550000091e-01 -1.841257023130000059e+00 -inf
6.782230728490000297e-03 2.585672965919999858e-02 1.111098876369999934e-11 3.732085603279999830e-01 -1.840687675220000097e+00 -inf
9.688901040700000425e-03 2.585672965919999858e-02 2.841168148299999862e-10 3.741706565640000037e-01 -1.840726988339999926e+00 -inf
1.384128720100000036e-02 2.585672965919999858e-02 4.658857926049999845e-10 3.766582214870000112e-01 -1.834321507459999889e+00 -inf
1.977326743000000150e-02 2.585672965919999858e-02 5.295734976959999712e-09 3.784573401469999987e-01 -1.830046511679999988e+00 -inf
2.824752490000000116e-02 2.585672965919999858e-02 1.245448534650000055e-08 3.869713232640000222e-01 -1.826147643239999896e+00 -9.178012013800000091e+00
4.035360699999999967e-02 2.585672965919999858e-02 2.820955290850000200e-07 3.899079547700000092e-01 -1.820946729859999946e+00 -8.259111104169999606e+00
5.764800999999999953e-02 2.585672965919999858e-02 7.625129198970000204e-07 3.901401152519999860e-01 -1.820553415050000012e+00 -7.529753399359999655e+00
8.235430000000000528e-02 2.585672965919999858e-02 2.422731305970000173e-06 3.895625941120000046e-01 -1.815967944929999911e+00 -6.852559026619999827e+00
1.176490000000000036e-01 2.585672965919999858e-02 1.738963080619999852e-05 4.029083442579999841e-01 -1.796998134489999899e+00 -6.111799729670000403e+00
1.680699999999999972e-01 2.585672965919999858e-02 9.352260900259999404e-05 4.085777714170000241e-01 -1.783774146909999914e+00 -5.292121085759999843e+00
2.401000000000000079e-01 2.585672965919999858e-02 1.826531664329999918e-04 4.190146272879999856e-01 -1.773781194389999927e+00 -4.796194870669999943e+00
3.430000000000000271e-01 2.585672965919999858e-02 8.705970859349999738e-04 4.423072850790000232e-01 -1.747270094020000109e+00 -3.925232926470000105e+00
4.899999999999999911e-01 2.585672965919999858e-02 2.449153108859999928e-03 4.801545495669999886e-01 -1.716220228699999906e+00 -3.192412493419999997e+00
# L 5
# phi 0.1745
# hz 0.9
#  hx	Delta_0	Delta_2pik	r	log_Delta_0	log_Delta_2pik
6.999999999999999556e-01 2.585672965919999858e-02 4.645418745439999775e-03 5.144497226240000165e-01 -1.687457549559999936e+00 -2.854583018470000066e+00
1.000000000000000000e+00 2.585672965919999858e-02 7.422488152640000121e-03 5.383512481329999488e-01 -1.673242494839999983e+00 -2.545641612679999888e+00
1.428571428569999968e+00 2.585672965919999858e-02 1.036634396799999969e-02 5.417603798150000260e-01 -1.668767218599999991e+00 -2.358003040639999881e+00
2.040816326529999891e+00 2.585672965919999858e-02 1.528604547859999975e-02 5.596959556909999467e-01 -1.656763745509999941e+00 -2.113267311930000059e+00
2.915451895039999908e+00 2.585672965919999858e-02 2.437286329749999841e-02 5.419491436359999970e-01 -1.665566569889999959e+00 -1.864690187079999895e+00
4.164931278630000122e+00 2.585672965919999858e-02 2.889735274919999833e-02 5.199203570689999720e-01 -1.683398382920000103e+00 -1.829184395780000028e+00
