# L 5
# phi 0.0748
# hz 0.9
#  hx	Delta_0	Delta_2pik	r	log_Delta_0	log_Delta_2pik
2.326305139869999997e-03 2.585672965919999858e-02 1.261618866079999906e-12 3.714371558419999886e-01 -1.895200138879999940e+00 -inf
3.323293056959999818e-03 2.585672965919999858e-02 3.566713819580000053e-12 3.722089893050000153e-01 -1.893613559310000083e+00 -inf
4.747561509939999917e-03 2.585672965919999858e-02 5.087394233359999785e-11 3.729463477819999762e-01 -1.893689984459999920e+00 -inf
6.782230728490000297e-03 2.585672965919999858e-02 1.354568908070000079e-10 3.745625827390000051e-01 -1.889571640320000023e+00 -inf
9.688901040700000425e-03 2.585672965919999858e-02 6.813546066999999529e-10 3.746303313159999870e-01 -1.889790744429999947e+00 -inf
1.384128720100000036e-02 2.585672965919999858e-02 5.163497048370000170e-09 3.765225115270000034e-01 -1.883030604160000010e+00 -9.796479268940000651e+00
1.977326743000000150e-02 2.585672965919999858e-02 1.811745007849999985e-08 3.785110161490000125e-01 -1.880020167479999893e+00 -9.099028126760000390e+00
2.824752490000000116e-02 2.585672965919999858e-02 1.567152217319999885e-07 3.865127048909999807e-01 -1.871397483390000005e+00 -8.271176006030000138e+00
4.035360699999999967e-02 2.585672965919999858e-02 5.438238166190000119e-07 3.965405238210000238e-01 -1.855743015570000098e+00 -7.471607924469999773e+00
5.764800999999999953e-02 2.585672965919999858e-02 3.569958402189999866e-06 4.016377933809999745e-01 -1.848839025029999972e+00 -6.773884674599999656e+00
8.235430000000000528e-02 2.585672965919999858e-02 1.721709083290000011e-05 4.014593216239999984e-01 -1.834734936959999896e+00 -6.101096419670000159e+00
1.176490000000000036e-01 2.585672965919999858e-02 6.598078056539999684e-05 4.110833792149999888e-01 -1.817469848600000049e+00 -5.161901152589999597e+00
1.680699999999999972e-01 2.585672965919999858e-02 4.283079371639999990e-04 4.287584268890000105e-01 -1.797068649769999915e+00 -4.436569403740000084e+00
2.401000000000000079e-01 2.585672965919999858e-02 1.385788080879999957e-03 4.387264263730000224e-01 -1.781030312700000007e+00 -3.703618722139999875e+00
3.430000000000000271e-01 2.585672965919999858e-02 2.778388837879999882e-03 4.645861844540000174e-01 -1.745182650530000101e+00 -3.212990058219999945e+00
4.899999999999999911e-01 2.585672965919999858e-02 5.404382900009999796e-03 4.873883374920000011e-01 -1.710777457160000070e+00 -2.796149114279999903e+00
