# L 5
# phi 0.0000
# hz 0.9
#  hx	Delta_0	Delta_2pik	r	log_Delta_0	log_Delta_2pik
2.326305139869999997e-03 2.585672965919999858e-02 2.130694471110000003e-05 2.302577642339999897e-01 -3.182363941509999794e+00 -inf
3.323293056959999818e-03 2.585672965919999858e-02 3.250307698830000265e-05 2.202201411799999953e-01 -3.063232145839999809e+00 -inf
4.747561509939999917e-03 2.585672965919999858e-02 4.762560552950000125e-05 2.403328811450000102e-01 -2.885016364769999786e+00 -inf
6.782230728490000297e-03 2.585672965919999858e-02 7.159377386740000185e-05 2.391201796549999870e-01 -2.768901783950000084e+00 -6.380371251269999711e+00
9.688901040700000425e-03 2.585672965919999858e-02 1.086725799060000026e-04 2.608231155419999947e-01 -2.617838710820000081e+00 -5.995260680680000398e+00
1.384128720100000036e-02 2.585672965919999858e-02 1.531808152430000000e-04 2.725084772190000115e-01 -2.497374116280000056e+00 -5.644148161959999577e+00
1.977326743000000150e-02 2.585672965919999858e-02 2.280256906199999896e-04 2.779238790799999914e-01 -2.420265391310000069e+00 -5.411913269900000323e+00
2.824752490000000116e-02 2.585672965919999858e-02 3.024572773789999851e-04 2.913992543489999920e-01 -2.294215573769999850e+00 -5.013088607160000265e+00
4.035360699999999967e-02 2.585672965919999858e-02 4.667755201460000044e-04 3.199188228520000177e-01 -2.182801186379999869e+00 -4.655393535680000028e+00
5.764800999999999953e-02 2.585672965919999858e-02 7.191938056089999982e-04 3.331043759349999744e-01 -2.107910979170000143e+00 -4.268114330819999580e+00
8.235430000000000528e-02 2.585672965919999858e-02 1.329065110419999900e-03 3.591477093620000227e-01 -2.024340105769999898e+00 -3.832290495250000095e+00
1.176490000000000036e-01 2.585672965919999858e-02 1.625963024750000027e-03 3.736084753780000156e-01 -1.976137813160000034e+00 -3.672712922250000123e+00
1.680699999999999972e-01 2.585672965919999858e-02 2.699835939379999824e-03 4.038711083179999939e-01 -1.896236862959999936e+00 -3.273873226000000081e+00
2.401000000000000079e-01 2.585672965919999858e-02 4.588253879899999686e-03 4.297921635160000253e-01 -1.835712941769999995e+00 -2.852901978149999795e+00
3.430000000000000271e-01 2.585672965919999858e-02 6.782057721219999710e-03 4.385329220359999725e-01 -1.796337960790000077e+00 -2.691899507900000099e+00
4.899999999999999911e-01 2.585672965919999858e-02 9.455936863919999630e-03 4.735033613869999991e-01 -1.738456850209999960e+00 -2.358045187650000152e+00
# L 5
# phi -0.0000
# hz 0.9
#  hx	Delta_0	Delta_2pik	r	log_Delta_0	log_Delta_2pik
2.326305139869999997e-03 2.585672965919999858e-02 2.237344775490000148e-05 2.260932078610000118e-01 -3.136067804310000096e+00 -inf
3.323293056959999818e-03 2.585672965919999858e-02 3.285850466089999973e-05 2.180877377619999946e-01 -3.035473009539999989e+00 -inf
4.747561509939999917e-03 2.585672965919999858e-02 4.994146777430000266e-05 2.300674871929999921e-01 -2.875523657370000041e+00 -inf
6.782230728490000297e-03 2.585672965919999858e-02 6.404975568109999400e-05 2.323823065589999959e-01 -2.770835767939999972e+00 -inf
9.688901040700000425e-03 2.585672965919999858e-02 9.225430449600000309e-05 2.375546950029999993e-01 -2.653287413390000182e+00 -6.161981421590000174e+00
1.384128720100000036e-02 2.585672965919999858e-02 1.518697276960000078e-04 2.558974488540000092e-01 -2.499860028790000133e+00 -5.703252258990000101e+00
1.977326743000000150e-02 2.585672965919999858e-02 2.321767732480000074e-04 2.753526430520000234e-01 -2.389891633069999965e+00 -5.370643172310000324e+00
2.824752490000000116e-02 2.585672965919999858e-02 3.223479219140000106e-04 2.858860569119999750e-01 -2.292837448589999827e+00 -5.080437062899999745e+00
4.035360699999999967e-02 2.585672965919999858e-02 4.523683580980000134e-04 3.006583030369999743e-01 -2.204813135379999789e+00 -4.757653573209999820e+00
5.764800999999999953e-02 2.585672965919999858e-02 6.917315280360000242e-04 3.309264125320000027e-01 -2.099042623709999944e+00 -4.394200787679999998e+00
8.235430000000000528e-02 2.585672965919999858e-02 1.095175872309999939e-03 3.474425663769999950e-01 -2.020112656929999861e+00 -4.020594543719999692e+00
1.176490000000000036e-01 2.585672965919999858e-02 1.627204232039999995e-03 3.734130857799999870e-01 -1.949729313239999984e+00 -3.668932297160000022e+00
1.680699999999999972e-01 2.585672965919999858e-02 2.984134481469999985e-03 3.957218212090000131e-01 -1.888807563889999930e+00 -3.223694073999999965e+00
2.401000000000000079e-01 2.585672965919999858e-02 3.565356559130000106e-03 4.127360042650000116e-01 -1.842756675590000004e+00 -3.039917433879999908e+00
3.430000000000000271e-01 2.585672965919999858e-02 5.865078178309999710e-03 4.298629316529999911e-01 -1.796044599590000068e+00 -2.741093893249999969e+00
4.899999999999999911e-01 2.585672965919999858e-02 8.025735217210000841e-03 4.612364326860000086e-01 -1.748266570630000016e+00 -2.488511546599999846e+00
# L 5
# phi -0.0000
# hz 0.9
#  hx	Delta_0	Delta_2pik	r	log_Delta_0	log_Delta_2pik
2.326305139869999997e-03 2.585672965919999858e-02 2.207627620980000003e-05 2.164738613190000105e-01 -3.173385428970000088e+00 -inf
3.323293056959999818e-03 2.585672965919999858e-02 3.137083828850000309e-05 2.228092915329999979e-01 -3.037201712409999921e+00 -inf
4.747561509939999917e-03 2.585672965919999858e-02 4.765649450139999822e-05 2.219121046549999976e-01 -2.920124098360000087e+00 -inf
6.782230728490000297e-03 2.585672965919999858e-02 7.612634245079999927e-05 2.443174404840000036e-01 -2.758410810250000011e+00 -inf
9.688901040700000425e-03 2.585672965919999858e-02 1.021401388829999978e-04 2.505272186020000014e-01 -2.640225139570000046e+00 -6.096460977089999567e+00
1.384128720100000036e-02 2.585672965919999858e-02 1.609259833270000075e-04 2.707704942620000055e-01 -2.504669210059999873e+00 -5.712466278549999998e+00
1.977326743000000150e-02 2.585672965919999858e-02 2.137896688629999889e-04 2.863366232549999779e-01 -2.367594981219999895e+00 -5.378955882059999638e+00
2.824752490000000116e-02 2.585672965919999858e-02 3.034260980019999935e-04 2.886188660089999969e-01 -2.291579741320000085e+00 -5.033101411949999715e+00
4.035360699999999967e-02 2.585672965919999858e-02 4.801804776859999952e-04 3.083863689640000127e-01 -2.187606285549999807e+00 -4.685680572889999951e+00
5.764800999999999953e-02 2.585672965919999858e-02 7.646633919920000104e-04 3.325696068610000111e-01 -2.102604479560000073e+00 -4.331137900549999920e+00
8.235430000000000528e-02 2.585672965919999858e-02 1.266639179830000026e-03 3.561928956770000210e-01 -2.008983593199999973e+00 -3.935524476609999933e+00
1.176490000000000036e-01 2.585672965919999858e-02 1.536970026730000074e-03 3.666401150460000258e-01 -1.962725711470000078e+00 -3.722930767519999851e+00
1.680699999999999972e-01 2.585672965919999858e-02 2.838126318369999911e-03 3.981731756999999927e-01 -1.885474089619999960e+00 -3.262153903040000191e+00
2.401000000000000079e-01 2.585672965919999858e-02 4.470114951030000269e-03 4.251313915630000051e-01 -1.826700794049999965e+00 -2.885706314160000119e+00
3.430000000000000271e-01 2.585672965919999858e-02 6.125965014630000045e-03 4.372320985759999834e-01 -1.791406775160000020e+00 -2.713855410999999940e+00
4.899999999999999911e-01 2.585672965919999858e-02 8.947224521009999182e-03 4.553376627599999837e-01 -1.754172972789999951e+00 -2.467158566520000207e+00
