# L 4
# phi 0.5236
# hz 0.9
#  hx	Delta_0	Delta_2pik	r	log_Delta_0	log_Delta_2pik
2.326305139869999997e-03 7.757018897749999586e-02 3.742214417629999784e-11 4.438482011839999797e-01 -1.374054150409999897e+00 -inf
3.323293056959999818e-03 7.757018897749999586e-02 6.202904713880000571e-11 4.439922177089999922e-01 -1.373480703800000091e+00 -inf
4.747561509939999917e-03 7.757018897749999586e-02 2.529887900819999744e-10 4.447775231050000166e-01 -1.373846896090000103e+00 -inf
6.782230728490000297e-03 7.757018897749999586e-02 2.127362324220000012e-09 4.429926813649999739e-01 -1.373564566910000062e+00 -inf
9.688901040700000425e-03 7.757018897749999586e-02 1.350953876569999978e-08 4.430104680640000181e-01 -1.372462902090000103e+00 -inf
1.384128720100000036e-02 7.757018897749999586e-02 1.588188229080000135e-08 4.415316160150000169e-01 -1.374854130859999968e+00 -inf
1.977326743000000150e-02 7.757018897749999586e-02 8.876562370760000615e-08 4.402431341759999728e-01 -1.374103608139999988e+00 -inf
2.824752490000000116e-02 7.757018897749999586e-02 8.065953213919999696e-07 4.400519004560000114e-01 -1.370545320259999977e+00 -8.242704540089999199e+00
4.035360699999999967e-02 7.757018897749999586e-02 1.113528558660000081e-06 4.361576520709999905e-01 -1.367335549190000110e+00 -7.615537315930000162e+00
5.764800999999999953e-02 7.757018897749999586e-02 6.718493719569999712e-06 4.442929316550000007e-01 -1.354848225380000049e+00 -6.765766195060000321e+00
8.235430000000000528e-02 7.757018897749999586e-02 2.067077926219999877e-05 4.383644772809999757e-01 -1.352563008319999982e+00 -6.228367983040000055e+00
1.176490000000000036e-01 7.757018897749999586e-02 7.461955062409999736e-05 4.351889753979999997e-01 -1.334359188729999923e+00 -5.524842259919999776e+00
1.680699999999999972e-01 7.757018897749999586e-02 2.229989633780000090e-04 4.212042950700000121e-01 -1.329965088120000027e+00 -4.817239926970000141e+00
2.401000000000000079e-01 7.757018897749999586e-02 8.829290881270000172e-04 4.443000813240000069e-01 -1.289638656559999985e+00 -4.010800848169999711e+00
3.430000000000000271e-01 7.757018897749999586e-02 1.838108153600000096e-03 4.400387343509999938e-01 -1.278068209650000009e+00 -3.493290874379999966e+00
4.899999999999999911e-01 7.757018897749999586e-02 4.638611203700000393e-03 4.528602478429999967e-01 -1.252545624599999963e+00 -3.093088289889999842e+00
