# L 2
# phi -0.1745
# hz 0.9
#  hx	Delta_0	Delta_2pik	r	log_Delta_0	log_Delta_2pik
2.326305139869999997e-03 6.981317007980000211e-01 3.884602792339999879e-06 4.008883959349999748e-01 -3.085505323580000070e-01 -6.011456223169999724e+00
3.323293056959999818e-03 6.981317007980000211e-01 6.901056537079999801e-06 4.008915600610000185e-01 -3.085233553380000160e-01 -5.868593673030000346e+00
4.747561509939999917e-03 6.981317007980000211e-01 1.436971296450000000e-05 4.008947835309999985e-01 -3.084772852039999735e-01 -5.505005858699999699e+00
6.782230728490000297e-03 6.981317007980000211e-01 2.207130489840000083e-05 4.009094809079999933e-01 -3.082954040090000181e-01 -5.260865099820000168e+00
9.688901040700000425e-03 6.981317007980000211e-01 7.360793837049999812e-05 4.009569865359999818e-01 -3.083652218679999724e-01 -4.710879230899999826e+00
1.384128720100000036e-02 6.981317007980000211e-01 1.102748112959999935e-04 4.009658344020000098e-01 -3.081132144170000142e-01 -4.621659256390000081e+00
1.977326743000000150e-02 6.981317007980000211e-01 2.767865263980000073e-04 4.011662154940000002e-01 -3.067359573840000020e-01 -4.231544697370000385e+00
2.824752490000000116e-02 6.981317007980000211e-01 5.491347010600000416e-04 4.013750758719999978e-01 -3.067256707839999819e-01 -3.874200143990000011e+00
4.035360699999999967e-02 6.981317007980000211e-01 9.907524286969998997e-04 4.020503839299999771e-01 -3.034586094450000271e-01 -3.574205389489999884e+00
5.764800999999999953e-02 6.981317007980000211e-01 1.938028984710000015e-03 4.028260534229999856e-01 -3.023030330520000142e-01 -3.236138938979999935e+00
8.235430000000000528e-02 6.981317007980000211e-01 4.619610247180000115e-03 4.048880248410000049e-01 -2.979586869099999924e-01 -2.867955928120000220e+00
1.176490000000000036e-01 6.981317007980000211e-01 8.030050704020000665e-03 4.067253231319999940e-01 -2.934543452819999843e-01 -2.595552023369999795e+00
1.680699999999999972e-01 6.981317007980000211e-01 1.285957250870000020e-02 4.109581533130000075e-01 -2.916548492170000229e-01 -2.356902423939999824e+00
2.401000000000000079e-01 6.981317007980000211e-01 2.508701559719999849e-02 4.265975761860000270e-01 -2.764842718689999868e-01 -2.151546199299999795e+00
3.430000000000000271e-01 6.981317007980000211e-01 3.519359917409999733e-02 4.472515763639999808e-01 -2.595220304449999960e-01 -1.907851198989999997e+00
4.899999999999999911e-01 6.981317007980000211e-01 6.169982606160000216e-02 4.751080608020000207e-01 -2.449277879979999961e-01 -1.667570969040000017e+00
