# L 3
# phi -0.0374
# hz 0.9
#  hx	Delta_0	Delta_2pik	r	log_Delta_0	log_Delta_2pik
2.326305139869999997e-03 2.327105669329999904e-01 8.513443392589999531e-08 3.276759991389999738e-01 -9.955576459920000287e-01 -8.222260602849999600e+00
3.323293056959999818e-03 2.327105669329999904e-01 2.460901142429999803e-07 3.281315509230000038e-01 -9.948073509460000352e-01 -7.711940311120000224e+00
4.747561509939999917e-03 2.327105669329999904e-01 7.602185508679999724e-07 3.295344398939999975e-01 -9.907620210740000211e-01 -7.153241016790000018e+00
6.782230728490000297e-03 2.327105669329999904e-01 1.739038531770000070e-06 3.308369105360000062e-01 -9.875072114540000001e-01 -6.827897872780000377e+00
9.688901040700000425e-03 2.327105669329999904e-01 5.203802769730000347e-06 3.323046990719999982e-01 -9.852130290030000070e-01 -6.324345879360000033e+00
1.384128720100000036e-02 2.327105669329999904e-01 1.565655361550000115e-05 3.363183510530000087e-01 -9.800282770529999965e-01 -5.873436770719999700e+00
1.977326743000000150e-02 2.327105669329999904e-01 4.485495643049999901e-05 3.393729383090000051e-01 -9.754903341830000185e-01 -5.367846129820000201e+00
2.824752490000000116e-02 2.327105669329999904e-01 1.261181679919999913e-04 3.499849431720000181e-01 -9.701541237640000093e-01 -5.026280399960000089e+00
4.035360699999999967e-02 2.327105669329999904e-01 3.652114995710000161e-04 3.662791617319999804e-01 -9.555130691040000235e-01 -4.493498573570000154e+00
5.764800999999999953e-02 2.327105669329999904e-01 8.722718025069999643e-04 3.708956274299999856e-01 -9.462355043369999885e-01 -3.977968901880000185e+00
8.235430000000000528e-02 2.327105669329999904e-01 1.950293455600000080e-03 3.883683343089999740e-01 -9.310756358009999456e-01 -3.606394818510000100e+00
1.176490000000000036e-01 2.327105669329999904e-01 4.068571412700000035e-03 4.122524940430000173e-01 -9.040031267770000101e-01 -3.331861395719999841e+00
1.680699999999999972e-01 2.327105669329999904e-01 6.952024935689999664e-03 4.007011070870000191e-01 -8.889270734319999479e-01 -2.881473670280000121e+00
2.401000000000000079e-01 2.327105669329999904e-01 1.126710606619999930e-02 4.362249642459999910e-01 -8.567858308910000220e-01 -2.559338557859999863e+00
3.430000000000000271e-01 2.327105669329999904e-01 2.043633210819999907e-02 4.498410690479999752e-01 -8.116119333419999915e-01 -2.260768190109999853e+00
4.899999999999999911e-01 2.327105669329999904e-01 3.245413053190000091e-02 4.607718543209999851e-01 -7.884969738329999922e-01 -2.002074549880000109e+00
