# L 5
# phi 0.0374
# hz 0.9
#  hx	Delta_0	Delta_2pik	r	log_Delta_0	log_Delta_2pik
2.326305139869999997e-03 2.585672965919999858e-02 4.606981298510000298e-12 3.757603929030000067e-01 -1.943326296770000017e+00 -inf
3.323293056959999818e-03 2.585672965919999858e-02 2.617178833959999887e-11 3.776794244850000259e-01 -1.943866968390000061e+00 -inf
4.747561509939999917e-03 2.585672965919999858e-02 1.381791486900000046e-10 3.807786019469999728e-01 -1.938762528750000103e+00 -inf
6.782230728490000297e-03 2.585672965919999858e-02 1.148469022619999923e-09 3.836672542919999929e-01 -1.937264979170000068e+00 -inf
9.688901040700000425e-03 2.585672965919999858e-02 1.435244583819999965e-08 3.799896689150000229e-01 -1.935724218320000078e+00 -inf
1.384128720100000036e-02 2.585672965919999858e-02 2.913441347259999870e-08 3.892080996239999924e-01 -1.929477029350000095e+00 -9.058015051339999957e+00
1.977326743000000150e-02 2.585672965919999858e-02 1.641196122559999971e-07 3.859526234940000022e-01 -1.925839708580000087e+00 -8.306385280249999781e+00
2.824752490000000116e-02 2.585672965919999858e-02 9.420291796979999471e-07 3.962452117320000022e-01 -1.918390745680000009e+00 -7.462120538849999818e+00
4.035360699999999967e-02 2.585672965919999858e-02 5.985251601150000410e-06 3.943012721090000117e-01 -1.910837498410000057e+00 -6.703135613399999748e+00
5.764800999999999953e-02 2.585672965919999858e-02 3.340308053820000218e-05 3.916503009660000090e-01 -1.908173554019999996e+00 -6.152397978069999773e+00
8.235430000000000528e-02 2.585672965919999858e-02 1.287923271449999965e-04 4.119553417610000157e-01 -1.881542538880000004e+00 -5.185132601160000299e+00
1.176490000000000036e-01 2.585672965919999858e-02 4.514630158850000048e-04 4.226395246460000199e-01 -1.858497905439999931e+00 -4.501037347629999630e+00
1.680699999999999972e-01 2.585672965919999858e-02 1.136837302899999921e-03 4.332435436259999828e-01 -1.837273464499999953e+00 -3.908340943609999840e+00
2.401000000000000079e-01 2.585672965919999858e-02 2.234978648130000068e-03 4.591658269269999759e-01 -1.788964848550000042e+00 -3.393510035769999877e+00
3.430000000000000271e-01 2.585672965919999858e-02 4.394551634450000362e-03 4.693925817530000266e-01 -1.754630826379999897e+00 -2.996258031580000036e+00
4.899999999999999911e-01 2.585672965919999858e-02 5.512340374380000213e-03 4.721910035269999972e-01 -1.739512569730000013e+00 -2.797549117289999998e+00
