# L 4
# phi -0.0249
# hz 0.9
#  hx	Delta_0	Delta_2pik	r	log_Delta_0	log_Delta_2pik
2.326305139869999997e-03 7.757018897749999586e-02 1.120724558200000061e-09 3.730253436809999878e-01 -1.492652543990000025e+00 -inf
3.323293056959999818e-03 7.757018897749999586e-02 5.996521516160000161e-09 3.747977303250000225e-01 -1.488021892759999965e+00 -inf
4.747561509939999917e-03 7.757018897749999586e-02 2.916901838919999962e-08 3.776639694839999950e-01 -1.485833638639999954e+00 -9.053925210319999195e+00
6.782230728490000297e-03 7.757018897749999586e-02 8.295785277749999929e-08 3.815961246340000002e-01 -1.481433406300000089e+00 -8.519366283909999282e+00
9.688901040700000425e-03 7.757018897749999586e-02 4.776153865859999480e-07 3.830906854150000207e-01 -1.477580120969999911e+00 -7.835679961140000316e+00
1.384128720100000036e-02 7.757018897749999586e-02 1.533057774339999994e-06 3.882850709980000259e-01 -1.473141755599999936e+00 -7.217310188179999919e+00
1.977326743000000150e-02 7.757018897749999586e-02 8.661790236949999506e-06 3.988715697690000117e-01 -1.469959886420000084e+00 -6.580540634800000177e+00
2.824752490000000116e-02 7.757018897749999586e-02 3.701372162009999845e-05 4.011217585619999970e-01 -1.462706635780000042e+00 -5.896831206479999921e+00
4.035360699999999967e-02 7.757018897749999586e-02 1.051067759800000027e-04 4.086535325689999998e-01 -1.456447054190000090e+00 -5.390386897219999973e+00
5.764800999999999953e-02 7.757018897749999586e-02 3.157758378980000252e-04 4.173416311509999810e-01 -1.443908117949999959e+00 -4.815354181710000070e+00
8.235430000000000528e-02 7.757018897749999586e-02 1.050179969669999937e-03 4.167553472359999955e-01 -1.424697439630000062e+00 -4.127485551610000414e+00
1.176490000000000036e-01 7.757018897749999586e-02 2.168647644440000171e-03 4.270199479669999909e-01 -1.399684723340000048e+00 -3.655291387680000170e+00
1.680699999999999972e-01 7.757018897749999586e-02 3.170119023080000039e-03 4.346896021989999914e-01 -1.375877171189999970e+00 -3.374020783310000215e+00
2.401000000000000079e-01 7.757018897749999586e-02 7.447457549600000268e-03 4.639737411739999762e-01 -1.321200196960000017e+00 -2.719204508389999830e+00
3.430000000000000271e-01 7.757018897749999586e-02 1.053145330969999967e-02 4.728805885969999956e-01 -1.290027391400000001e+00 -2.550430329140000119e+00
4.899999999999999911e-01 7.757018897749999586e-02 1.526303478869999938e-02 4.658597160749999855e-01 -1.263836184409999897e+00 -2.239414392890000105e+00
