# L 4
# phi 0.0623
# hz 0.9
#  hx	Delta_0	Delta_2pik	r	log_Delta_0	log_Delta_2pik
2.326305139869999997e-03 7.757018897749999586e-02 1.293350345890000091e-10 4.011879533280000021e-01 -1.404089992729999903e+00 -inf
3.323293056959999818e-03 7.757018897749999586e-02 5.824120802090000229e-10 4.016297221160000097e-01 -1.401032735280000052e+00 -1.032230065449999934e+01
4.747561509939999917e-03 7.757018897749999586e-02 3.695115848969999949e-09 4.023857154270000236e-01 -1.399316900130000096e+00 -inf
6.782230728490000297e-03 7.757018897749999586e-02 2.210382824900000112e-08 4.031289830740000246e-01 -1.396360404419999979e+00 -9.033151206330000349e+00
9.688901040700000425e-03 7.757018897749999586e-02 7.226264889779999623e-08 4.049522867409999782e-01 -1.392392933200000016e+00 -8.534851691140000085e+00
1.384128720100000036e-02 7.757018897749999586e-02 1.925759107959999876e-07 4.075749448470000202e-01 -1.388410915159999925e+00 -7.776853052099999886e+00
1.977326743000000150e-02 7.757018897749999586e-02 5.299705284610000471e-07 4.108836144399999890e-01 -1.380935119199999894e+00 -7.303221930330000333e+00
2.824752490000000116e-02 7.757018897749999586e-02 3.913918267730000315e-06 4.164487902810000142e-01 -1.374911766080000097e+00 -6.633631734609999775e+00
4.035360699999999967e-02 7.757018897749999586e-02 1.056811912130000032e-05 4.177790548809999782e-01 -1.373286869550000011e+00 -6.119103905720000292e+00
5.764800999999999953e-02 7.757018897749999586e-02 4.527345543520000195e-05 4.209621237250000259e-01 -1.359635697190000103e+00 -5.285235933670000108e+00
8.235430000000000528e-02 7.757018897749999586e-02 1.417134971059999895e-04 4.187049744860000255e-01 -1.357035830839999901e+00 -4.683741910650000229e+00
1.176490000000000036e-01 7.757018897749999586e-02 4.387334326269999953e-04 4.238738966519999818e-01 -1.345081074050000103e+00 -4.204780230599999946e+00
1.680699999999999972e-01 7.757018897749999586e-02 1.602432338279999920e-03 4.331079990260000012e-01 -1.331714368040000096e+00 -3.532902769300000134e+00
2.401000000000000079e-01 7.757018897749999586e-02 4.193401125479999901e-03 4.574660744390000033e-01 -1.301721000859999977e+00 -3.108038479400000220e+00
3.430000000000000271e-01 7.757018897749999586e-02 6.891701686080000180e-03 4.547573328589999964e-01 -1.273793151210000030e+00 -2.765397596950000203e+00
4.899999999999999911e-01 7.757018897749999586e-02 1.039663619629999959e-02 4.874684354800000174e-01 -1.251127488589999892e+00 -2.555209933860000060e+00
