# L 4
# phi -0.0125
# hz 0.9
#  hx	Delta_0	Delta_2pik	r	log_Delta_0	log_Delta_2pik
2.326305139869999997e-03 7.757018897749999586e-02 9.296504955589999548e-09 3.397874505110000110e-01 -1.612098405670000068e+00 -inf
3.323293056959999818e-03 7.757018897749999586e-02 3.065670969329999877e-08 3.429957498460000087e-01 -1.604343171190000028e+00 -inf
4.747561509939999917e-03 7.757018897749999586e-02 2.291864457469999952e-07 3.500854294040000037e-01 -1.597836021330000023e+00 -8.604941947349999509e+00
6.782230728490000297e-03 7.757018897749999586e-02 8.845649158909999554e-07 3.561154793569999977e-01 -1.594682405259999936e+00 -7.887616497029999785e+00
9.688901040700000425e-03 7.757018897749999586e-02 3.784546761349999990e-06 3.689884572300000110e-01 -1.578049009019999893e+00 -7.132206546279999948e+00
1.384128720100000036e-02 7.757018897749999586e-02 1.003489086939999952e-05 3.724425517020000242e-01 -1.569673670480000061e+00 -6.620663379809999860e+00
1.977326743000000150e-02 7.757018897749999586e-02 4.021421537710000290e-05 3.782501606779999914e-01 -1.565041857039999984e+00 -6.098067562629999827e+00
2.824752490000000116e-02 7.757018897749999586e-02 1.345566536599999920e-04 3.831995325979999922e-01 -1.547007109279999959e+00 -5.514743706329999995e+00
4.035360699999999967e-02 7.757018897749999586e-02 4.781896181900000160e-04 3.968165274279999988e-01 -1.523377652620000022e+00 -4.743089310810000292e+00
5.764800999999999953e-02 7.757018897749999586e-02 9.586985872489999861e-04 3.961805206310000105e-01 -1.495376788259999978e+00 -4.292689722319999568e+00
8.235430000000000528e-02 7.757018897749999586e-02 1.933821224780000016e-03 4.305594366009999896e-01 -1.449219695800000096e+00 -3.895967605660000110e+00
1.176490000000000036e-01 7.757018897749999586e-02 2.797766123320000187e-03 4.349914038500000135e-01 -1.417155844470000092e+00 -3.482778933210000094e+00
1.680699999999999972e-01 7.757018897749999586e-02 4.511350366299999790e-03 4.480050238569999732e-01 -1.376211477930000093e+00 -3.134927788750000222e+00
2.401000000000000079e-01 7.757018897749999586e-02 7.528341842389999795e-03 4.687903356399999999e-01 -1.327725457479999926e+00 -2.754877916169999885e+00
3.430000000000000271e-01 7.757018897749999586e-02 1.035794356990000012e-02 4.557909201279999878e-01 -1.311056646840000006e+00 -2.500262784049999798e+00
4.899999999999999911e-01 7.757018897749999586e-02 1.543127823630000006e-02 4.692339903350000174e-01 -1.271138236389999898e+00 -2.216878904070000100e+00
