# L 2
# phi 0.5236
# hz 0.9
#  hx	Delta_0	Delta_2pik	r	log_Delta_0	log_Delta_2pik
2.326305139869999997e-03 6.981317007980000211e-01 4.649830945980000028e-06 5.160450826100000388e-01 -3.437876978100000147e-01 -6.981927977169999799e+00
3.323293056959999818e-03 6.981317007980000211e-01 6.603987107520000016e-06 5.160491682560000015e-01 -3.417704153430000114e-01 -6.516163581129999827e+00
4.747561509939999917e-03 6.981317007980000211e-01 1.110541877510000032e-05 5.160346442900000108e-01 -3.418215513200000277e-01 -6.181679475190000161e+00
6.782230728490000297e-03 6.981317007980000211e-01 2.194433724649999838e-05 5.160567263919999537e-01 -3.420460831520000244e-01 -6.007850331090000218e+00
9.688901040700000425e-03 6.981317007980000211e-01 4.528427405689999894e-05 5.160616407210000256e-01 -3.380639939119999826e-01 -5.451973183749999841e+00
1.384128720100000036e-02 6.981317007980000211e-01 9.176884029669999917e-05 5.158924579700000512e-01 -3.385230072739999763e-01 -5.120878006299999896e+00
1.977326743000000150e-02 6.981317007980000211e-01 1.734552300090000040e-04 5.158564711780000422e-01 -3.362427264630000190e-01 -4.739563375140000367e+00
2.824752490000000116e-02 6.981317007980000211e-01 2.848189141579999997e-04 5.157793089779999507e-01 -3.359865453709999783e-01 -4.400982243739999689e+00
4.035360699999999967e-02 6.981317007980000211e-01 5.612814305809999543e-04 5.155888252900000523e-01 -3.366090817349999820e-01 -4.144112373569999619e+00
5.764800999999999953e-02 6.981317007980000211e-01 1.105945712290000091e-03 5.137264029760000295e-01 -3.289379530579999988e-01 -3.761506148800000116e+00
8.235430000000000528e-02 6.981317007980000211e-01 2.460235754990000058e-03 5.121135504320000198e-01 -3.231806095870000117e-01 -3.436766871700000170e+00
1.176490000000000036e-01 6.981317007980000211e-01 5.008406791229999891e-03 5.084818048320000061e-01 -3.149816804789999924e-01 -2.943660281640000154e+00
1.680699999999999972e-01 6.981317007980000211e-01 9.817136572970000183e-03 5.031015889709999911e-01 -3.105391832680000075e-01 -2.586175894720000201e+00
2.401000000000000079e-01 6.981317007980000211e-01 1.956643586130000015e-02 4.944867333390000064e-01 -3.050939366250000062e-01 -2.364891127449999964e+00
3.430000000000000271e-01 6.981317007980000211e-01 3.530494073809999772e-02 4.929714819620000243e-01 -2.895294553519999758e-01 -1.979431355600000053e+00
4.899999999999999911e-01 6.981317007980000211e-01 5.979412885549999918e-02 4.973353510390000065e-01 -2.750573537750000130e-01 -1.737719239520000070e+00
