# L 4
# phi 0.1745
# hz 0.9
#  hx	Delta_0	Delta_2pik	r	log_Delta_0	log_Delta_2pik
2.326305139869999997e-03 7.757018897749999586e-02 1.447533255950000016e-10 3.826664262550000251e-01 -1.347803036029999957e+00 -inf
3.323293056959999818e-03 7.757018897749999586e-02 2.696260578319999952e-10 3.828365874049999840e-01 -1.347920678569999975e+00 -1.102552718069999926e+01
4.747561509939999917e-03 7.757018897749999586e-02 2.225065918020000176e-09 3.834373584310000194e-01 -1.346302428420000030e+00 -1.037456343070000031e+01
6.782230728490000297e-03 7.757018897749999586e-02 4.301251187270000338e-09 3.841783707820000116e-01 -1.345718134439999991e+00 -9.904998366219999184e+00
9.688901040700000425e-03 7.757018897749999586e-02 4.802783881720000313e-08 3.846769423390000164e-01 -1.344887434329999909e+00 -9.249607038920000690e+00
1.384128720100000036e-02 7.757018897749999586e-02 2.169358994539999870e-08 3.877949426660000087e-01 -1.340566021719999945e+00 -8.598385880629999534e+00
1.977326743000000150e-02 7.757018897749999586e-02 1.737688267640000047e-07 3.875129859750000016e-01 -1.340794201350000048e+00 -7.996521368709999855e+00
2.824752490000000116e-02 7.757018897749999586e-02 4.335501125920000060e-07 3.903554306620000136e-01 -1.339289440800000008e+00 -7.390759007019999771e+00
4.035360699999999967e-02 7.757018897749999586e-02 4.825836891560000287e-06 3.993570644869999797e-01 -1.329765209919999913e+00 -6.661971914569999598e+00
5.764800999999999953e-02 7.757018897749999586e-02 8.530469362179999936e-06 3.945232223569999919e-01 -1.315860539540000040e+00 -6.148677579990000197e+00
8.235430000000000528e-02 7.757018897749999586e-02 3.025444491679999832e-05 3.979484554989999867e-01 -1.317435651490000081e+00 -5.507439309299999586e+00
1.176490000000000036e-01 7.757018897749999586e-02 1.076625795239999963e-04 3.979748074960000048e-01 -1.308715459749999921e+00 -4.787990177720000240e+00
1.680699999999999972e-01 7.757018897749999586e-02 3.333250682410000203e-04 4.066783518129999941e-01 -1.295952536739999994e+00 -4.440679965080000180e+00
2.401000000000000079e-01 7.757018897749999586e-02 7.930985691909999986e-04 4.361928243459999854e-01 -1.268672681329999996e+00 -3.871243767200000185e+00
3.430000000000000271e-01 7.757018897749999586e-02 2.377528096189999822e-03 4.387383348369999769e-01 -1.259211168370000022e+00 -3.354669067040000119e+00
4.899999999999999911e-01 7.757018897749999586e-02 5.458238223790000225e-03 4.715551754849999777e-01 -1.233286814730000014e+00 -2.914231930410000171e+00
# L 4
# phi 0.1745
# hz 0.9
#  hx	Delta_0	Delta_2pik	r	log_Delta_0	log_Delta_2pik
6.999999999999999556e-01 7.757018897749999586e-02 1.243484820040000050e-02 5.066722943429999848e-01 -1.210897411489999964e+00 -2.395928273550000043e+00
1.000000000000000000e+00 7.757018897749999586e-02 2.149989479979999910e-02 5.321272721440000186e-01 -1.195193712550000065e+00 -2.043044753549999815e+00
1.428571428569999968e+00 7.757018897749999586e-02 2.589766655490000069e-02 5.256680129140000046e-01 -1.192746416469999904e+00 -2.024879594889999801e+00
2.040816326529999891e+00 7.757018897749999586e-02 4.099679315330000129e-02 5.294514505390000014e-01 -1.194653237710000093e+00 -1.726195571769999937e+00
2.915451895039999908e+00 7.757018897749999586e-02 4.995561958630000132e-02 5.167292333030000240e-01 -1.199764393559999975e+00 -1.580477230579999892e+00
4.164931278630000122e+00 7.757018897749999586e-02 6.487732961389999775e-02 4.966145005679999946e-01 -1.218950320150000044e+00 -1.435630744050000018e+00
