# L 5
# phi 0.0623
# hz 0.9
#  hx	Delta_0	Delta_2pik	r	log_Delta_0	log_Delta_2pik
2.326305139869999997e-03 2.585672965919999858e-02 5.625583218279999638e-13 3.848689280889999731e-01 -1.864940149389999968e+00 -inf
3.323293056959999818e-03 2.585672965919999858e-02 3.727139109460000281e-12 3.867506524930000023e-01 -1.862802564939999961e+00 -inf
4.747561509939999917e-03 2.585672965919999858e-02 1.258751312600000010e-11 3.870334867219999975e-01 -1.861972455689999917e+00 -inf
6.782230728490000297e-03 2.585672965919999858e-02 1.274758842970000109e-10 3.886300462549999724e-01 -1.860916463639999963e+00 -inf
9.688901040700000425e-03 2.585672965919999858e-02 9.806652837930000451e-10 3.895417615269999856e-01 -1.854653471520000041e+00 -inf
1.384128720100000036e-02 2.585672965919999858e-02 4.131153382109999924e-09 3.931829579730000135e-01 -1.853342260990000101e+00 -inf
1.977326743000000150e-02 2.585672965919999858e-02 2.206691949040000070e-08 3.958164973930000108e-01 -1.849681648240000031e+00 -8.998535641569999299e+00
2.824752490000000116e-02 2.585672965919999858e-02 1.437764656599999951e-07 4.006770410170000241e-01 -1.843424341239999986e+00 -8.350997161269999580e+00
4.035360699999999967e-02 2.585672965919999858e-02 7.606600829379999609e-07 4.048469746700000260e-01 -1.834732355190000108e+00 -7.301649575589999941e+00
5.764800999999999953e-02 2.585672965919999858e-02 4.168140567779999863e-06 4.023239432580000274e-01 -1.831313803440000054e+00 -6.579166732740000079e+00
8.235430000000000528e-02 2.585672965919999858e-02 4.287836704560000079e-05 4.048429417000000141e-01 -1.823459451960000033e+00 -5.782925490860000295e+00
1.176490000000000036e-01 2.585672965919999858e-02 1.216720850570000004e-04 4.170172710769999846e-01 -1.810619023469999922e+00 -5.132162144839999662e+00
1.680699999999999972e-01 2.585672965919999858e-02 3.290268103600000270e-04 4.242325201859999950e-01 -1.796503426819999971e+00 -4.458679956020000112e+00
2.401000000000000079e-01 2.585672965919999858e-02 1.276249046410000108e-03 4.387629591409999974e-01 -1.781583614010000094e+00 -3.964387133279999809e+00
3.430000000000000271e-01 2.585672965919999858e-02 3.456587026839999955e-03 4.668397371670000018e-01 -1.744153539160000044e+00 -3.174344831650000032e+00
4.899999999999999911e-01 2.585672965919999858e-02 5.225402469580000403e-03 4.854133088720000155e-01 -1.717690832700000003e+00 -2.805451108819999817e+00
