# L 4
# phi -0.0048
# hz 0.9
#  hx	Delta_0	Delta_2pik	r	log_Delta_0	log_Delta_2pik
2.326305139869999997e-03 7.757018897749999586e-02 2.021980320460000089e-07 2.799799293390000110e-01 -1.793547341040000020e+00 -8.792603487719999222e+00
3.323293056959999818e-03 7.757018897749999586e-02 6.549733724389999687e-07 2.907998338139999861e-01 -1.783812721919999955e+00 -8.278495438649999372e+00
4.747561509939999917e-03 7.757018897749999586e-02 3.694850572839999859e-06 3.060165028629999728e-01 -1.772477014789999972e+00 -7.561376415599999845e+00
6.782230728490000297e-03 7.757018897749999586e-02 1.261424034729999980e-05 3.242910502269999995e-01 -1.762821369459999898e+00 -7.073663556769999694e+00
9.688901040700000425e-03 7.757018897749999586e-02 5.416364896989999810e-05 3.252369087950000015e-01 -1.744976642519999954e+00 -6.304409297930000378e+00
1.384128720100000036e-02 7.757018897749999586e-02 1.139278908460000041e-04 3.339606820430000012e-01 -1.726106774870000082e+00 -5.891341387239999783e+00
1.977326743000000150e-02 7.757018897749999586e-02 2.082914743370000051e-04 3.408388251800000268e-01 -1.694266970920000004e+00 -5.517979693710000078e+00
2.824752490000000116e-02 7.757018897749999586e-02 6.502485635509999999e-04 3.677497653219999885e-01 -1.636587204410000052e+00 -4.715795283630000334e+00
4.035360699999999967e-02 7.757018897749999586e-02 8.494663134950000347e-04 3.758635371910000189e-01 -1.590943844999999968e+00 -4.483064300669999724e+00
5.764800999999999953e-02 7.757018897749999586e-02 1.398871311729999985e-03 3.833819320190000046e-01 -1.530796437040000013e+00 -4.006284665119999922e+00
8.235430000000000528e-02 7.757018897749999586e-02 2.142207096829999886e-03 4.241743302700000107e-01 -1.464642196420000042e+00 -3.793617023939999999e+00
1.176490000000000036e-01 7.757018897749999586e-02 3.662999510159999864e-03 4.206416392999999809e-01 -1.420792490389999996e+00 -3.357434081180000085e+00
1.680699999999999972e-01 7.757018897749999586e-02 5.281748242329999989e-03 4.409338475069999874e-01 -1.380999293769999969e+00 -3.029275496379999932e+00
2.401000000000000079e-01 7.757018897749999586e-02 7.722982572629999605e-03 4.453292668459999937e-01 -1.340934328629999950e+00 -2.780926070110000037e+00
3.430000000000000271e-01 7.757018897749999586e-02 1.177408045880000073e-02 4.498588203780000128e-01 -1.305323573089999911e+00 -2.403574120140000048e+00
4.899999999999999911e-01 7.757018897749999586e-02 1.617836009240000011e-02 4.731555659739999919e-01 -1.265742359000000095e+00 -2.193587663909999819e+00
