# L 5
# phi -0.0623
# hz 0.9
#  hx	Delta_0	Delta_2pik	r	log_Delta_0	log_Delta_2pik
2.326305139869999997e-03 2.585672965919999858e-02 4.590833246250000115e-13 3.835836841390000140e-01 -1.882735312249999904e+00 -inf
3.323293056959999818e-03 2.585672965919999858e-02 4.388479684810000286e-12 3.837244409600000239e-01 -1.882137761849999924e+00 -inf
4.747561509939999917e-03 2.585672965919999858e-02 1.780520186709999982e-11 3.852990690049999944e-01 -1.879155433019999988e+00 -inf
6.782230728490000297e-03 2.585672965919999858e-02 1.040133092410000039e-10 3.863729328439999833e-01 -1.878073541820000081e+00 -inf
9.688901040700000425e-03 2.585672965919999858e-02 8.856775061679999493e-10 3.901762217479999850e-01 -1.873196956469999952e+00 -inf
1.384128720100000036e-02 2.585672965919999858e-02 9.803097473659999886e-09 3.871813870890000175e-01 -1.874555760260000037e+00 -inf
1.977326743000000150e-02 2.585672965919999858e-02 5.254066742209999979e-08 3.983573373450000066e-01 -1.858894959469999941e+00 -8.894329173099999153e+00
2.824752490000000116e-02 2.585672965919999858e-02 4.485553000319999900e-07 3.885324985270000031e-01 -1.870128320619999895e+00 -8.118702471269999776e+00
4.035360699999999967e-02 2.585672965919999858e-02 1.538350788689999981e-06 4.023641230200000196e-01 -1.849297654379999933e+00 -7.252427298749999807e+00
5.764800999999999953e-02 2.585672965919999858e-02 4.480255744700000400e-06 4.045831467279999982e-01 -1.843393138089999939e+00 -6.632035923420000145e+00
8.235430000000000528e-02 2.585672965919999858e-02 3.082907406409999911e-05 3.991370854899999876e-01 -1.843247369219999987e+00 -5.822987740490000341e+00
1.176490000000000036e-01 2.585672965919999858e-02 1.160308480970000024e-04 4.166559037290000211e-01 -1.823566452069999899e+00 -5.136781290660000110e+00
1.680699999999999972e-01 2.585672965919999858e-02 5.861916061129999718e-04 4.343180478449999993e-01 -1.800504464849999930e+00 -4.219599324219999836e+00
2.401000000000000079e-01 2.585672965919999858e-02 1.222754961829999919e-03 4.363368598399999798e-01 -1.786398526399999964e+00 -3.725326627449999872e+00
3.430000000000000271e-01 2.585672965919999858e-02 2.572091320270000064e-03 4.550429715090000271e-01 -1.756879930970000059e+00 -3.205899664439999963e+00
4.899999999999999911e-01 2.585672965919999858e-02 4.999896031409999803e-03 4.863296285800000063e-01 -1.718019449500000073e+00 -2.849342959349999926e+00
