# L 2
# phi 0.1745
# hz 0.9
#  hx	Delta_0	Delta_2pik	r	log_Delta_0	log_Delta_2pik
2.326305139869999997e-03 6.981317007980000211e-01 4.812416101009999793e-06 3.891959304300000033e-01 -3.149987950120000102e-01 -6.079007147599999605e+00
3.323293056959999818e-03 6.981317007980000211e-01 6.694700985990000369e-06 3.891996165059999901e-01 -3.149868547340000102e-01 -5.770558707430000212e+00
4.747561509939999917e-03 6.981317007980000211e-01 1.556693145299999962e-05 3.892193535380000236e-01 -3.148189395289999748e-01 -5.436734774949999682e+00
6.782230728490000297e-03 6.981317007980000211e-01 4.486848261430000274e-05 3.892641810310000228e-01 -3.139519444739999887e-01 -5.108490698589999823e+00
9.688901040700000425e-03 6.981317007980000211e-01 6.259394910669999960e-05 3.893042538870000180e-01 -3.141308292409999980e-01 -4.862979892430000284e+00
1.384128720100000036e-02 6.981317007980000211e-01 1.449026799890000062e-04 3.894464031059999831e-01 -3.128201739700000039e-01 -4.459029868370000038e+00
1.977326743000000150e-02 6.981317007980000211e-01 2.764094662510000236e-04 3.897650090209999751e-01 -3.115688818960000162e-01 -4.181714508309999800e+00
2.824752490000000116e-02 6.981317007980000211e-01 5.733008793549999524e-04 3.902732161340000117e-01 -3.096046038999999972e-01 -3.840499303340000115e+00
4.035360699999999967e-02 6.981317007980000211e-01 1.077670696319999897e-03 3.909059055469999988e-01 -3.081247461819999756e-01 -3.566569553039999896e+00
5.764800999999999953e-02 6.981317007980000211e-01 2.146262048739999793e-03 3.929309642430000027e-01 -3.056154035190000173e-01 -3.154805602660000208e+00
8.235430000000000528e-02 6.981317007980000211e-01 3.323010290029999956e-03 3.948240655870000060e-01 -3.009922839620000068e-01 -3.004809241649999851e+00
1.176490000000000036e-01 6.981317007980000211e-01 5.974620496359999908e-03 3.985028476970000066e-01 -2.987600677960000062e-01 -2.740972783150000147e+00
1.680699999999999972e-01 6.981317007980000211e-01 1.332987375920000050e-02 4.118331930379999783e-01 -2.856331273170000240e-01 -2.367144967899999841e+00
2.401000000000000079e-01 6.981317007980000211e-01 1.843248623799999958e-02 4.224783816329999997e-01 -2.733700322820000195e-01 -2.260041398879999885e+00
3.430000000000000271e-01 6.981317007980000211e-01 3.839539299639999764e-02 4.498375285860000128e-01 -2.500174246769999997e-01 -1.911467751160000006e+00
4.899999999999999911e-01 6.981317007980000211e-01 7.192650399670000305e-02 4.998416129969999733e-01 -2.285377071299999896e-01 -1.592468313099999921e+00
# L 2
# phi 0.1745
# hz 0.9
#  hx	Delta_0	Delta_2pik	r	log_Delta_0	log_Delta_2pik
6.999999999999999556e-01 6.981317007980000211e-01 1.147191567120000033e-01 5.358761057530000427e-01 -2.165911502689999990e-01 -1.439412977349999956e+00
1.000000000000000000e+00 6.981317007980000211e-01 2.225515498639999978e-01 5.557723045100000370e-01 -2.161540506179999988e-01 -1.057524998099999891e+00
1.428571428569999968e+00 6.981317007980000211e-01 2.529760898449999740e-01 5.093565685159999745e-01 -2.402755477899999881e-01 -9.583567112809999733e-01
2.040816326529999891e+00 6.981317007980000211e-01 2.759924049069999996e-01 4.949841086349999753e-01 -2.368339216700000027e-01 -8.541751181679999583e-01
2.915451895039999908e+00 6.981317007980000211e-01 3.459665388579999945e-01 4.511788200060000142e-01 -2.597271743940000044e-01 -7.109177415149999790e-01
4.164931278630000122e+00 6.981317007980000211e-01 3.833553459410000142e-01 4.495500342329999954e-01 -2.731071185469999829e-01 -6.497282733170000046e-01
