# L 4
# phi 0.0873
# hz 0.9
#  hx	Delta_0	Delta_2pik	r	log_Delta_0	log_Delta_2pik
2.326305139869999997e-03 7.757018897749999586e-02 6.317165435469999522e-11 3.846313462309999820e-01 -1.361202093169999960e+00 -inf
3.323293056959999818e-03 7.757018897749999586e-02 5.739895032250000323e-10 3.854969220259999996e-01 -1.360455740559999960e+00 -inf
4.747561509939999917e-03 7.757018897749999586e-02 2.767120590499999864e-09 3.869026119699999766e-01 -1.358256975620000029e+00 -inf
6.782230728490000297e-03 7.757018897749999586e-02 7.264261142520000368e-09 3.898254499320000233e-01 -1.355412887479999995e+00 -9.363970656299999362e+00
9.688901040700000425e-03 7.757018897749999586e-02 1.668465962210000035e-08 3.928415181289999780e-01 -1.352858898370000063e+00 -8.937429856110000514e+00
1.384128720100000036e-02 7.757018897749999586e-02 7.404873504250000561e-08 3.927105156340000014e-01 -1.351398234839999990e+00 -8.206476285149999939e+00
1.977326743000000150e-02 7.757018897749999586e-02 4.492444850059999926e-07 4.001760557269999907e-01 -1.345343183890000072e+00 -7.534642914840000039e+00
2.824752490000000116e-02 7.757018897749999586e-02 2.629580508359999811e-06 4.060061784030000176e-01 -1.341677972170000066e+00 -6.874701813149999730e+00
4.035360699999999967e-02 7.757018897749999586e-02 5.419287127110000288e-06 4.016578984320000045e-01 -1.334582388080000070e+00 -6.338525446530000274e+00
5.764800999999999953e-02 7.757018897749999586e-02 1.804093635810000103e-05 4.048146439900000004e-01 -1.337701799329999997e+00 -5.636269855230000125e+00
8.235430000000000528e-02 7.757018897749999586e-02 7.202547295950000354e-05 4.207969460850000121e-01 -1.321107309779999905e+00 -5.093142852099999729e+00
1.176490000000000036e-01 7.757018897749999586e-02 2.737356405990000008e-04 4.196973360869999947e-01 -1.314885760959999983e+00 -4.484147124229999726e+00
1.680699999999999972e-01 7.757018897749999586e-02 7.447668520170000342e-04 4.199069181930000227e-01 -1.308249716459999989e+00 -3.912287279990000144e+00
2.401000000000000079e-01 7.757018897749999586e-02 2.101004399540000109e-03 4.380592214949999841e-01 -1.282720530870000042e+00 -3.394393074749999961e+00
3.430000000000000271e-01 7.757018897749999586e-02 5.630232100690000380e-03 4.549166095739999860e-01 -1.261567462779999982e+00 -2.808950642850000179e+00
4.899999999999999911e-01 7.757018897749999586e-02 1.011091568099999928e-02 4.783371680690000072e-01 -1.234676098210000017e+00 -2.550929148209999830e+00
