# L 2
# phi -0.5236
# hz 0.9
#  hx	Delta_0	Delta_2pik	r	log_Delta_0	log_Delta_2pik
2.326305139869999997e-03 6.981317007980000211e-01 2.103582262500000048e-06 5.264977262429999527e-01 -3.336332857339999736e-01 -6.940848282260000168e+00
3.323293056959999818e-03 6.981317007980000211e-01 5.227522130099999808e-06 5.264982329780000248e-01 -3.335470666879999935e-01 -6.558622453749999970e+00
4.747561509939999917e-03 6.981317007980000211e-01 1.014492616989999920e-05 5.264998878209999900e-01 -3.332354715370000053e-01 -6.233868453920000441e+00
6.782230728490000297e-03 6.981317007980000211e-01 2.272439506689999893e-05 5.265031017900000387e-01 -3.328493027950000238e-01 -5.890657993839999662e+00
9.688901040700000425e-03 6.981317007980000211e-01 4.767706383939999802e-05 5.264593496220000279e-01 -3.326250579750000269e-01 -5.488888316809999779e+00
1.384128720100000036e-02 6.981317007980000211e-01 8.465627361659999620e-05 5.264480008859999671e-01 -3.317893145349999906e-01 -5.234991171599999937e+00
1.977326743000000150e-02 6.981317007980000211e-01 1.919913078659999989e-04 5.262767153499999795e-01 -3.308724064770000028e-01 -4.817497322360000389e+00
2.824752490000000116e-02 6.981317007980000211e-01 3.395386651659999854e-04 5.261082423080000181e-01 -3.302977462139999876e-01 -4.557902301110000387e+00
4.035360699999999967e-02 6.981317007980000211e-01 8.165218377259999627e-04 5.251712288659999839e-01 -3.254595653719999926e-01 -4.061975208789999847e+00
5.764800999999999953e-02 6.981317007980000211e-01 1.041230868279999959e-03 5.241424307619999556e-01 -3.271531688270000182e-01 -3.870751694299999990e+00
8.235430000000000528e-02 6.981317007980000211e-01 2.309225808129999804e-03 5.242922882980000088e-01 -3.212380720310000215e-01 -3.447896995919999874e+00
1.176490000000000036e-01 6.981317007980000211e-01 5.401854188629999845e-03 5.187668250660000258e-01 -3.170943115770000209e-01 -2.926402590159999928e+00
1.680699999999999972e-01 6.981317007980000211e-01 9.274870696470000758e-03 5.182009900349999754e-01 -3.093291756789999791e-01 -2.691674424099999907e+00
2.401000000000000079e-01 6.981317007980000211e-01 2.200761829630000152e-02 5.122013800469999989e-01 -2.926377012499999930e-01 -2.280100457050000085e+00
3.430000000000000271e-01 6.981317007980000211e-01 3.517868000069999945e-02 5.215680405120000085e-01 -2.758087076440000063e-01 -1.974757228589999913e+00
4.899999999999999911e-01 6.981317007980000211e-01 6.679022097020000104e-02 5.214867148539999997e-01 -2.777405626319999765e-01 -1.751158151360000081e+00
