# L 5
# phi -0.0048
# hz 0.9
#  hx	Delta_0	Delta_2pik	r	log_Delta_0	log_Delta_2pik
2.326305139869999997e-03 2.585672965919999858e-02 5.585900911820000043e-09 3.564415184399999936e-01 -2.176163060079999934e+00 -inf
3.323293056959999818e-03 2.585672965919999858e-02 5.321736921219999875e-08 3.715457184739999752e-01 -2.162860517679999983e+00 -inf
4.747561509939999917e-03 2.585672965919999858e-02 2.084316295030000080e-07 3.680262483680000196e-01 -2.160436315930000184e+00 -inf
6.782230728490000297e-03 2.585672965919999858e-02 2.107182796439999924e-06 3.854612549640000219e-01 -2.144103229610000216e+00 -8.368418851639999545e+00
9.688901040700000425e-03 2.585672965919999858e-02 1.049131981699999918e-05 3.810038679609999979e-01 -2.134387154960000199e+00 -7.611286263380000250e+00
1.384128720100000036e-02 2.585672965919999858e-02 3.168585631609999783e-05 3.848179106890000090e-01 -2.124917094460000211e+00 -inf
1.977326743000000150e-02 2.585672965919999858e-02 9.357134825780000123e-05 3.890426860210000060e-01 -2.091048985280000050e+00 -6.279909826529999961e+00
2.824752490000000116e-02 2.585672965919999858e-02 1.889305802990000100e-04 4.119384473969999738e-01 -2.044921167250000060e+00 -5.806564646510000038e+00
4.035360699999999967e-02 2.585672965919999858e-02 3.647313319960000019e-04 4.152174764450000111e-01 -2.006113433139999902e+00 -5.111730995680000333e+00
5.764800999999999953e-02 2.585672965919999858e-02 4.786037868150000061e-04 4.174050254639999902e-01 -1.960172026760000019e+00 -4.799585267590000370e+00
8.235430000000000528e-02 2.585672965919999858e-02 8.399121740180000469e-04 4.278592186260000152e-01 -1.918403108739999974e+00 -4.264457987560000163e+00
1.176490000000000036e-01 2.585672965919999858e-02 1.396642520009999926e-03 4.404597806039999841e-01 -1.871257145620000006e+00 -3.847017161780000194e+00
1.680699999999999972e-01 2.585672965919999858e-02 2.030382295390000067e-03 4.378640011109999897e-01 -1.846408207929999934e+00 -3.513922816780000069e+00
2.401000000000000079e-01 2.585672965919999858e-02 4.451036796240000377e-03 4.509929083349999979e-01 -1.798211138150000110e+00 -2.930115652200000032e+00
3.430000000000000271e-01 2.585672965919999858e-02 5.433765107859999700e-03 4.605447234869999851e-01 -1.767154860770000058e+00 -2.806661836209999983e+00
4.899999999999999911e-01 2.585672965919999858e-02 7.152526211500000002e-03 4.670975549479999822e-01 -1.740616806420000051e+00 -2.629728575050000128e+00
