# L 3
# phi 0.0000
# hz 0.9
#  hx	Delta_0	Delta_2pik	r	log_Delta_0	log_Delta_2pik
2.326305139869999997e-03 2.327105669329999904e-01 1.376947692380000123e-04 1.430065112639999914e-01 -1.847227471589999892e+00 -5.827686356830000136e+00
3.323293056959999818e-03 2.327105669329999904e-01 2.113136159049999892e-04 1.531951657329999883e-01 -1.752995403499999938e+00 -5.488306714510000184e+00
4.747561509939999917e-03 2.327105669329999904e-01 2.581267934360000223e-04 1.642893114300000013e-01 -1.678496200060000110e+00 -5.358691743379999650e+00
6.782230728490000297e-03 2.327105669329999904e-01 4.502155713790000069e-04 1.707408938280000066e-01 -1.573172483870000082e+00 -4.913467426489999568e+00
9.688901040700000425e-03 2.327105669329999904e-01 6.091085279610000290e-04 1.793868895559999899e-01 -1.501914329779999946e+00 -4.719467136359999593e+00
1.384128720100000036e-02 2.327105669329999904e-01 8.833629568820000177e-04 1.953747115159999992e-01 -1.424936107039999955e+00 -4.426457532979999776e+00
1.977326743000000150e-02 2.327105669329999904e-01 1.178563982959999947e-03 2.173886533409999933e-01 -1.351445707649999939e+00 -4.199026750279999831e+00
2.824752490000000116e-02 2.327105669329999904e-01 1.828333755810000001e-03 2.269212307609999868e-01 -1.294616232769999931e+00 -3.952653120289999933e+00
4.035360699999999967e-02 2.327105669329999904e-01 2.579382408130000137e-03 2.472210924150000100e-01 -1.203766672280000005e+00 -3.652713614850000123e+00
5.764800999999999953e-02 2.327105669329999904e-01 3.963003670039999711e-03 2.821120968840000187e-01 -1.132537053529999893e+00 -3.360871653039999796e+00
8.235430000000000528e-02 2.327105669329999904e-01 5.629048060410000130e-03 3.281561865120000143e-01 -1.061112189789999993e+00 -3.096561380809999875e+00
1.176490000000000036e-01 2.327105669329999904e-01 6.901996496340000002e-03 3.317272944160000181e-01 -1.026346599270000048e+00 -2.907035088539999812e+00
1.680699999999999972e-01 2.327105669329999904e-01 1.104878113869999998e-02 3.645029176580000252e-01 -9.698680235640000369e-01 -2.632429661030000201e+00
2.401000000000000079e-01 2.327105669329999904e-01 1.524053108490000009e-02 3.862361903800000107e-01 -9.067167104129999489e-01 -2.374482293149999812e+00
3.430000000000000271e-01 2.327105669329999904e-01 2.543521044649999993e-02 4.208116327229999842e-01 -8.443538052819999917e-01 -2.045124461729999954e+00
4.899999999999999911e-01 2.327105669329999904e-01 3.588889636869999761e-02 4.305496539729999905e-01 -8.006811378570000137e-01 -1.848084912150000036e+00
# L 3
# phi -0.0000
# hz 0.9
#  hx	Delta_0	Delta_2pik	r	log_Delta_0	log_Delta_2pik
#2.326305139869999997e-03 2.327105669329999904e-01 1.288712021260000125e-04 1.476042579980000047e-01 -1.840878476569999922e+00 -5.809890566980000060e+00
#3.323293056959999818e-03 2.327105669329999904e-01 2.091146864749999904e-04 1.561278010909999958e-01 -1.742235735790000017e+00 -5.486487134589999926e+00
#4.747561509939999917e-03 2.327105669329999904e-01 3.306032040329999738e-04 1.588175449370000103e-01 -1.653947867569999897e+00 -5.211880051139999637e+00
#6.782230728490000297e-03 2.327105669329999904e-01 4.327154650790000171e-04 1.741984987599999868e-01 -1.566664800539999902e+00 -4.957221039940000296e+00
#9.688901040700000425e-03 2.327105669329999904e-01 5.999425150029999996e-04 1.713867315479999931e-01 -1.517390341660000086e+00 -4.786937284769999579e+00
#1.384128720100000036e-02 2.327105669329999904e-01 9.270823252039999849e-04 1.924852584789999987e-01 -1.411908417830000095e+00 -4.443213730290000107e+00
#1.977326743000000150e-02 2.327105669329999904e-01 1.406521705460000082e-03 2.216583781850000046e-01 -1.332924889490000098e+00 -4.150416119600000009e+00
#2.824752490000000116e-02 2.327105669329999904e-01 1.611959073259999894e-03 2.303323889459999996e-01 -1.276325457180000011e+00 -3.988627609719999967e+00
#4.035360699999999967e-02 2.327105669329999904e-01 2.141888319789999814e-03 2.497120481960000138e-01 -1.219811951180000076e+00 -3.809360707999999818e+00
#5.764800999999999953e-02 2.327105669329999904e-01 3.821025929820000104e-03 2.912817375489999971e-01 -1.127100722970000080e+00 -3.362529536519999862e+00
#8.235430000000000528e-02 2.327105669329999904e-01 5.251265028470000415e-03 3.385998446219999902e-01 -1.051224734260000071e+00 -3.107406970630000043e+00
#1.176490000000000036e-01 2.327105669329999904e-01 7.889053187039999845e-03 3.437240437490000078e-01 -1.016266366520000020e+00 -2.853490734120000205e+00
#1.680699999999999972e-01 2.327105669329999904e-01 9.687193539849999965e-03 3.771230366139999846e-01 -9.587205582059999953e-01 -2.703682982410000157e+00
#2.401000000000000079e-01 2.327105669329999904e-01 1.846155139500000111e-02 3.915269812200000143e-01 -8.994262018530000402e-01 -2.266737905489999871e+00
#3.430000000000000271e-01 2.327105669329999904e-01 2.233149519830000124e-02 4.228109018069999836e-01 -8.517560431459999526e-01 -2.130868478620000062e+00
#4.899999999999999911e-01 2.327105669329999904e-01 3.379326921600000339e-02 4.220270313000000217e-01 -8.238997859040000371e-01 -1.886745729490000079e+00
# L 3
# phi -0.0000
# hz 0.9
#  hx	Delta_0	Delta_2pik	r	log_Delta_0	log_Delta_2pik
#2.326305139869999997e-03 2.327105669329999904e-01 1.239919371650000080e-04 1.421418481020000069e-01 -1.831066701999999990e+00 -5.838263812430000144e+00
#3.323293056959999818e-03 2.327105669329999904e-01 2.286462355320000104e-04 1.589391210009999944e-01 -1.730233093540000100e+00 -5.392954284560000033e+00
#4.747561509939999917e-03 2.327105669329999904e-01 2.633807365879999745e-04 1.584394722199999883e-01 -1.680896256090000040e+00 -5.344981940480000304e+00
#6.782230728490000297e-03 2.327105669329999904e-01 4.880868657550000139e-04 1.710483953299999915e-01 -1.558448255769999902e+00 -4.897753452679999953e+00
#9.688901040700000425e-03 2.327105669329999904e-01 6.042621358589999898e-04 1.776874636859999967e-01 -1.481435046789999932e+00 -4.670077957190000184e+00
#1.384128720100000036e-02 2.327105669329999904e-01 8.362676769380000341e-04 1.853719354729999880e-01 -1.404508424180000103e+00 -4.430238661229999764e+00
#1.977326743000000150e-02 2.327105669329999904e-01 1.238413196849999899e-03 2.035114947549999942e-01 -1.353134865399999942e+00 -4.203937216189999937e+00
#2.824752490000000116e-02 2.327105669329999904e-01 1.988570182340000138e-03 2.213838117549999929e-01 -1.254803730319999922e+00 -3.894382290029999805e+00
#4.035360699999999967e-02 2.327105669329999904e-01 2.238432907639999886e-03 2.514641321819999775e-01 -1.201295681800000015e+00 -3.793257203850000092e+00
#5.764800999999999953e-02 2.327105669329999904e-01 3.524751959180000196e-03 2.733662768330000215e-01 -1.111064862899999950e+00 -3.441743052970000161e+00
#8.235430000000000528e-02 2.327105669329999904e-01 5.039424849299999933e-03 3.204831940999999795e-01 -1.052492413680000016e+00 -3.126439880990000031e+00
#1.176490000000000036e-01 2.327105669329999904e-01 7.601729664889999606e-03 3.425037142399999790e-01 -9.935841277420000006e-01 -2.874838599079999835e+00
#1.680699999999999972e-01 2.327105669329999904e-01 1.175841772040000024e-02 3.677117089449999932e-01 -9.487785130860000304e-01 -2.608055204579999842e+00
#2.401000000000000079e-01 2.327105669329999904e-01 1.776463844189999849e-02 3.943184582400000027e-01 -8.884568064260000009e-01 -2.310133238850000215e+00
#3.430000000000000271e-01 2.327105669329999904e-01 2.649624833190000056e-02 4.228711395629999870e-01 -8.404873531430000488e-01 -2.060480919889999818e+00
#4.899999999999999911e-01 2.327105669329999904e-01 3.396204617209999665e-02 4.390646285250000003e-01 -8.069986754140000551e-01 -1.888934884470000020e+00
