# L 2
# phi -0.0048
# hz 0.9
#  hx	Delta_0	Delta_2pik	r	log_Delta_0	log_Delta_2pik
2.326305139869999997e-03 6.981317007980000211e-01 9.294835885730000076e-05 1.356783100349999993e-01 -7.058190954390000105e-01 -5.171242029200000090e+00
3.323293056959999818e-03 6.981317007980000211e-01 2.042531992490000006e-04 1.365917623660000135e-01 -7.019436255980000539e-01 -4.788189980410000324e+00
4.747561509939999917e-03 6.981317007980000211e-01 3.081561006930000216e-04 1.378603557580000138e-01 -6.971002602929999847e-01 -4.651506093550000109e+00
6.782230728490000297e-03 6.981317007980000211e-01 4.945441746420000534e-04 1.396024195330000106e-01 -6.894447117309999706e-01 -4.414033484990000034e+00
9.688901040700000425e-03 6.981317007980000211e-01 8.289059739250000071e-04 1.418693787039999876e-01 -6.765452308620000244e-01 -4.183346874209999733e+00
1.384128720100000036e-02 6.981317007980000211e-01 1.838452800300000066e-03 1.491811010690000106e-01 -6.490600265029999871e-01 -3.647290118839999984e+00
1.977326743000000150e-02 6.981317007980000211e-01 2.934744532020000084e-03 1.609456297059999874e-01 -6.170538382710000214e-01 -3.403333760869999836e+00
2.824752490000000116e-02 6.981317007980000211e-01 3.801038305650000174e-03 1.716775470849999929e-01 -5.881719972059999968e-01 -3.354366511009999829e+00
4.035360699999999967e-02 6.981317007980000211e-01 6.214807210939999986e-03 1.878473674389999903e-01 -5.488928320999999499e-01 -3.014208806040000077e+00
5.764800999999999953e-02 6.981317007980000211e-01 9.205959260219999732e-03 2.087305001049999942e-01 -5.067959640950000511e-01 -2.743521608840000070e+00
8.235430000000000528e-02 6.981317007980000211e-01 1.236405015299999952e-02 2.370816589420000065e-01 -4.732940112960000167e-01 -2.619019905680000093e+00
1.176490000000000036e-01 6.981317007980000211e-01 1.922820096790000058e-02 2.676483218330000247e-01 -4.297996721410000109e-01 -2.317041118180000137e+00
1.680699999999999972e-01 6.981317007980000211e-01 2.425468126520000101e-02 2.975006247029999829e-01 -3.941473215790000095e-01 -2.195768441739999854e+00
2.401000000000000079e-01 6.981317007980000211e-01 3.505722553570000261e-02 3.328673329519999946e-01 -3.525517766419999921e-01 -1.921616073100000044e+00
3.430000000000000271e-01 6.981317007980000211e-01 4.863729207609999994e-02 3.735815762479999802e-01 -3.104504576200000088e-01 -1.752199144019999988e+00
4.899999999999999911e-01 6.981317007980000211e-01 7.281274039519999852e-02 4.226891968720000170e-01 -2.740402960730000115e-01 -1.579019501779999946e+00
