# L 2
# phi -0.0374
# hz 0.9
#  hx	Delta_0	Delta_2pik	r	log_Delta_0	log_Delta_2pik
2.326305139869999997e-03 6.981317007980000211e-01 1.319226728539999999e-05 2.521019486580000080e-01 -4.463851154949999844e-01 -5.792203502089999567e+00
3.323293056959999818e-03 6.981317007980000211e-01 2.667778370690000020e-05 2.521429593580000184e-01 -4.461870736549999883e-01 -5.405206157480000329e+00
4.747561509939999917e-03 6.981317007980000211e-01 5.915330031609999884e-05 2.522287324449999923e-01 -4.459328121119999766e-01 -5.083853209359999958e+00
6.782230728490000297e-03 6.981317007980000211e-01 9.769787228060000130e-05 2.524036267629999886e-01 -4.455553534680000149e-01 -4.871779565769999820e+00
9.688901040700000425e-03 6.981317007980000211e-01 1.896061237529999947e-04 2.526667474529999957e-01 -4.450035763629999752e-01 -4.639151112619999573e+00
1.384128720100000036e-02 6.981317007980000211e-01 4.331333513920000125e-04 2.528990964910000083e-01 -4.428347683650000199e-01 -4.159291521590000151e+00
1.977326743000000150e-02 6.981317007980000211e-01 7.259595088309999918e-04 2.543961204949999888e-01 -4.410077646919999816e-01 -3.927106013029999954e+00
2.824752490000000116e-02 6.981317007980000211e-01 1.535309758210000102e-03 2.576217668119999971e-01 -4.371709408680000131e-01 -3.607524031220000094e+00
4.035360699999999967e-02 6.981317007980000211e-01 2.792186959570000168e-03 2.618715669239999877e-01 -4.294498196420000191e-01 -3.353873686300000045e+00
5.764800999999999953e-02 6.981317007980000211e-01 5.073413506869999673e-03 2.677010969029999798e-01 -4.225693095449999936e-01 -3.074693185030000109e+00
8.235430000000000528e-02 6.981317007980000211e-01 8.291986881820000155e-03 2.782631516449999842e-01 -4.068515469210000068e-01 -2.858926116370000159e+00
1.176490000000000036e-01 6.981317007980000211e-01 1.242571979919999958e-02 2.998797756050000096e-01 -3.900546032369999749e-01 -2.571664540040000002e+00
1.680699999999999972e-01 6.981317007980000211e-01 1.967950541940000075e-02 3.189136463949999722e-01 -3.682195824050000232e-01 -2.243388780740000144e+00
2.401000000000000079e-01 6.981317007980000211e-01 3.157517564650000330e-02 3.333107412090000055e-01 -3.402178326220000049e-01 -1.989608815640000028e+00
3.430000000000000271e-01 6.981317007980000211e-01 4.339412804369999904e-02 3.621787825080000078e-01 -3.101243436860000036e-01 -1.878712234750000043e+00
4.899999999999999911e-01 6.981317007980000211e-01 7.168843643729999604e-02 4.055246767569999911e-01 -2.914140222059999896e-01 -1.558250700849999948e+00
