# L 3
# phi 0.0748
# hz 0.9
#  hx	Delta_0	Delta_2pik	r	log_Delta_0	log_Delta_2pik
2.326305139869999997e-03 2.327105669329999904e-01 3.569282381329999964e-08 3.795776741479999772e-01 -9.219084455189999749e-01 -8.576931115229999847e+00
3.323293056959999818e-03 2.327105669329999904e-01 9.387179911450000191e-08 3.799488362019999843e-01 -9.207141505949999472e-01 -8.007013697950000619e+00
4.747561509939999917e-03 2.327105669329999904e-01 2.002761698069999902e-07 3.800374492799999948e-01 -9.214264975089999643e-01 -7.454669099040000191e+00
6.782230728490000297e-03 2.327105669329999904e-01 6.260077197379999706e-07 3.807939577510000007e-01 -9.194264727780000479e-01 -7.088601770910000432e+00
9.688901040700000425e-03 2.327105669329999904e-01 2.628757039870000082e-06 3.827446517149999949e-01 -9.133446769669999465e-01 -6.704139289199999574e+00
1.384128720100000036e-02 2.327105669329999904e-01 6.344192641020000200e-06 3.849397019790000152e-01 -9.108496431710000341e-01 -6.069769823899999750e+00
1.977326743000000150e-02 2.327105669329999904e-01 1.380852961109999982e-05 3.870011023170000231e-01 -9.083060340080000294e-01 -5.759657758710000408e+00
2.824752490000000116e-02 2.327105669329999904e-01 4.309770655940000164e-05 3.910355786890000185e-01 -9.031418443340000213e-01 -5.267311601540000332e+00
4.035360699999999967e-02 2.327105669329999904e-01 1.270402781319999921e-04 3.919276169370000118e-01 -8.940041950960000428e-01 -4.693055177369999775e+00
5.764800999999999953e-02 2.327105669329999904e-01 3.135433042290000139e-04 4.120651479010000173e-01 -8.812805129859999642e-01 -4.284731839560000033e+00
8.235430000000000528e-02 2.327105669329999904e-01 8.069442761360000023e-04 4.093085380779999949e-01 -8.768465315710000096e-01 -3.932880614110000117e+00
1.176490000000000036e-01 2.327105669329999904e-01 1.830993517329999962e-03 4.148295849509999744e-01 -8.604470761570000015e-01 -3.441828209050000087e+00
1.680699999999999972e-01 2.327105669329999904e-01 4.195823047080000055e-03 4.515925709420000045e-01 -8.386519486079999641e-01 -2.988746972369999977e+00
2.401000000000000079e-01 2.327105669329999904e-01 8.706247784879999826e-03 4.289102148480000154e-01 -8.335752601610000312e-01 -2.715284645040000111e+00
3.430000000000000271e-01 2.327105669329999904e-01 1.779173318330000073e-02 4.697523363710000011e-01 -7.887123599240000171e-01 -2.314370474379999987e+00
4.899999999999999911e-01 2.327105669329999904e-01 2.687932053540000032e-02 4.776326029890000102e-01 -7.591035119169999845e-01 -2.103626960430000192e+00
