# L 3
# phi -0.5236
# hz 0.9
#  hx	Delta_0	Delta_2pik	r	log_Delta_0	log_Delta_2pik
2.326305139869999997e-03 2.327105669329999904e-01 2.087229861719999904e-08 4.658614078359999966e-01 -9.219442653899999618e-01 -inf
3.323293056959999818e-03 2.327105669329999904e-01 1.139906218710000023e-07 4.656036131310000159e-01 -9.215699892850000019e-01 -9.589231796829999155e+00
4.747561509939999917e-03 2.327105669329999904e-01 3.137605985939999832e-07 4.641611884999999882e-01 -9.162377031930000193e-01 -9.074239525199999434e+00
6.782230728490000297e-03 2.327105669329999904e-01 4.001216993899999965e-07 4.639698182779999902e-01 -9.147985618230000116e-01 -8.588393936199999246e+00
9.688901040700000425e-03 2.327105669329999904e-01 1.802268332610000083e-06 4.625401501370000057e-01 -9.140844065209999814e-01 -8.028731227379999780e+00
1.384128720100000036e-02 2.327105669329999904e-01 2.955008599919999795e-06 4.633021368649999916e-01 -9.103636327590000077e-01 -7.379248666069999629e+00
1.977326743000000150e-02 2.327105669329999904e-01 1.135862095379999981e-05 4.599910903639999882e-01 -9.014930252520000353e-01 -6.826771610459999806e+00
2.824752490000000116e-02 2.327105669329999904e-01 1.236336199670000059e-05 4.600211501840000272e-01 -9.012798982149999860e-01 -6.405940067589999565e+00
4.035360699999999967e-02 2.327105669329999904e-01 6.531615377610000398e-05 4.609028003549999752e-01 -8.990087203819999706e-01 -5.759262456670000141e+00
5.764800999999999953e-02 2.327105669329999904e-01 1.234586980410000119e-04 4.540138212929999972e-01 -8.907836357989999954e-01 -5.270569144669999595e+00
8.235430000000000528e-02 2.327105669329999904e-01 3.510117581759999864e-04 4.568832708330000103e-01 -8.800281725320000525e-01 -4.815707242810000288e+00
1.176490000000000036e-01 2.327105669329999904e-01 6.558381220350000028e-04 4.478336627330000153e-01 -8.765678141739999818e-01 -4.283261213520000332e+00
1.680699999999999972e-01 2.327105669329999904e-01 1.518124559909999911e-03 4.565263884379999748e-01 -8.544234549389999600e-01 -3.872185685469999861e+00
2.401000000000000079e-01 2.327105669329999904e-01 2.413764979370000129e-03 4.547115836419999835e-01 -8.351508166950000200e-01 -3.421920007649999818e+00
3.430000000000000271e-01 2.327105669329999904e-01 6.441249848890000414e-03 4.490883960870000191e-01 -8.149806758090000214e-01 -2.908442960769999974e+00
4.899999999999999911e-01 2.327105669329999904e-01 1.456254851370000075e-02 4.695955148859999873e-01 -7.711810164100000309e-01 -2.403291234940000187e+00
