# L 4
# phi 0.0000
# hz 0.9
#  hx	Delta_0	Delta_2pik	r	log_Delta_0	log_Delta_2pik
2.326305139869999997e-03 7.757018897749999586e-02 5.124409307669999927e-05 2.074720842130000076e-01 -2.547608149939999844e+00 -6.640867036909999577e+00
3.323293056959999818e-03 7.757018897749999586e-02 7.339116247780000206e-05 2.122190354040000004e-01 -2.440458381920000086e+00 -6.327538059340000132e+00
4.747561509939999917e-03 7.757018897749999586e-02 1.018274936399999968e-04 2.274580167470000025e-01 -2.332655016869999987e+00 -6.042383137689999906e+00
6.782230728490000297e-03 7.757018897749999586e-02 1.527709263990000086e-04 2.341650255380000045e-01 -2.221243718609999807e+00 -5.715251425589999990e+00
9.688901040700000425e-03 7.757018897749999586e-02 2.276139653300000083e-04 2.436553301569999996e-01 -2.111020518920000200e+00 -5.405139777469999629e+00
1.384128720100000036e-02 7.757018897749999586e-02 3.440651279440000193e-04 2.588915257939999881e-01 -2.010317651689999874e+00 -5.088574716490000149e+00
1.977326743000000150e-02 7.757018897749999586e-02 5.440954467280000517e-04 2.720155762800000043e-01 -1.901139496689999930e+00 -4.683458379020000173e+00
2.824752490000000116e-02 7.757018897749999586e-02 7.551897277030000409e-04 2.876219625309999750e-01 -1.818422360190000031e+00 -4.429658669480000199e+00
4.035360699999999967e-02 7.757018897749999586e-02 1.057113101909999903e-03 3.171210833040000177e-01 -1.712200706359999991e+00 -4.088467881279999716e+00
5.764800999999999953e-02 7.757018897749999586e-02 1.947237945679999903e-03 3.496256333869999788e-01 -1.609855632489999966e+00 -3.789015581840000202e+00
8.235430000000000528e-02 7.757018897749999586e-02 2.447017114729999922e-03 3.642461930959999816e-01 -1.562295167490000081e+00 -3.557108182149999909e+00
1.176490000000000036e-01 7.757018897749999586e-02 3.099996859450000145e-03 3.699556868269999743e-01 -1.503864396700000050e+00 -3.322506798630000091e+00
1.680699999999999972e-01 7.757018897749999586e-02 5.672495125119999919e-03 4.107996806740000229e-01 -1.436501958030000026e+00 -2.927471479949999900e+00
2.401000000000000079e-01 7.757018897749999586e-02 8.507965972610000496e-03 4.175710090579999867e-01 -1.385281153910000063e+00 -2.640173564589999966e+00
3.430000000000000271e-01 7.757018897749999586e-02 1.253099977250000073e-02 4.455412200759999997e-01 -1.322173790399999938e+00 -2.390675148690000196e+00
4.899999999999999911e-01 7.757018897749999586e-02 1.670810914829999952e-02 4.477416833460000078e-01 -1.283023478230000070e+00 -2.193388863230000041e+00
# L 4
# phi -0.0000
# hz 0.9
#  hx	Delta_0	Delta_2pik	r	log_Delta_0	log_Delta_2pik
#2.326305139869999997e-03 7.757018897749999586e-02 5.351691339189999791e-05 2.164358579389999981e-01 -2.532830895540000071e+00 -6.605734041069999840e+00
#3.323293056959999818e-03 7.757018897749999586e-02 7.501469881019999714e-05 2.138692996790000078e-01 -2.461437064690000120e+00 -6.407332410559999580e+00
#4.747561509939999917e-03 7.757018897749999586e-02 1.187321275149999977e-04 2.339858195969999888e-01 -2.290196947070000100e+00 -5.964179519119999995e+00
#6.782230728490000297e-03 7.757018897749999586e-02 1.352978725429999994e-04 2.290752880370000022e-01 -2.235389922530000018e+00 -5.862195284170000242e+00
#9.688901040700000425e-03 7.757018897749999586e-02 2.065974836199999912e-04 2.294331866090000005e-01 -2.129459833099999866e+00 -5.501658658710000260e+00
#1.384128720100000036e-02 7.757018897749999586e-02 3.106421744800000263e-04 2.550048811100000257e-01 -1.994434901740000043e+00 -5.123424077960000211e+00
#1.977326743000000150e-02 7.757018897749999586e-02 4.529947462559999949e-04 2.663325306739999787e-01 -1.900929866370000054e+00 -4.835123849590000411e+00
#2.824752490000000116e-02 7.757018897749999586e-02 7.589826248779999894e-04 3.085366274340000103e-01 -1.779299600269999893e+00 -4.479001452320000354e+00
#4.035360699999999967e-02 7.757018897749999586e-02 1.080447853539999968e-03 3.133986027249999751e-01 -1.704866964570000087e+00 -4.165870512949999771e+00
#5.764800999999999953e-02 7.757018897749999586e-02 1.628736606540000069e-03 3.181928604520000148e-01 -1.635369809910000027e+00 -3.857270837160000188e+00
#8.235430000000000528e-02 7.757018897749999586e-02 2.557095723310000117e-03 3.587569910989999999e-01 -1.541612057250000056e+00 -3.510139343990000160e+00
#1.176490000000000036e-01 7.757018897749999586e-02 3.799182500180000189e-03 3.743916047290000160e-01 -1.487407730569999975e+00 -3.295386965880000130e+00
#1.680699999999999972e-01 7.757018897749999586e-02 4.871944026119999840e-03 3.996610941220000157e-01 -1.431087683709999947e+00 -2.962701294029999932e+00
#2.401000000000000079e-01 7.757018897749999586e-02 7.617793196980000327e-03 4.178079739830000139e-01 -1.371973287209999892e+00 -2.716548884389999863e+00
#3.430000000000000271e-01 7.757018897749999586e-02 1.203577896029999969e-02 4.336584158690000024e-01 -1.323512476379999914e+00 -2.424408067179999904e+00
#4.899999999999999911e-01 7.757018897749999586e-02 1.615922013209999952e-02 4.447650084829999906e-01 -1.283086865080000027e+00 -2.261165581230000221e+00
# L 4
# phi -0.0000
# hz 0.9
#  hx	Delta_0	Delta_2pik	r	log_Delta_0	log_Delta_2pik
#2.326305139869999997e-03 7.757018897749999586e-02 5.760192711160000135e-05 2.147071568360000016e-01 -2.526079719460000206e+00 -inf
#3.323293056959999818e-03 7.757018897749999586e-02 7.861965074300000019e-05 2.073736667390000121e-01 -2.444662064890000153e+00 -6.342829936940000302e+00
#4.747561509939999917e-03 7.757018897749999586e-02 1.044029822039999983e-04 2.228443622959999926e-01 -2.340691150870000126e+00 -6.040576098779999903e+00
#6.782230728490000297e-03 7.757018897749999586e-02 1.564653858340000038e-04 2.284759273760000042e-01 -2.212149986440000049e+00 -5.667227447080000147e+00
#9.688901040700000425e-03 7.757018897749999586e-02 2.391156912340000010e-04 2.497916725959999917e-01 -2.098185535329999851e+00 -5.380131806489999668e+00
#1.384128720100000036e-02 7.757018897749999586e-02 3.777330172290000159e-04 2.679445730800000258e-01 -1.988017514090000049e+00 -4.989948586399999719e+00
#1.977326743000000150e-02 7.757018897749999586e-02 4.715854653079999811e-04 2.698365622560000010e-01 -1.918835424919999921e+00 -4.803134360789999668e+00
#2.824752490000000116e-02 7.757018897749999586e-02 7.473149021710000228e-04 2.845399773360000051e-01 -1.813208460280000045e+00 -4.390347986720000151e+00
#4.035360699999999967e-02 7.757018897749999586e-02 1.193586016070000101e-03 3.154574570940000267e-01 -1.724840899239999947e+00 -4.124678326119999738e+00
#5.764800999999999953e-02 7.757018897749999586e-02 1.381323219339999995e-03 3.222768081879999746e-01 -1.652735353770000026e+00 -3.882119280860000021e+00
#8.235430000000000528e-02 7.757018897749999586e-02 2.570941136829999786e-03 3.616744796699999931e-01 -1.578677854559999982e+00 -3.522999436430000131e+00
#1.176490000000000036e-01 7.757018897749999586e-02 3.701274029469999848e-03 3.740071585909999774e-01 -1.510861434710000006e+00 -3.219024668779999931e+00
#1.680699999999999972e-01 7.757018897749999586e-02 5.605327575379999948e-03 4.044196635389999961e-01 -1.429199736479999983e+00 -2.934517839609999790e+00
#2.401000000000000079e-01 7.757018897749999586e-02 8.379181604139999615e-03 4.246188188889999937e-01 -1.386478449289999970e+00 -2.663060801569999914e+00
#3.430000000000000271e-01 7.757018897749999586e-02 1.211387296930000086e-02 4.414748787019999732e-01 -1.323850087360000094e+00 -2.395931691789999984e+00
#4.899999999999999911e-01 7.757018897749999586e-02 1.754078989489999893e-02 4.603611816150000036e-01 -1.282589010089999926e+00 -2.173870906059999886e+00
