# L 2
# phi 0.0499
# hz 0.9
#  hx	Delta_0	Delta_2pik	r	log_Delta_0	log_Delta_2pik
2.326305139869999997e-03 6.981317007980000211e-01 1.059999223669999941e-05 2.773274277300000201e-01 -4.100493784679999920e-01 -5.807658854919999669e+00
3.323293056959999818e-03 6.981317007980000211e-01 1.999452371939999936e-05 2.773530915229999727e-01 -4.099831779570000112e-01 -5.479360914019999917e+00
4.747561509939999917e-03 6.981317007980000211e-01 3.941768625009999845e-05 2.773950353879999775e-01 -4.098833877090000133e-01 -5.180787661880000172e+00
6.782230728490000297e-03 6.981317007980000211e-01 8.653469410369999434e-05 2.775741154970000069e-01 -4.095244492930000257e-01 -4.847002357640000092e+00
9.688901040700000425e-03 6.981317007980000211e-01 1.860623157979999955e-04 2.777383972610000251e-01 -4.093882762280000032e-01 -4.506896092319999880e+00
1.384128720100000036e-02 6.981317007980000211e-01 3.215790435710000035e-04 2.782678947239999867e-01 -4.085281617929999998e-01 -4.308230053690000005e+00
1.977326743000000150e-02 6.981317007980000211e-01 6.934144418959999881e-04 2.790902173409999798e-01 -4.076158988770000047e-01 -3.953336901280000149e+00
2.824752490000000116e-02 6.981317007980000211e-01 1.649209391719999975e-03 2.813340539179999822e-01 -4.038691555849999726e-01 -3.557463446199999879e+00
4.035360699999999967e-02 6.981317007980000211e-01 2.572683010239999908e-03 2.843136330670000267e-01 -4.002444644629999937e-01 -3.333532647030000184e+00
5.764800999999999953e-02 6.981317007980000211e-01 4.622383309870000193e-03 2.915067809029999735e-01 -3.934635239920000194e-01 -3.054566210449999986e+00
8.235430000000000528e-02 6.981317007980000211e-01 8.178736695129999387e-03 3.032436830679999806e-01 -3.820512588289999845e-01 -2.782204102670000179e+00
1.176490000000000036e-01 6.981317007980000211e-01 1.186423588719999998e-02 3.146135571240000206e-01 -3.696268927370000013e-01 -2.518255701599999785e+00
1.680699999999999972e-01 6.981317007980000211e-01 2.130773639330000094e-02 3.325897032749999815e-01 -3.461566500000000102e-01 -2.225934605740000016e+00
2.401000000000000079e-01 6.981317007980000211e-01 3.270750300229999935e-02 3.821112814900000099e-01 -3.221516806629999841e-01 -1.946752001269999921e+00
3.430000000000000271e-01 6.981317007980000211e-01 4.085543233959999798e-02 4.076094266110000253e-01 -2.931389229840000166e-01 -1.834800929880000098e+00
4.899999999999999911e-01 6.981317007980000211e-01 7.372338657829999309e-02 4.375405060320000095e-01 -2.645896522989999999e-01 -1.591162608939999945e+00
