# L 2
# phi 0.0048
# hz 0.9
#  hx	Delta_0	Delta_2pik	r	log_Delta_0	log_Delta_2pik
2.326305139869999997e-03 6.981317007980000211e-01 7.562996270849999924e-05 1.367479468670000087e-01 -7.069319101440000308e-01 -5.289996301470000439e+00
3.323293056959999818e-03 6.981317007980000211e-01 1.711193131640000075e-04 1.373794936040000081e-01 -7.027999901789999670e-01 -4.829668279729999902e+00
4.747561509939999917e-03 6.981317007980000211e-01 2.735957191750000008e-04 1.386911907589999937e-01 -6.966518481029999599e-01 -4.581253691059999689e+00
6.782230728490000297e-03 6.981317007980000211e-01 5.046921688580000096e-04 1.401006171789999921e-01 -6.877378817460000349e-01 -4.313210747090000297e+00
9.688901040700000425e-03 6.981317007980000211e-01 1.056032956360000025e-03 1.444411228789999890e-01 -6.655991709049999816e-01 -3.932155521299999901e+00
1.384128720100000036e-02 6.981317007980000211e-01 1.650423323650000067e-03 1.476188509520000025e-01 -6.494697978750000322e-01 -3.686775532720000026e+00
1.977326743000000150e-02 6.981317007980000211e-01 2.407268994490000067e-03 1.541836968330000113e-01 -6.193435820589999752e-01 -3.535890084750000106e+00
2.824752490000000116e-02 6.981317007980000211e-01 3.339665575789999789e-03 1.675350598129999868e-01 -5.961004805880000257e-01 -3.342523650049999961e+00
4.035360699999999967e-02 6.981317007980000211e-01 6.177097050489999651e-03 1.889679480450000004e-01 -5.402431288500000317e-01 -2.973766312159999980e+00
5.764800999999999953e-02 6.981317007980000211e-01 8.947700028209999712e-03 2.107477165119999996e-01 -5.062080920320000121e-01 -2.766996427520000079e+00
8.235430000000000528e-02 6.981317007980000211e-01 1.278004998109999978e-02 2.301598553009999992e-01 -4.681392398420000101e-01 -2.530220060850000063e+00
1.176490000000000036e-01 6.981317007980000211e-01 1.920982106389999833e-02 2.624114538000000274e-01 -4.304072075079999893e-01 -2.295800752139999901e+00
1.680699999999999972e-01 6.981317007980000211e-01 2.381880175859999935e-02 2.942195392360000272e-01 -4.018733814150000083e-01 -2.187500919600000149e+00
2.401000000000000079e-01 6.981317007980000211e-01 3.384921856559999775e-02 3.331625860049999832e-01 -3.515081580359999958e-01 -1.974619359959999931e+00
3.430000000000000271e-01 6.981317007980000211e-01 5.175132071840000264e-02 3.664699440270000053e-01 -3.201305172919999831e-01 -1.751740296819999987e+00
4.899999999999999911e-01 6.981317007980000211e-01 7.428062630340000194e-02 4.098366651240000214e-01 -2.938335635109999844e-01 -1.552351307299999927e+00
