# L 5
# phi -0.5236
# hz 0.9
#  hx	Delta_0	Delta_2pik	r	log_Delta_0	log_Delta_2pik
2.326305139869999997e-03 2.585672965919999858e-02 1.152795280360000006e-13 3.981125961049999940e-01 -1.878893503400000053e+00 -inf
3.323293056959999818e-03 2.585672965919999858e-02 3.504799194349999990e-13 3.991060826360000036e-01 -1.876972529219999908e+00 -inf
4.747561509939999917e-03 2.585672965919999858e-02 1.916805571150000181e-12 3.968142819089999773e-01 -1.880121699760000098e+00 -inf
6.782230728490000297e-03 2.585672965919999858e-02 7.342770561679999203e-12 3.995158134749999812e-01 -1.871572014909999915e+00 -inf
9.688901040700000425e-03 2.585672965919999858e-02 7.108974499149999383e-11 3.985418870760000232e-01 -1.865935248730000051e+00 -inf
1.384128720100000036e-02 2.585672965919999858e-02 7.352018525570000190e-10 3.938613630880000160e-01 -1.869931540310000084e+00 -inf
1.977326743000000150e-02 2.585672965919999858e-02 3.251342013979999910e-09 3.904065297470000195e-01 -1.865511639659999998e+00 -inf
2.824752490000000116e-02 2.585672965919999858e-02 5.383908049060000297e-09 3.948074922009999765e-01 -1.859531655350000090e+00 -inf
4.035360699999999967e-02 2.585672965919999858e-02 2.640701108539999886e-07 3.910967919109999968e-01 -1.854269721249999892e+00 -inf
5.764800999999999953e-02 2.585672965919999858e-02 6.362085066469999601e-07 3.987705135529999723e-01 -1.834422753419999941e+00 -inf
8.235430000000000528e-02 2.585672965919999858e-02 2.119341551870000072e-06 3.912755385480000125e-01 -1.837002150220000019e+00 -7.688564679959999815e+00
1.176490000000000036e-01 2.585672965919999858e-02 8.013007835240000776e-06 3.996478132749999856e-01 -1.810288992550000087e+00 -6.608836614220000349e+00
1.680699999999999972e-01 2.585672965919999858e-02 5.077824450509999844e-05 4.051110785309999796e-01 -1.802864243769999986e+00 -5.948686922440000302e+00
2.401000000000000079e-01 2.585672965919999858e-02 1.876285489230000041e-04 4.087244590049999848e-01 -1.795971026849999985e+00 -4.984418609829999625e+00
3.430000000000000271e-01 2.585672965919999858e-02 4.945665678190000383e-04 4.244129428219999833e-01 -1.767924264799999978e+00 -4.433305996919999714e+00
4.899999999999999911e-01 2.585672965919999858e-02 1.422927206969999995e-03 4.546474320589999896e-01 -1.738319615280000008e+00 -3.699349313689999974e+00
