# L 5
# phi 0.0249
# hz 0.9
#  hx	Delta_0	Delta_2pik	r	log_Delta_0	log_Delta_2pik
2.326305139869999997e-03 2.585672965919999858e-02 1.499124654319999899e-11 3.765247094499999947e-01 -1.951197114860000026e+00 -inf
3.323293056959999818e-03 2.585672965919999858e-02 1.129226475289999985e-10 3.780908484719999740e-01 -1.951195524689999905e+00 -inf
4.747561509939999917e-03 2.585672965919999858e-02 4.298060348780000156e-10 3.790620209180000089e-01 -1.947297034970000063e+00 -inf
6.782230728490000297e-03 2.585672965919999858e-02 4.147652531170000388e-09 3.835702387359999910e-01 -1.940563740910000057e+00 -inf
9.688901040700000425e-03 2.585672965919999858e-02 2.431524760079999866e-08 3.935347295689999858e-01 -1.932647339579999901e+00 -9.300661462720000827e+00
1.384128720100000036e-02 2.585672965919999858e-02 9.907996745919999693e-08 3.979486239130000103e-01 -1.925706993699999980e+00 -inf
1.977326743000000150e-02 2.585672965919999858e-02 4.889358026310000011e-07 4.018803552960000247e-01 -1.918680924010000011e+00 -7.915082307139999607e+00
2.824752490000000116e-02 2.585672965919999858e-02 4.205133819410000103e-06 4.022416274680000181e-01 -1.915028983760000081e+00 -7.216164715039999678e+00
4.035360699999999967e-02 2.585672965919999858e-02 2.715795392479999890e-05 4.003174589510000159e-01 -1.907041138589999907e+00 -6.337235713990000185e+00
5.764800999999999953e-02 2.585672965919999858e-02 1.158182711490000032e-04 4.085003871930000252e-01 -1.893643422470000059e+00 -5.588735139659999795e+00
8.235430000000000528e-02 2.585672965919999858e-02 3.804561574890000220e-04 4.207187995760000021e-01 -1.874468849739999943e+00 -4.765045807699999969e+00
1.176490000000000036e-01 2.585672965919999858e-02 8.349949313600000091e-04 4.247804840330000054e-01 -1.855772835700000067e+00 -4.236494864990000053e+00
1.680699999999999972e-01 2.585672965919999858e-02 1.799275870569999906e-03 4.439870045279999955e-01 -1.814713028119999905e+00 -3.646661492359999812e+00
2.401000000000000079e-01 2.585672965919999858e-02 2.867018397769999921e-03 4.492760221279999966e-01 -1.790769505849999943e+00 -3.298112462390000221e+00
3.430000000000000271e-01 2.585672965919999858e-02 4.764298677720000055e-03 4.620413575819999896e-01 -1.759850222529999897e+00 -2.850547562660000089e+00
4.899999999999999911e-01 2.585672965919999858e-02 7.823015918770000188e-03 4.862999305030000219e-01 -1.723729590340000062e+00 -2.577044057230000185e+00
