# L 2
# phi -0.3491
# hz 0.9
#  hx	Delta_0	Delta_2pik	r	log_Delta_0	log_Delta_2pik
2.326305139869999997e-03 6.981317007980000211e-01 2.151696604730000145e-06 3.959050414749999969e-01 -2.847344872029999863e-01 -6.213070664179999980e+00
3.323293056959999818e-03 6.981317007980000211e-01 4.298899451220000140e-06 3.959081810050000261e-01 -2.846907580249999903e-01 -5.960220282599999919e+00
4.747561509939999917e-03 6.981317007980000211e-01 8.952627988529999464e-06 3.959158950760000018e-01 -2.843223051850000127e-01 -5.641791998479999570e+00
6.782230728490000297e-03 6.981317007980000211e-01 1.878094994429999954e-05 3.959365703919999757e-01 -2.831848908879999738e-01 -5.355165996250000227e+00
9.688901040700000425e-03 6.981317007980000211e-01 4.136080787869999696e-05 3.959837851540000120e-01 -2.821984735759999752e-01 -4.940251391710000384e+00
1.384128720100000036e-02 6.981317007980000211e-01 8.186988512489999463e-05 3.960362962749999771e-01 -2.838129249599999904e-01 -4.684382982449999844e+00
1.977326743000000150e-02 6.981317007980000211e-01 1.728120525780000032e-04 3.961904538830000044e-01 -2.810614645089999919e-01 -4.290359486889999907e+00
2.824752490000000116e-02 6.981317007980000211e-01 3.361467896989999891e-04 3.964162621030000166e-01 -2.804595247059999963e-01 -4.092015608149999650e+00
4.035360699999999967e-02 6.981317007980000211e-01 7.098943756170000450e-04 3.970896150379999989e-01 -2.783785602259999936e-01 -3.713807859330000127e+00
5.764800999999999953e-02 6.981317007980000211e-01 1.055595490869999913e-03 3.979361587410000234e-01 -2.766773790500000052e-01 -3.498624341579999797e+00
8.235430000000000528e-02 6.981317007980000211e-01 2.518447112189999958e-03 4.009017564719999926e-01 -2.734168605739999980e-01 -3.207418071559999806e+00
1.176490000000000036e-01 6.981317007980000211e-01 5.176225930640000403e-03 4.059366974220000035e-01 -2.724656287289999868e-01 -2.862130391360000026e+00
1.680699999999999972e-01 6.981317007980000211e-01 1.009241728169999949e-02 4.112797363219999891e-01 -2.649900046440000212e-01 -2.494990671830000117e+00
2.401000000000000079e-01 6.981317007980000211e-01 1.581147083700000164e-02 4.254105399279999866e-01 -2.565991380850000114e-01 -2.277562833719999791e+00
3.430000000000000271e-01 6.981317007980000211e-01 3.422222821419999839e-02 4.483266504890000004e-01 -2.448085801079999957e-01 -1.930681204829999942e+00
4.899999999999999911e-01 6.981317007980000211e-01 5.565846615359999749e-02 4.813774691980000076e-01 -2.259446919629999884e-01 -1.826929391229999977e+00
