# L 4
# phi -0.0873
# hz 0.9
#  hx	Delta_0	Delta_2pik	r	log_Delta_0	log_Delta_2pik
2.326305139869999997e-03 7.757018897749999586e-02 1.126590800900000042e-10 3.909821232790000045e-01 -1.371604694269999980e+00 -inf
3.323293056959999818e-03 7.757018897749999586e-02 5.537286816720000480e-10 3.908465304389999728e-01 -1.370045775269999933e+00 -1.063501288950000045e+01
4.747561509939999917e-03 7.757018897749999586e-02 9.438910299729999689e-10 3.924178602710000074e-01 -1.366280596359999988e+00 -1.000974474939999936e+01
6.782230728490000297e-03 7.757018897749999586e-02 4.361944779860000227e-09 3.950521145740000239e-01 -1.363185579770000100e+00 -9.340938777930000825e+00
9.688901040700000425e-03 7.757018897749999586e-02 1.844489889350000144e-08 3.953642719170000208e-01 -1.362377892080000041e+00 -8.734611556629999995e+00
1.384128720100000036e-02 7.757018897749999586e-02 1.034666165060000054e-07 3.956439909289999890e-01 -1.358801331190000017e+00 -8.260209420889999876e+00
1.977326743000000150e-02 7.757018897749999586e-02 4.604954528029999861e-07 3.992423151250000246e-01 -1.354845501680000064e+00 -7.683140500780000437e+00
2.824752490000000116e-02 7.757018897749999586e-02 1.053110766349999954e-06 4.013397741870000091e-01 -1.353712845590000047e+00 -7.057334378530000230e+00
4.035360699999999967e-02 7.757018897749999586e-02 5.178873549899999778e-06 4.061191286349999929e-01 -1.348545898110000030e+00 -6.254557222989999943e+00
5.764800999999999953e-02 7.757018897749999586e-02 2.185227097070000023e-05 4.116494001830000027e-01 -1.345303301149999964e+00 -5.815184086190000379e+00
8.235430000000000528e-02 7.757018897749999586e-02 6.792917284510000128e-05 4.177470934699999972e-01 -1.334742116489999963e+00 -5.080502296339999724e+00
1.176490000000000036e-01 7.757018897749999586e-02 3.252886958889999818e-04 4.125006614669999849e-01 -1.325738035649999924e+00 -4.533585318600000136e+00
1.680699999999999972e-01 7.757018897749999586e-02 9.866540153339999151e-04 4.233496713739999806e-01 -1.312760577399999962e+00 -3.895157768049999802e+00
2.401000000000000079e-01 7.757018897749999586e-02 3.121126557560000014e-03 4.530872699349999810e-01 -1.283132488619999956e+00 -3.256426215199999863e+00
3.430000000000000271e-01 7.757018897749999586e-02 4.742489377509999729e-03 4.508018501180000026e-01 -1.274155190729999942e+00 -3.007382051180000015e+00
4.899999999999999911e-01 7.757018897749999586e-02 1.113601889880000070e-02 4.827799295529999757e-01 -1.237388505520000015e+00 -2.413906079929999837e+00
