# L 3
# phi 0.0873
# hz 0.9
#  hx	Delta_0	Delta_2pik	r	log_Delta_0	log_Delta_2pik
2.326305139869999997e-03 2.327105669329999904e-01 2.402935577199999969e-08 3.695585206079999852e-01 -8.848832913430000335e-01 -8.515611834290000459e+00
3.323293056959999818e-03 2.327105669329999904e-01 7.253562578000000196e-08 3.699877553420000131e-01 -8.837134740269999567e-01 -7.999167717049999737e+00
4.747561509939999917e-03 2.327105669329999904e-01 1.562689474600000100e-07 3.699796954160000095e-01 -8.841270986150000510e-01 -7.765762436630000209e+00
6.782230728490000297e-03 2.327105669329999904e-01 5.429347634080000193e-07 3.703097793289999995e-01 -8.830954358649999447e-01 -7.180446211279999602e+00
9.688901040700000425e-03 2.327105669329999904e-01 1.147207165360000067e-06 3.712532431280000100e-01 -8.819052753360000496e-01 -6.791993679259999972e+00
1.384128720100000036e-02 2.327105669329999904e-01 3.795933860039999811e-06 3.720375699060000096e-01 -8.795012183789999716e-01 -6.204156849970000387e+00
1.977326743000000150e-02 2.327105669329999904e-01 1.255019755599999974e-05 3.754568818880000269e-01 -8.777816948479999493e-01 -5.752705402280000158e+00
2.824752490000000116e-02 2.327105669329999904e-01 3.047165105369999924e-05 3.791199493719999980e-01 -8.731743687220000494e-01 -5.556324561330000300e+00
4.035360699999999967e-02 2.327105669329999904e-01 1.068014481540000037e-04 3.837434556459999868e-01 -8.673642075840000132e-01 -4.843601629050000135e+00
5.764800999999999953e-02 2.327105669329999904e-01 2.427188328349999958e-04 3.868650354420000159e-01 -8.620298669629999910e-01 -4.408270768669999562e+00
8.235430000000000528e-02 2.327105669329999904e-01 6.582984441609999494e-04 3.943911907479999979e-01 -8.572307902479999742e-01 -4.021975757639999927e+00
1.176490000000000036e-01 2.327105669329999904e-01 1.643302968369999987e-03 4.116028578100000002e-01 -8.474196890809999605e-01 -3.495655909119999905e+00
1.680699999999999972e-01 2.327105669329999904e-01 4.240718358639999734e-03 4.295241142890000030e-01 -8.293433505930000171e-01 -3.047597726059999790e+00
2.401000000000000079e-01 2.327105669329999904e-01 6.786380104029999735e-03 4.530057654669999989e-01 -8.023158475110000465e-01 -2.832895716509999939e+00
3.430000000000000271e-01 2.327105669329999904e-01 1.544828023839999939e-02 4.467860338849999891e-01 -7.939199157680000285e-01 -2.346076847830000034e+00
4.899999999999999911e-01 2.327105669329999904e-01 2.716411832480000038e-02 4.756215595459999945e-01 -7.669399179089999574e-01 -2.049458532310000081e+00
