# L 2
# phi 0.0873
# hz 0.9
#  hx	Delta_0	Delta_2pik	r	log_Delta_0	log_Delta_2pik
2.326305139869999997e-03 6.981317007980000211e-01 5.493414214060000314e-06 3.367214209650000178e-01 -3.536533638239999777e-01 -6.041647586069999853e+00
3.323293056959999818e-03 6.981317007980000211e-01 1.339311424289999996e-05 3.367397660509999779e-01 -3.535938367440000230e-01 -5.635776241010000298e+00
4.747561509939999917e-03 6.981317007980000211e-01 2.231353943859999835e-05 3.367587276840000032e-01 -3.535890938010000095e-01 -5.348506562889999927e+00
6.782230728490000297e-03 6.981317007980000211e-01 4.956748284679999975e-05 3.368384809939999891e-01 -3.534497673170000076e-01 -5.054945825529999937e+00
9.688901040700000425e-03 6.981317007980000211e-01 1.081899650329999938e-04 3.370366756020000132e-01 -3.529948900259999855e-01 -4.682126145849999865e+00
1.384128720100000036e-02 6.981317007980000211e-01 2.274168540330000058e-04 3.373510385810000178e-01 -3.522394769689999872e-01 -4.348973586389999646e+00
1.977326743000000150e-02 6.981317007980000211e-01 4.038599419350000067e-04 3.378244940619999914e-01 -3.518405956280000191e-01 -4.034755463029999767e+00
2.824752490000000116e-02 6.981317007980000211e-01 8.492190902339999750e-04 3.387537175920000143e-01 -3.491846155569999777e-01 -3.829251128600000165e+00
4.035360699999999967e-02 6.981317007980000211e-01 1.553655328149999935e-03 3.408693763769999885e-01 -3.464441770089999872e-01 -3.488359788219999924e+00
5.764800999999999953e-02 6.981317007980000211e-01 2.759912293200000085e-03 3.435377980279999965e-01 -3.436668725240000222e-01 -3.223434628710000194e+00
8.235430000000000528e-02 6.981317007980000211e-01 4.967419884160000250e-03 3.491729005220000071e-01 -3.361910195310000016e-01 -2.882175429890000196e+00
1.176490000000000036e-01 6.981317007980000211e-01 1.020973100969999915e-02 3.616303288630000057e-01 -3.239150325440000033e-01 -2.609859111620000061e+00
1.680699999999999972e-01 6.981317007980000211e-01 1.719609658129999871e-02 3.723621470240000009e-01 -3.157733240789999951e-01 -2.280377860459999795e+00
2.401000000000000079e-01 6.981317007980000211e-01 2.762592240640000113e-02 3.945507263010000210e-01 -2.983494525659999841e-01 -2.029941108350000079e+00
3.430000000000000271e-01 6.981317007980000211e-01 3.838510945520000328e-02 4.233555736040000017e-01 -2.730018291419999965e-01 -1.856524141279999984e+00
4.899999999999999911e-01 6.981317007980000211e-01 6.537221538739999838e-02 4.505072546619999785e-01 -2.604427428419999746e-01 -1.644610314069999912e+00
