# L 3
# phi 0.0249
# hz 0.9
#  hx	Delta_0	Delta_2pik	r	log_Delta_0	log_Delta_2pik
2.326305139869999997e-03 2.327105669329999904e-01 1.388113266519999875e-07 3.229747829440000051e-01 -1.059650141859999950e+00 -8.038147909450000128e+00
3.323293056959999818e-03 2.327105669329999904e-01 4.860313939430000225e-07 3.238282638489999865e-01 -1.059295092119999948e+00 -7.427441698330000008e+00
4.747561509939999917e-03 2.327105669329999904e-01 1.391421218060000028e-06 3.250046917930000112e-01 -1.056834467560000101e+00 -6.965854418050000163e+00
6.782230728490000297e-03 2.327105669329999904e-01 4.197127822430000018e-06 3.267072771899999784e-01 -1.056034029879999947e+00 -6.564271203159999679e+00
9.688901040700000425e-03 2.327105669329999904e-01 1.145361359770000073e-05 3.293378988360000093e-01 -1.052943835840000064e+00 -6.047690984299999961e+00
1.384128720100000036e-02 2.327105669329999904e-01 2.746625866310000030e-05 3.310727965249999905e-01 -1.052975500130000075e+00 -5.723684626739999892e+00
1.977326743000000150e-02 2.327105669329999904e-01 8.463057363659999370e-05 3.449769071650000130e-01 -1.039719033089999911e+00 -5.156038975300000438e+00
2.824752490000000116e-02 2.327105669329999904e-01 2.169626023900000109e-04 3.456768744320000142e-01 -1.036937894790000092e+00 -4.747477100400000261e+00
4.035360699999999967e-02 2.327105669329999904e-01 5.548663537339999872e-04 3.636431136230000027e-01 -1.027768423769999995e+00 -4.316223478330000418e+00
5.764800999999999953e-02 2.327105669329999904e-01 1.526029366530000072e-03 3.764641067560000054e-01 -1.004772575440000093e+00 -3.841798136009999975e+00
8.235430000000000528e-02 2.327105669329999904e-01 3.257336901620000013e-03 3.712992832770000140e-01 -9.952790734049999921e-01 -3.345775249219999914e+00
1.176490000000000036e-01 2.327105669329999904e-01 5.223437418399999588e-03 3.817804871969999736e-01 -9.613220713719999866e-01 -3.103926420710000134e+00
1.680699999999999972e-01 2.327105669329999904e-01 1.032439862430000084e-02 4.025052113440000245e-01 -9.192764442580000361e-01 -2.633229305520000008e+00
2.401000000000000079e-01 2.327105669329999904e-01 1.794158459460000118e-02 4.276067848330000198e-01 -8.729507705450000321e-01 -2.271192631489999947e+00
3.430000000000000271e-01 2.327105669329999904e-01 2.208513977860000060e-02 4.413627913520000168e-01 -8.429891575810000148e-01 -2.159487193759999979e+00
4.899999999999999911e-01 2.327105669329999904e-01 3.061262035469999865e-02 4.453209190740000101e-01 -8.027658275350000316e-01 -1.927807703720000099e+00
