# L 2
# phi -0.4363
# hz 0.9
#  hx	Delta_0	Delta_2pik	r	log_Delta_0	log_Delta_2pik
2.326305139869999997e-03 6.981317007980000211e-01 2.819676189510000020e-06 3.698086870689999972e-01 -3.329391624149999895e-01 -6.211938133490000347e+00
3.323293056959999818e-03 6.981317007980000211e-01 4.872409343239999842e-06 3.698114031679999858e-01 -3.329454432989999990e-01 -5.925595498289999874e+00
4.747561509939999917e-03 6.981317007980000211e-01 9.760747144510000561e-06 3.698242969400000191e-01 -3.328614293869999741e-01 -5.640091735889999569e+00
6.782230728490000297e-03 6.981317007980000211e-01 2.164351836820000067e-05 3.698522555529999978e-01 -3.326385714189999954e-01 -5.327423341070000262e+00
9.688901040700000425e-03 6.981317007980000211e-01 4.881678179789999944e-05 3.699253619299999740e-01 -3.321099056969999963e-01 -4.964392443330000404e+00
1.384128720100000036e-02 6.981317007980000211e-01 7.601680731170000612e-05 3.699902373589999960e-01 -3.320312388269999748e-01 -4.763031459389999611e+00
1.977326743000000150e-02 6.981317007980000211e-01 1.525610519680000040e-04 3.702209873060000045e-01 -3.307134226869999916e-01 -4.420067338870000029e+00
2.824752490000000116e-02 6.981317007980000211e-01 3.033409551669999978e-04 3.706202107550000124e-01 -3.287540779249999989e-01 -4.152817590549999771e+00
4.035360699999999967e-02 6.981317007980000211e-01 7.132855871810000288e-04 3.715750406810000017e-01 -3.259933773429999904e-01 -3.685950393060000163e+00
5.764800999999999953e-02 6.981317007980000211e-01 1.294112219039999937e-03 3.729737965839999836e-01 -3.211195352169999850e-01 -3.473611136700000213e+00
8.235430000000000528e-02 6.981317007980000211e-01 2.763418243410000179e-03 3.757761668840000069e-01 -3.195522582790000232e-01 -3.108930661390000072e+00
1.176490000000000036e-01 6.981317007980000211e-01 4.937471232620000219e-03 3.795674762049999762e-01 -3.151121506330000210e-01 -2.900740769520000040e+00
1.680699999999999972e-01 6.981317007980000211e-01 1.050756081150000000e-02 3.835477231280000066e-01 -3.077251971189999824e-01 -2.538500672630000121e+00
2.401000000000000079e-01 6.981317007980000211e-01 1.946287542469999840e-02 3.984623132010000068e-01 -2.922869425810000199e-01 -2.226775431100000091e+00
3.430000000000000271e-01 6.981317007980000211e-01 3.338263564149999973e-02 4.140391386719999844e-01 -2.825326267070000230e-01 -2.030024884439999955e+00
4.899999999999999911e-01 6.981317007980000211e-01 7.623358604459999632e-02 4.512494525240000054e-01 -2.666599985520000105e-01 -1.591545013750000015e+00
