# L 3
# phi 0.0048
# hz 0.9
#  hx	Delta_0	Delta_2pik	r	log_Delta_0	log_Delta_2pik
2.326305139869999997e-03 2.327105669329999904e-01 3.753254667820000007e-06 2.006633121870000092e-01 -1.347037130719999976e+00 -7.112506947199999985e+00
3.323293056959999818e-03 2.327105669329999904e-01 1.036603250909999946e-05 2.121751270539999901e-01 -1.334829095749999972e+00 -6.576271172700000278e+00
4.747561509939999917e-03 2.327105669329999904e-01 3.151132529199999831e-05 2.181804802569999868e-01 -1.326835745059999905e+00 -6.109201000849999730e+00
6.782230728490000297e-03 2.327105669329999904e-01 9.405045036880000200e-05 2.430198819999999926e-01 -1.312218949410000057e+00 -5.492771931140000063e+00
9.688901040700000425e-03 2.327105669329999904e-01 2.039561929759999904e-04 2.477506284750000121e-01 -1.297340150289999938e+00 -5.230560816209999686e+00
1.384128720100000036e-02 2.327105669329999904e-01 4.516165405190000087e-04 2.518557131699999951e-01 -1.273633476179999890e+00 -4.746125953019999955e+00
1.977326743000000150e-02 2.327105669329999904e-01 7.336768470540000215e-04 2.582105814369999863e-01 -1.240502795899999899e+00 -4.448687545980000380e+00
2.824752490000000116e-02 2.327105669329999904e-01 1.348303773720000093e-03 2.853949184999999833e-01 -1.197422079270000106e+00 -4.033129281899999974e+00
4.035360699999999967e-02 2.327105669329999904e-01 2.051680167390000035e-03 2.956450124860000028e-01 -1.150957947730000042e+00 -3.781269731720000138e+00
5.764800999999999953e-02 2.327105669329999904e-01 3.839473964929999983e-03 3.290176003549999950e-01 -1.082960133230000066e+00 -3.319286248490000091e+00
8.235430000000000528e-02 2.327105669329999904e-01 5.186302068239999861e-03 3.368949604109999774e-01 -1.043521519480000048e+00 -3.105764039699999923e+00
1.176490000000000036e-01 2.327105669329999904e-01 8.329575612199999549e-03 3.703716308350000208e-01 -9.770902424759999594e-01 -2.738675620490000018e+00
1.680699999999999972e-01 2.327105669329999904e-01 1.170499883619999931e-02 3.901135921669999784e-01 -9.353461472180000236e-01 -2.586242203199999867e+00
2.401000000000000079e-01 2.327105669329999904e-01 1.573893859260000125e-02 4.080960110860000212e-01 -9.046415363900000006e-01 -2.321119926320000193e+00
3.430000000000000271e-01 2.327105669329999904e-01 2.490188054079999977e-02 4.199008689879999978e-01 -8.542051913689999720e-01 -2.134570685039999915e+00
4.899999999999999911e-01 2.327105669329999904e-01 3.441118931400000136e-02 4.513689113320000224e-01 -8.009240489019999742e-01 -1.879561451190000065e+00
