# L 5
# phi 0.0873
# hz 0.9
#  hx	Delta_0	Delta_2pik	r	log_Delta_0	log_Delta_2pik
2.326305139869999997e-03 2.585672965919999858e-02 1.530659458349999935e-13 3.881428929669999972e-01 -1.858699687139999890e+00 -inf
3.323293056959999818e-03 2.585672965919999858e-02 1.124100684509999993e-12 3.900559885459999876e-01 -1.855725284130000041e+00 -inf
4.747561509939999917e-03 2.585672965919999858e-02 6.964317609119999653e-12 3.898861357719999865e-01 -1.852955120400000100e+00 -inf
6.782230728490000297e-03 2.585672965919999858e-02 5.330503199330000127e-11 3.887457241689999954e-01 -1.857616428060000047e+00 -inf
9.688901040700000425e-03 2.585672965919999858e-02 2.731708076929999804e-10 3.919723210430000049e-01 -1.852300421590000079e+00 -inf
1.384128720100000036e-02 2.585672965919999858e-02 2.646961161790000157e-09 3.926218475380000017e-01 -1.852750473560000000e+00 -inf
1.977326743000000150e-02 2.585672965919999858e-02 1.085724379129999970e-08 3.924198239750000261e-01 -1.848504833290000038e+00 -inf
2.824752490000000116e-02 2.585672965919999858e-02 6.645643503760000363e-08 3.938446854739999781e-01 -1.842712043139999922e+00 -8.450433022300000374e+00
4.035360699999999967e-02 2.585672965919999858e-02 5.254020053559999541e-07 3.912863720959999791e-01 -1.839122286869999900e+00 -7.622207481000000229e+00
5.764800999999999953e-02 2.585672965919999858e-02 2.132071950869999808e-06 3.951139660110000174e-01 -1.835922486150000088e+00 -6.916481051519999923e+00
8.235430000000000528e-02 2.585672965919999858e-02 1.045215506120000057e-05 3.927581705050000038e-01 -1.836126774790000082e+00 -6.247360319930000294e+00
1.176490000000000036e-01 2.585672965919999858e-02 7.569097255940000042e-05 4.126804710349999961e-01 -1.805502195200000104e+00 -5.346970637750000144e+00
1.680699999999999972e-01 2.585672965919999858e-02 3.183608202320000044e-04 4.262789423009999967e-01 -1.789063036009999941e+00 -4.637310864179999825e+00
2.401000000000000079e-01 2.585672965919999858e-02 7.458962337350000119e-04 4.373561959780000175e-01 -1.769924919349999959e+00 -3.999458849179999831e+00
3.430000000000000271e-01 2.585672965919999858e-02 2.123346438130000076e-03 4.592677795460000101e-01 -1.740764511999999931e+00 -3.445553978710000020e+00
4.899999999999999911e-01 2.585672965919999858e-02 3.981227367330000128e-03 4.782099315389999883e-01 -1.716708884300000015e+00 -2.938319280199999994e+00
