# L 2
# phi 0.3491
# hz 0.9
#  hx	Delta_0	Delta_2pik	r	log_Delta_0	log_Delta_2pik
2.326305139869999997e-03 6.981317007980000211e-01 4.637069441479999636e-06 3.966835233289999763e-01 -3.124128072940000056e-01 -6.097616247060000383e+00
3.323293056959999818e-03 6.981317007980000211e-01 8.555900937129999243e-06 3.966897145780000078e-01 -3.125362885119999934e-01 -5.817819180699999926e+00
4.747561509939999917e-03 6.981317007980000211e-01 1.461630317219999994e-05 3.966989886889999983e-01 -3.117769454750000113e-01 -5.556744887709999858e+00
6.782230728490000297e-03 6.981317007980000211e-01 2.258388454460000144e-05 3.967133064510000029e-01 -3.119299859310000200e-01 -5.330402846430000174e+00
9.688901040700000425e-03 6.981317007980000211e-01 6.113482212929999585e-05 3.968090299750000050e-01 -3.090570538690000091e-01 -4.856271416130000240e+00
1.384128720100000036e-02 6.981317007980000211e-01 1.056456057419999985e-04 3.969041318409999852e-01 -3.082763935100000241e-01 -4.578464746129999874e+00
1.977326743000000150e-02 6.981317007980000211e-01 1.650304726160000031e-04 3.970444811709999966e-01 -3.052217639800000049e-01 -4.413422913119999791e+00
2.824752490000000116e-02 6.981317007980000211e-01 3.547695595079999940e-04 3.971514425329999987e-01 -3.068047888139999735e-01 -4.025728592190000121e+00
4.035360699999999967e-02 6.981317007980000211e-01 8.211155388140000105e-04 3.976185857960000125e-01 -3.038000639990000029e-01 -3.675317313539999908e+00
5.764800999999999953e-02 6.981317007980000211e-01 1.310696286360000032e-03 3.989191150670000074e-01 -2.965866603530000201e-01 -3.425557574049999943e+00
8.235430000000000528e-02 6.981317007980000211e-01 2.526069195059999981e-03 4.001565477890000055e-01 -2.914415502009999881e-01 -3.145266614020000073e+00
1.176490000000000036e-01 6.981317007980000211e-01 6.031922967409999656e-03 4.040756811089999956e-01 -2.811238758140000016e-01 -2.623496660069999820e+00
1.680699999999999972e-01 6.981317007980000211e-01 8.679174693699999790e-03 4.085222258239999960e-01 -2.703817983699999816e-01 -2.603425681360000077e+00
2.401000000000000079e-01 6.981317007980000211e-01 2.136749604829999913e-02 4.258810363730000104e-01 -2.490828543949999974e-01 -2.117395505300000202e+00
3.430000000000000271e-01 6.981317007980000211e-01 3.330190605620000216e-02 4.355184830039999788e-01 -2.414464934380000094e-01 -1.937614730179999967e+00
4.899999999999999911e-01 6.981317007980000211e-01 5.802003923009999703e-02 4.832615138640000141e-01 -2.217678852109999932e-01 -1.589458705450000009e+00
