# L 2
# phi -0.2618
# hz 0.9
#  hx	Delta_0	Delta_2pik	r	log_Delta_0	log_Delta_2pik
2.326305139869999997e-03 6.981317007980000211e-01 3.095604345720000072e-06 4.321579660729999994e-01 -2.909590055549999832e-01 -6.117686049259999592e+00
3.323293056959999818e-03 6.981317007980000211e-01 6.076589890870000183e-06 4.321603244950000255e-01 -2.909565326560000220e-01 -5.751124511389999583e+00
4.747561509939999917e-03 6.981317007980000211e-01 1.305731871700000036e-05 4.321684481079999807e-01 -2.908974835540000248e-01 -5.457860569960000241e+00
6.782230728490000297e-03 6.981317007980000211e-01 2.208329974060000117e-05 4.321996951200000048e-01 -2.904812734860000023e-01 -5.299170025859999633e+00
9.688901040700000425e-03 6.981317007980000211e-01 4.019701943619999936e-05 4.322172901449999882e-01 -2.907065655639999857e-01 -4.999382639500000280e+00
1.384128720100000036e-02 6.981317007980000211e-01 9.995747974680000369e-05 4.323301659659999907e-01 -2.896988177809999843e-01 -4.575102735909999829e+00
1.977326743000000150e-02 6.981317007980000211e-01 2.016144164780000071e-04 4.324217808249999906e-01 -2.894024602990000195e-01 -4.313233722959999739e+00
2.824752490000000116e-02 6.981317007980000211e-01 4.466846697319999822e-04 4.328069275470000088e-01 -2.874257992420000130e-01 -3.927096134900000202e+00
4.035360699999999967e-02 6.981317007980000211e-01 8.248842321490000139e-04 4.328283322120000109e-01 -2.876307043590000112e-01 -3.561638109780000061e+00
5.764800999999999953e-02 6.981317007980000211e-01 1.588405005769999911e-03 4.338634886859999984e-01 -2.839525350650000113e-01 -3.319589482230000055e+00
8.235430000000000528e-02 6.981317007980000211e-01 2.751609643060000127e-03 4.356545743299999884e-01 -2.806233417439999989e-01 -3.136340247280000160e+00
1.176490000000000036e-01 6.981317007980000211e-01 6.418214445789999743e-03 4.398849137390000164e-01 -2.746930331229999744e-01 -2.717604537849999780e+00
1.680699999999999972e-01 6.981317007980000211e-01 1.219230567940000030e-02 4.437500735159999876e-01 -2.700938741080000094e-01 -2.331210639110000038e+00
2.401000000000000079e-01 6.981317007980000211e-01 1.954715657070000071e-02 4.586656808369999894e-01 -2.556911103880000202e-01 -2.240883532879999862e+00
3.430000000000000271e-01 6.981317007980000211e-01 3.702955768119999685e-02 4.785567003680000209e-01 -2.413269012439999972e-01 -1.887672701779999906e+00
4.899999999999999911e-01 6.981317007980000211e-01 7.165645553829999570e-02 5.177792870670000491e-01 -2.241061130080000130e-01 -1.681076863309999947e+00
