# L 2
# phi 0.0748
# hz 0.9
#  hx	Delta_0	Delta_2pik	r	log_Delta_0	log_Delta_2pik
2.326305139869999997e-03 6.981317007980000211e-01 9.342224621480000389e-06 3.031293031599999743e-01 -4.040574166109999754e-01 -5.919450380989999871e+00
3.323293056959999818e-03 6.981317007980000211e-01 1.626569562050000160e-05 3.031455054269999727e-01 -4.039966848920000242e-01 -5.705389787029999660e+00
4.747561509939999917e-03 6.981317007980000211e-01 3.040322493110000118e-05 3.031909128310000257e-01 -4.035946276030000224e-01 -5.211308111670000187e+00
6.782230728490000297e-03 6.981317007980000211e-01 6.825814998040000288e-05 3.033219387780000109e-01 -4.030007620170000249e-01 -4.968039694489999825e+00
9.688901040700000425e-03 6.981317007980000211e-01 1.173156202049999982e-04 3.034877266659999906e-01 -4.023769760879999935e-01 -4.617207955629999638e+00
1.384128720100000036e-02 6.981317007980000211e-01 2.612704706540000098e-04 3.039325219580000237e-01 -4.002480184950000242e-01 -4.362519848989999893e+00
1.977326743000000150e-02 6.981317007980000211e-01 5.213438075409999569e-04 3.046451925740000233e-01 -3.987309753309999927e-01 -4.080156678849999885e+00
2.824752490000000116e-02 6.981317007980000211e-01 9.982187231780000579e-04 3.061222835329999725e-01 -3.968431811640000251e-01 -3.695515083270000112e+00
4.035360699999999967e-02 6.981317007980000211e-01 2.160100008719999850e-03 3.089099874030000192e-01 -3.921129760279999932e-01 -3.349340149160000113e+00
5.764800999999999953e-02 6.981317007980000211e-01 3.598400218750000181e-03 3.132482859690000065e-01 -3.885733228850000165e-01 -3.122772284629999895e+00
8.235430000000000528e-02 6.981317007980000211e-01 6.177922067899999613e-03 3.188603928400000065e-01 -3.804795066910000023e-01 -2.819671469939999842e+00
1.176490000000000036e-01 6.981317007980000211e-01 1.150301362619999927e-02 3.280671465489999883e-01 -3.681884310799999893e-01 -2.520476464970000219e+00
1.680699999999999972e-01 6.981317007980000211e-01 1.642530847480000097e-02 3.332105570950000262e-01 -3.604241579360000225e-01 -2.342616990609999839e+00
2.401000000000000079e-01 6.981317007980000211e-01 3.161467692290000076e-02 3.629933500599999974e-01 -3.213855994159999785e-01 -1.947707874120000016e+00
3.430000000000000271e-01 6.981317007980000211e-01 4.334753146209999880e-02 3.857287957939999901e-01 -3.065678783160000198e-01 -1.824654383499999977e+00
4.899999999999999911e-01 6.981317007980000211e-01 7.394932006030000005e-02 4.329455466179999990e-01 -2.701110258330000069e-01 -1.627902403140000009e+00
