# L 3
# phi -0.2618
# hz 0.9
#  hx	Delta_0	Delta_2pik	r	log_Delta_0	log_Delta_2pik
2.326305139869999997e-03 2.327105669329999904e-01 6.232246604379999939e-09 3.951331055239999945e-01 -8.222074296060000176e-01 -9.029962958269999618e+00
3.323293056959999818e-03 2.327105669329999904e-01 1.323821824130000060e-08 3.952087776279999964e-01 -8.218942206110000370e-01 -8.643034745970000543e+00
4.747561509939999917e-03 2.327105669329999904e-01 4.381775349720000176e-08 3.954948470419999973e-01 -8.211438440510000492e-01 -8.104494554900000480e+00
6.782230728490000297e-03 2.327105669329999904e-01 1.564074323480000032e-07 3.963371364209999914e-01 -8.190722150879999885e-01 -7.610869846449999976e+00
9.688901040700000425e-03 2.327105669329999904e-01 3.098802457170000042e-07 3.956715122810000040e-01 -8.194421568749999940e-01 -7.250818399929999991e+00
1.384128720100000036e-02 2.327105669329999904e-01 1.021678623449999973e-06 3.966396544520000012e-01 -8.165524771509999891e-01 -6.746319467230000200e+00
1.977326743000000150e-02 2.327105669329999904e-01 2.542242224969999949e-06 3.974164560719999906e-01 -8.152868520439999767e-01 -6.306928181289999991e+00
2.824752490000000116e-02 2.327105669329999904e-01 9.100601087850000080e-06 4.004123748039999930e-01 -8.105437400449999608e-01 -5.731845681080000254e+00
4.035360699999999967e-02 2.327105669329999904e-01 2.234499505790000099e-05 4.051165849410000019e-01 -8.042937810770000029e-01 -5.274192433079999631e+00
5.764800999999999953e-02 2.327105669329999904e-01 7.121474967019999483e-05 4.102811796160000246e-01 -8.020957048329999672e-01 -4.827864033680000055e+00
8.235430000000000528e-02 2.327105669329999904e-01 1.267529293529999880e-04 4.154242129790000071e-01 -7.956773502559999489e-01 -4.506705281830000409e+00
1.176490000000000036e-01 2.327105669329999904e-01 5.062133725840000428e-04 4.157319336210000271e-01 -7.901532870059999603e-01 -3.944228110510000107e+00
1.680699999999999972e-01 2.327105669329999904e-01 1.384165322879999998e-03 4.201280403770000227e-01 -7.838717929239999993e-01 -3.469951161200000023e+00
2.401000000000000079e-01 2.327105669329999904e-01 3.419812443550000053e-03 4.319910346390000155e-01 -7.776310956599999935e-01 -3.186843654730000086e+00
3.430000000000000271e-01 2.327105669329999904e-01 6.538520881570000082e-03 4.425898269929999795e-01 -7.634616978749999561e-01 -2.792181453860000051e+00
4.899999999999999911e-01 2.327105669329999904e-01 1.564436611400000024e-02 4.902161450849999991e-01 -7.323134832809999883e-01 -2.337868647940000155e+00
