# L 2
# phi -0.0125
# hz 0.9
#  hx	Delta_0	Delta_2pik	r	log_Delta_0	log_Delta_2pik
2.326305139869999997e-03 6.981317007980000211e-01 3.972438724339999937e-05 1.594469483740000026e-01 -5.823998317940000113e-01 -5.353169260799999662e+00
3.323293056959999818e-03 6.981317007980000211e-01 5.753500947599999893e-05 1.596741993899999934e-01 -5.820739744949999794e-01 -5.236811898920000097e+00
4.747561509939999917e-03 6.981317007980000211e-01 1.272011188999999979e-04 1.599747392950000013e-01 -5.808961844540000419e-01 -4.893753201440000034e+00
6.782230728490000297e-03 6.981317007980000211e-01 2.692741598550000160e-04 1.611561621639999997e-01 -5.786730873530000485e-01 -4.517572309960000254e+00
9.688901040700000425e-03 6.981317007980000211e-01 5.766346493559999830e-04 1.622138338399999880e-01 -5.755493818419999963e-01 -4.220775272370000053e+00
1.384128720100000036e-02 6.981317007980000211e-01 1.012246964859999905e-03 1.644622763639999874e-01 -5.709665509310000164e-01 -3.916654992379999811e+00
1.977326743000000150e-02 6.981317007980000211e-01 1.681764592229999938e-03 1.688623808970000084e-01 -5.620874283960000106e-01 -3.628895740469999964e+00
2.824752490000000116e-02 6.981317007980000211e-01 3.243462439609999786e-03 1.774434796590000085e-01 -5.433162092890000405e-01 -3.292002034409999833e+00
4.035360699999999967e-02 6.981317007980000211e-01 4.750644196100000001e-03 1.928968855000000038e-01 -5.221492694579999982e-01 -3.127324826560000215e+00
5.764800999999999953e-02 6.981317007980000211e-01 7.295269878460000114e-03 2.073551450020000020e-01 -4.965876968060000118e-01 -2.932968277370000099e+00
8.235430000000000528e-02 6.981317007980000211e-01 1.174884229079999932e-02 2.340293554139999954e-01 -4.639129382139999813e-01 -2.610879864440000198e+00
1.176490000000000036e-01 6.981317007980000211e-01 1.806697130409999977e-02 2.708691244599999992e-01 -4.245607586419999913e-01 -2.353075018739999802e+00
1.680699999999999972e-01 6.981317007980000211e-01 2.617777610639999974e-02 3.087154331699999976e-01 -3.857832527180000137e-01 -2.088517219629999921e+00
2.401000000000000079e-01 6.981317007980000211e-01 3.318573007560000204e-02 3.152809195949999865e-01 -3.630508026490000262e-01 -1.972956755750000069e+00
3.430000000000000271e-01 6.981317007980000211e-01 4.231226899479999942e-02 3.548419055609999817e-01 -3.359103298319999764e-01 -1.821537244329999972e+00
4.899999999999999911e-01 6.981317007980000211e-01 7.133105769309999733e-02 4.199542745459999837e-01 -2.853790906129999860e-01 -1.509166888610000035e+00
