# L 3
# phi -0.0873
# hz 0.9
#  hx	Delta_0	Delta_2pik	r	log_Delta_0	log_Delta_2pik
2.326305139869999997e-03 2.327105669329999904e-01 2.148163643249999902e-08 3.591997984579999859e-01 -9.282317950109999494e-01 -8.575175103070000304e+00
3.323293056959999818e-03 2.327105669329999904e-01 7.313435005099999670e-08 3.598516079419999958e-01 -9.259248690850000463e-01 -8.100673696810000379e+00
4.747561509939999917e-03 2.327105669329999904e-01 2.656716405339999996e-07 3.596350925149999767e-01 -9.280460648760000542e-01 -7.646881480670000286e+00
6.782230728490000297e-03 2.327105669329999904e-01 6.875949947719999517e-07 3.614422701289999873e-01 -9.223594986319999522e-01 -7.041098619449999596e+00
9.688901040700000425e-03 2.327105669329999904e-01 1.755656525710000096e-06 3.623892677380000094e-01 -9.207219652000000476e-01 -6.549110980180000041e+00
1.384128720100000036e-02 2.327105669329999904e-01 3.935062961739999774e-06 3.635411994230000055e-01 -9.211080516309999577e-01 -6.318705877590000242e+00
1.977326743000000150e-02 2.327105669329999904e-01 1.524416934650000023e-05 3.676440326170000161e-01 -9.091670226889999595e-01 -5.797101510280000092e+00
2.824752490000000116e-02 2.327105669329999904e-01 3.421979538980000213e-05 3.704862996380000051e-01 -9.042954867829999799e-01 -5.387690114879999825e+00
4.035360699999999967e-02 2.327105669329999904e-01 9.534493755970000200e-05 3.761961700609999792e-01 -9.004279634089999984e-01 -5.001649905139999852e+00
5.764800999999999953e-02 2.327105669329999904e-01 2.579586037499999990e-04 3.815445161450000122e-01 -8.913699916339999918e-01 -4.467004619589999947e+00
8.235430000000000528e-02 2.327105669329999904e-01 6.613624418139999643e-04 3.993045884890000230e-01 -8.842604045040000083e-01 -3.863134754009999838e+00
1.176490000000000036e-01 2.327105669329999904e-01 1.578516543790000086e-03 3.980371821159999768e-01 -8.667661848509999878e-01 -3.476394457670000104e+00
1.680699999999999972e-01 2.327105669329999904e-01 4.724935630869999889e-03 4.183596003769999849e-01 -8.471112087319999651e-01 -2.990140630399999999e+00
2.401000000000000079e-01 2.327105669329999904e-01 8.004098428279999428e-03 4.322654414479999985e-01 -8.276266399580000099e-01 -2.662675475119999913e+00
3.430000000000000271e-01 2.327105669329999904e-01 1.633093094259999850e-02 4.566928107479999999e-01 -7.872406173599999502e-01 -2.253027759970000155e+00
4.899999999999999911e-01 2.327105669329999904e-01 3.096421710740000083e-02 4.678739049260000060e-01 -7.615669655629999646e-01 -1.951009983869999909e+00
