# L 3
# phi 0.0499
# hz 0.9
#  hx	Delta_0	Delta_2pik	r	log_Delta_0	log_Delta_2pik
2.326305139869999997e-03 2.327105669329999904e-01 4.470083009739999745e-08 3.517530106769999887e-01 -9.634587242580000543e-01 -8.371679868039999306e+00
3.323293056959999818e-03 2.327105669329999904e-01 1.580528727950000092e-07 3.526685688119999829e-01 -9.611809281290000229e-01 -7.874961268409999882e+00
4.747561509939999917e-03 2.327105669329999904e-01 6.066111310229999920e-07 3.541577053259999941e-01 -9.589910273770000382e-01 -7.402155847749999573e+00
6.782230728490000297e-03 2.327105669329999904e-01 1.726349194549999918e-06 3.556827002990000097e-01 -9.558954305169999888e-01 -6.917617629419999581e+00
9.688901040700000425e-03 2.327105669329999904e-01 4.097716026130000147e-06 3.528625169810000184e-01 -9.538286784360000548e-01 -6.490471860289999562e+00
1.384128720100000036e-02 2.327105669329999904e-01 1.056496983050000069e-05 3.575195677649999904e-01 -9.492713404379999886e-01 -6.014915908969999947e+00
1.977326743000000150e-02 2.327105669329999904e-01 3.188987524619999847e-05 3.608842066140000027e-01 -9.469600572940000127e-01 -5.582532887120000176e+00
2.824752490000000116e-02 2.327105669329999904e-01 8.569982163100000596e-05 3.678853879519999870e-01 -9.373929376249999779e-01 -5.055091819200000280e+00
4.035360699999999967e-02 2.327105669329999904e-01 2.173329386230000017e-04 3.814650326130000213e-01 -9.261388145490000445e-01 -4.688022223549999978e+00
5.764800999999999953e-02 2.327105669329999904e-01 5.883602247330000160e-04 3.931480048600000110e-01 -9.148755830810000322e-01 -4.112555006390000045e+00
8.235430000000000528e-02 2.327105669329999904e-01 1.392928901240000038e-03 3.993257324080000115e-01 -9.104691917970000326e-01 -3.693394316050000015e+00
1.176490000000000036e-01 2.327105669329999904e-01 2.865861879730000148e-03 4.159011392599999968e-01 -8.895367166800000058e-01 -3.331431330300000049e+00
1.680699999999999972e-01 2.327105669329999904e-01 5.791872743230000106e-03 4.417872056309999906e-01 -8.556492731970000154e-01 -2.988830554979999832e+00
2.401000000000000079e-01 2.327105669329999904e-01 1.351398495900000066e-02 4.469127789669999906e-01 -8.286139027359999965e-01 -2.357099538489999979e+00
3.430000000000000271e-01 2.327105669329999904e-01 1.989037339639999902e-02 4.709658607869999791e-01 -7.995302296080000204e-01 -2.162873106390000189e+00
4.899999999999999911e-01 2.327105669329999904e-01 3.391520559890000286e-02 4.824223121830000238e-01 -7.596697600189999955e-01 -1.955886941980000016e+00
