# L 3
# phi 0.2618
# hz 0.9
#  hx	Delta_0	Delta_2pik	r	log_Delta_0	log_Delta_2pik
2.326305139869999997e-03 2.327105669329999904e-01 5.222586697589999811e-09 3.865972822009999810e-01 -8.268402160050000171e-01 -9.133478346049999530e+00
3.323293056959999818e-03 2.327105669329999904e-01 2.198289009159999949e-08 3.866191758040000148e-01 -8.266108068109999651e-01 -8.521892670190000629e+00
4.747561509939999917e-03 2.327105669329999904e-01 3.726875546429999737e-08 3.866540542210000209e-01 -8.267614878400000311e-01 -8.150395282919999929e+00
6.782230728490000297e-03 2.327105669329999904e-01 2.156916398790000078e-07 3.868686009630000200e-01 -8.255296202890000101e-01 -7.584588066610000290e+00
9.688901040700000425e-03 2.327105669329999904e-01 4.585285942639999986e-07 3.869930477790000101e-01 -8.231398837540000457e-01 -7.146441647009999620e+00
1.384128720100000036e-02 2.327105669329999904e-01 1.191042875970000006e-06 3.873169927389999989e-01 -8.220839500259999877e-01 -6.818093777379999665e+00
1.977326743000000150e-02 2.327105669329999904e-01 4.106065160289999722e-06 3.891429731459999930e-01 -8.169024029350000493e-01 -6.071230369300000262e+00
2.824752490000000116e-02 2.327105669329999904e-01 9.642260999410000021e-06 3.904959974339999862e-01 -8.152431229209999852e-01 -5.795806213829999720e+00
4.035360699999999967e-02 2.327105669329999904e-01 3.620975416490000248e-05 3.920435237500000114e-01 -8.136914052879999915e-01 -5.335963108609999672e+00
5.764800999999999953e-02 2.327105669329999904e-01 6.612475153199999490e-05 3.970324254479999926e-01 -8.068513414769999947e-01 -4.910590213769999934e+00
8.235430000000000528e-02 2.327105669329999904e-01 2.435186644799999898e-04 3.946215475720000199e-01 -8.060819058410000348e-01 -4.438055385620000237e+00
1.176490000000000036e-01 2.327105669329999904e-01 5.091983258579999656e-04 4.023050808299999948e-01 -7.968000408350000008e-01 -3.961248133339999811e+00
1.680699999999999972e-01 2.327105669329999904e-01 1.363591093409999939e-03 4.231282103499999780e-01 -7.768955320699999501e-01 -3.459264247140000137e+00
2.401000000000000079e-01 2.327105669329999904e-01 2.791879988120000034e-03 4.336836657120000105e-01 -7.720927941330000266e-01 -3.167887019480000177e+00
3.430000000000000271e-01 2.327105669329999904e-01 8.593031796010000209e-03 4.528578334739999933e-01 -7.490128107650000366e-01 -2.654458442930000217e+00
4.899999999999999911e-01 2.327105669329999904e-01 1.831181434940000116e-02 4.717351259099999972e-01 -7.363296213529999523e-01 -2.263486397839999942e+00
