# L 4
# phi 0.0499
# hz 0.9
#  hx	Delta_0	Delta_2pik	r	log_Delta_0	log_Delta_2pik
2.326305139869999997e-03 7.757018897749999586e-02 3.218200906310000157e-10 3.817728619710000215e-01 -1.441788818870000100e+00 -1.064293410940000051e+01
3.323293056959999818e-03 7.757018897749999586e-02 1.474650848890000062e-09 3.823262842180000232e-01 -1.440270161419999972e+00 -1.017991364140000066e+01
4.747561509939999917e-03 7.757018897749999586e-02 4.852509841679999623e-09 3.839713718380000085e-01 -1.439418916609999988e+00 -9.539525452470000388e+00
6.782230728490000297e-03 7.757018897749999586e-02 1.943512754489999985e-08 3.851283556180000178e-01 -1.437528881360000010e+00 -8.996991858150000354e+00
9.688901040700000425e-03 7.757018897749999586e-02 8.317193924779999394e-08 3.863654606390000135e-01 -1.436584998649999889e+00 -8.376942418560000547e+00
1.384128720100000036e-02 7.757018897749999586e-02 3.525418484359999781e-07 3.839954135909999788e-01 -1.436332859229999981e+00 -7.688864398129999778e+00
1.977326743000000150e-02 7.757018897749999586e-02 1.294477637370000018e-06 3.903790321799999741e-01 -1.431502866159999998e+00 -7.003603506390000177e+00
2.824752490000000116e-02 7.757018897749999586e-02 6.972755851499999751e-06 3.993388896480000172e-01 -1.429610714480000100e+00 -6.532938103150000231e+00
4.035360699999999967e-02 7.757018897749999586e-02 1.593358324850000144e-05 4.008049891420000233e-01 -1.422528678159999949e+00 -5.843783316699999730e+00
5.764800999999999953e-02 7.757018897749999586e-02 7.403644706630000305e-05 4.040422422659999957e-01 -1.408758907990000031e+00 -5.366432113420000150e+00
8.235430000000000528e-02 7.757018897749999586e-02 2.544130926169999984e-04 4.210472687690000049e-01 -1.391424350649999919e+00 -4.609452750540000032e+00
1.176490000000000036e-01 7.757018897749999586e-02 8.346905696059999736e-04 4.103755649949999973e-01 -1.384747498949999933e+00 -4.209961469469999606e+00
1.680699999999999972e-01 7.757018897749999586e-02 2.026652719979999979e-03 4.348401849060000157e-01 -1.355906556829999943e+00 -3.556724416269999800e+00
2.401000000000000079e-01 7.757018897749999586e-02 3.781198824339999844e-03 4.433541450640000048e-01 -1.329124287620000011e+00 -3.127829289050000128e+00
3.430000000000000271e-01 7.757018897749999586e-02 7.551694029519999581e-03 4.686590324200000102e-01 -1.276908811069999983e+00 -2.657693705739999857e+00
4.899999999999999911e-01 7.757018897749999586e-02 1.352385736820000024e-02 4.892705652370000213e-01 -1.248045123580000082e+00 -2.280580127479999941e+00
