# L 2
# phi 0.0125
# hz 0.9
#  hx	Delta_0	Delta_2pik	r	log_Delta_0	log_Delta_2pik
2.326305139869999997e-03 6.981317007980000211e-01 3.807288314379999689e-05 1.832774790670000098e-01 -5.761092017190000414e-01 -5.387900625760000395e+00
3.323293056959999818e-03 6.981317007980000211e-01 7.676436826320000349e-05 1.835518088009999993e-01 -5.755096475950000068e-01 -5.116732016830000340e+00
4.747561509939999917e-03 6.981317007980000211e-01 1.586137340990000067e-04 1.839311460520000052e-01 -5.741568971710000469e-01 -4.682198142829999910e+00
6.782230728490000297e-03 6.981317007980000211e-01 2.553640193900000256e-04 1.843049504419999873e-01 -5.725566942699999995e-01 -4.496183675170000171e+00
9.688901040700000425e-03 6.981317007980000211e-01 5.626903545540000049e-04 1.863199947789999922e-01 -5.685661082120000431e-01 -4.161460946610000100e+00
1.384128720100000036e-02 6.981317007980000211e-01 1.054560643890000088e-03 1.899867907139999867e-01 -5.616798364039999880e-01 -3.841311104599999915e+00
1.977326743000000150e-02 6.981317007980000211e-01 1.792968228230000039e-03 1.959933606860000121e-01 -5.491735928659999821e-01 -3.585645035919999835e+00
2.824752490000000116e-02 6.981317007980000211e-01 3.131378297229999927e-03 2.034562796740000123e-01 -5.331960933589999785e-01 -3.341420949849999822e+00
4.035360699999999967e-02 6.981317007980000211e-01 4.812194914019999985e-03 2.168631585680000085e-01 -5.105541276689999908e-01 -3.080103631700000122e+00
5.764800999999999953e-02 6.981317007980000211e-01 8.274358281340000662e-03 2.266404008479999954e-01 -4.845084209419999732e-01 -2.775613107349999886e+00
8.235430000000000528e-02 6.981317007980000211e-01 1.245164071580000080e-02 2.507774851010000083e-01 -4.520919088149999987e-01 -2.540801141379999795e+00
1.176490000000000036e-01 6.981317007980000211e-01 1.639734732969999956e-02 2.799752010889999809e-01 -4.165185419849999904e-01 -2.299965206340000012e+00
1.680699999999999972e-01 6.981317007980000211e-01 2.125779185370000116e-02 3.117135365690000270e-01 -3.785746393059999937e-01 -2.189935481420000052e+00
2.401000000000000079e-01 6.981317007980000211e-01 3.992486969899999849e-02 3.460744036910000099e-01 -3.432107599020000066e-01 -1.856589064650000065e+00
3.430000000000000271e-01 6.981317007980000211e-01 4.169722996700000323e-02 3.624431975549999851e-01 -3.234143187240000050e-01 -1.873353995090000002e+00
4.899999999999999911e-01 6.981317007980000211e-01 7.219767814199999634e-02 4.459827277830000214e-01 -2.695139144279999899e-01 -1.531002205849999909e+00
