# L 2
# phi 0.0249
# hz 0.9
#  hx	Delta_0	Delta_2pik	r	log_Delta_0	log_Delta_2pik
2.326305139869999997e-03 6.981317007980000211e-01 1.898563281409999879e-05 2.255233819780000093e-01 -4.952216841370000178e-01 -5.664315896029999742e+00
3.323293056959999818e-03 6.981317007980000211e-01 3.588615254799999726e-05 2.255733091909999932e-01 -4.951772869250000153e-01 -5.401089944429999790e+00
4.747561509939999917e-03 6.981317007980000211e-01 7.170313575110000520e-05 2.257185086079999958e-01 -4.948352927999999928e-01 -5.062501991589999584e+00
6.782230728490000297e-03 6.981317007980000211e-01 1.431955275580000118e-04 2.260680411469999929e-01 -4.940913886439999847e-01 -4.694417440969999689e+00
9.688901040700000425e-03 6.981317007980000211e-01 2.833995027800000218e-04 2.268873690780000008e-01 -4.920149724589999995e-01 -4.422767151450000433e+00
1.384128720100000036e-02 6.981317007980000211e-01 6.261111673099999976e-04 2.280832449250000116e-01 -4.902410621200000151e-01 -4.130419085749999830e+00
1.977326743000000150e-02 6.981317007980000211e-01 1.073286016829999969e-03 2.290516297200000106e-01 -4.869319207689999929e-01 -3.843638369049999781e+00
2.824752490000000116e-02 6.981317007980000211e-01 2.069137767099999813e-03 2.325135333849999986e-01 -4.817278899190000074e-01 -3.510255118819999964e+00
4.035360699999999967e-02 6.981317007980000211e-01 4.185735704719999693e-03 2.431161493710000121e-01 -4.646264158680000200e-01 -3.212055768319999949e+00
5.764800999999999953e-02 6.981317007980000211e-01 6.818151272570000150e-03 2.507389123500000094e-01 -4.520922831379999840e-01 -2.849230346700000194e+00
8.235430000000000528e-02 6.981317007980000211e-01 9.118392347530000774e-03 2.663472357309999983e-01 -4.287761620950000241e-01 -2.770284571649999972e+00
1.176490000000000036e-01 6.981317007980000211e-01 1.656577281500000096e-02 2.996036900999999864e-01 -3.924844620269999917e-01 -2.388225875629999884e+00
1.680699999999999972e-01 6.981317007980000211e-01 2.132912479300000039e-02 3.147706930959999760e-01 -3.774823263170000165e-01 -2.227596313089999835e+00
2.401000000000000079e-01 6.981317007980000211e-01 3.339837069880000064e-02 3.525191727770000116e-01 -3.346811081530000065e-01 -1.947025606069999970e+00
3.430000000000000271e-01 6.981317007980000211e-01 4.516145708029999789e-02 3.755608398849999974e-01 -3.141199367809999754e-01 -1.855590071479999992e+00
4.899999999999999911e-01 6.981317007980000211e-01 6.652918396050000460e-02 4.022942794520000254e-01 -2.847130118349999739e-01 -1.605007215090000106e+00
