# L 5
# phi 0.0048
# hz 0.9
#  hx	Delta_0	Delta_2pik	r	log_Delta_0	log_Delta_2pik
2.326305139869999997e-03 2.585672965919999858e-02 6.352047062039999790e-09 3.485322376400000199e-01 -2.183366997249999830e+00 -inf
3.323293056959999818e-03 2.585672965919999858e-02 5.275770971549999828e-08 3.644790158460000096e-01 -2.166713092989999812e+00 -inf
4.747561509939999917e-03 2.585672965919999858e-02 2.940209625679999961e-07 3.684281594480000033e-01 -2.165069738840000202e+00 -inf
6.782230728490000297e-03 2.585672965919999858e-02 1.406935908109999990e-06 3.757607243680000098e-01 -2.152315783969999785e+00 -inf
9.688901040700000425e-03 2.585672965919999858e-02 9.342482446779999582e-06 3.812868435080000173e-01 -2.139389779580000095e+00 -7.677597471310000365e+00
1.384128720100000036e-02 2.585672965919999858e-02 3.456434564039999856e-05 3.812716179210000056e-01 -2.120855110970000013e+00 -6.973607805170000340e+00
1.977326743000000150e-02 2.585672965919999858e-02 7.950077343319999384e-05 3.870534022139999752e-01 -2.097960130680000201e+00 -inf
2.824752490000000116e-02 2.585672965919999858e-02 1.757329628289999908e-04 3.996337236759999745e-01 -2.052145303880000160e+00 -5.731994060709999950e+00
4.035360699999999967e-02 2.585672965919999858e-02 3.642407632199999991e-04 4.254596793109999830e-01 -1.988062563509999991e+00 -4.998806580280000134e+00
5.764800999999999953e-02 2.585672965919999858e-02 5.964885383960000361e-04 4.269287777899999914e-01 -1.948869350150000068e+00 -4.571750259209999889e+00
8.235430000000000528e-02 2.585672965919999858e-02 1.067929225119999912e-03 4.261828150129999826e-01 -1.920200190489999903e+00 -4.161713287060000432e+00
1.176490000000000036e-01 2.585672965919999858e-02 1.436358401470000032e-03 4.306004118410000081e-01 -1.886913551269999934e+00 -3.853874688579999930e+00
1.680699999999999972e-01 2.585672965919999858e-02 2.823120394999999866e-03 4.406245507009999840e-01 -1.838209410379999964e+00 -3.322406394450000189e+00
2.401000000000000079e-01 2.585672965919999858e-02 3.566325976679999860e-03 4.481071342230000254e-01 -1.807477820389999934e+00 -3.125832827600000030e+00
3.430000000000000271e-01 2.585672965919999858e-02 6.081151400799999877e-03 4.547249633950000147e-01 -1.772080109260000036e+00 -2.760502607219999849e+00
4.899999999999999911e-01 2.585672965919999858e-02 7.613330816109999642e-03 4.723351974559999999e-01 -1.742112130500000022e+00 -2.547676407159999989e+00
