# L 3
# phi 0.0374
# hz 0.9
#  hx	Delta_0	Delta_2pik	r	log_Delta_0	log_Delta_2pik
2.326305139869999997e-03 2.327105669329999904e-01 8.126823839729999654e-08 3.625836855990000052e-01 -9.817810367699999485e-01 -8.270398885469999684e+00
3.323293056959999818e-03 2.327105669329999904e-01 2.367442668370000051e-07 3.630488055059999941e-01 -9.812956171009999951e-01 -7.656437828989999694e+00
4.747561509939999917e-03 2.327105669329999904e-01 8.450551178979999717e-07 3.636341245449999926e-01 -9.779720655870000057e-01 -7.215688001480000224e+00
6.782230728490000297e-03 2.327105669329999904e-01 1.911121177729999951e-06 3.622203940820000190e-01 -9.783315360969999652e-01 -6.803606518499999645e+00
9.688901040700000425e-03 2.327105669329999904e-01 5.936065731549999776e-06 3.642816164609999907e-01 -9.746214837240000373e-01 -6.285313238379999667e+00
1.384128720100000036e-02 2.327105669329999904e-01 1.897610952589999964e-05 3.663104403610000226e-01 -9.702202715259999888e-01 -5.748891907339999996e+00
1.977326743000000150e-02 2.327105669329999904e-01 4.977684041880000134e-05 3.742153250260000230e-01 -9.626681649030000010e-01 -5.389630772440000328e+00
2.824752490000000116e-02 2.327105669329999904e-01 1.376218602849999916e-04 3.822122194459999789e-01 -9.561879772610000217e-01 -4.976079963510000148e+00
4.035360699999999967e-02 2.327105669329999904e-01 3.801453580259999874e-04 3.899293840590000171e-01 -9.516550582920000334e-01 -4.320721880629999845e+00
5.764800999999999953e-02 2.327105669329999904e-01 7.934215421059999471e-04 4.030649595790000150e-01 -9.420666317970000092e-01 -4.039347734639999743e+00
8.235430000000000528e-02 2.327105669329999904e-01 1.984571976289999876e-03 4.120725529609999827e-01 -9.242808092040000201e-01 -3.544415079919999823e+00
1.176490000000000036e-01 2.327105669329999904e-01 3.980581109999999957e-03 4.249170268149999874e-01 -9.147289416039999788e-01 -3.166294671649999781e+00
1.680699999999999972e-01 2.327105669329999904e-01 7.763278467850000253e-03 4.262210845559999961e-01 -8.822540974560000304e-01 -2.761878610460000161e+00
2.401000000000000079e-01 2.327105669329999904e-01 1.418109377989999927e-02 4.343169885079999903e-01 -8.495037283209999623e-01 -2.406948893660000088e+00
3.430000000000000271e-01 2.327105669329999904e-01 2.108786397839999827e-02 4.383072920980000120e-01 -8.257925584799999941e-01 -2.160995189389999904e+00
4.899999999999999911e-01 2.327105669329999904e-01 3.101806684099999920e-02 4.516441355040000105e-01 -7.865056100889999957e-01 -1.962736628720000098e+00
