# L 2
# phi -0.0873
# hz 0.9
#  hx	Delta_0	Delta_2pik	r	log_Delta_0	log_Delta_2pik
2.326305139869999997e-03 6.981317007980000211e-01 5.219950003150000221e-06 3.191207179489999879e-01 -3.646953467960000195e-01 -6.015627192480000218e+00
3.323293056959999818e-03 6.981317007980000211e-01 1.259657560100000056e-05 3.191387854519999734e-01 -3.646243234820000234e-01 -5.638499067389999730e+00
4.747561509939999917e-03 6.981317007980000211e-01 2.225797814590000129e-05 3.191632549249999729e-01 -3.646349208379999762e-01 -5.433553709099999907e+00
6.782230728490000297e-03 6.981317007980000211e-01 4.972997828930000321e-05 3.192312383790000263e-01 -3.643250166940000256e-01 -5.028855689200000256e+00
9.688901040700000425e-03 6.981317007980000211e-01 1.013475612439999955e-04 3.192799102700000224e-01 -3.641816636099999838e-01 -4.675180191489999970e+00
1.384128720100000036e-02 6.981317007980000211e-01 1.733910251190000135e-04 3.195128514189999880e-01 -3.635889378939999861e-01 -4.427009940079999595e+00
1.977326743000000150e-02 6.981317007980000211e-01 3.673919897940000233e-04 3.199014300069999983e-01 -3.627754499099999919e-01 -4.153716450720000175e+00
2.824752490000000116e-02 6.981317007980000211e-01 6.786099315800000380e-04 3.206239181530000093e-01 -3.609826768180000034e-01 -3.926550794330000205e+00
4.035360699999999967e-02 6.981317007980000211e-01 1.725757380899999981e-03 3.235280154929999763e-01 -3.579814034170000214e-01 -3.416822937330000087e+00
5.764800999999999953e-02 6.981317007980000211e-01 3.418405936020000018e-03 3.257076487900000261e-01 -3.540175381849999803e-01 -3.146451197629999808e+00
8.235430000000000528e-02 6.981317007980000211e-01 5.406125362540000097e-03 3.343888170229999957e-01 -3.480942253439999745e-01 -2.954616051869999982e+00
1.176490000000000036e-01 6.981317007980000211e-01 1.077900144799999980e-02 3.411445343480000170e-01 -3.370441637989999850e-01 -2.613427993659999782e+00
1.680699999999999972e-01 6.981317007980000211e-01 1.620982777409999895e-02 3.533568501809999929e-01 -3.241403960290000219e-01 -2.300270039259999955e+00
2.401000000000000079e-01 6.981317007980000211e-01 2.541706984260000066e-02 3.773853340150000180e-01 -3.157264425679999764e-01 -2.087030597900000117e+00
3.430000000000000271e-01 6.981317007980000211e-01 3.776023582719999910e-02 3.932111540939999816e-01 -2.920789608559999917e-01 -1.941093773039999970e+00
4.899999999999999911e-01 6.981317007980000211e-01 6.430656961510000658e-02 4.688684986280000078e-01 -2.541730153289999961e-01 -1.641235276650000019e+00
