# L 4
# phi -0.3491
# hz 0.9
#  hx	Delta_0	Delta_2pik	r	log_Delta_0	log_Delta_2pik
2.326305139869999997e-03 7.757018897749999586e-02 1.918926077020000117e-11 3.817103130530000166e-01 -1.327599288080000051e+00 -inf
3.323293056959999818e-03 7.757018897749999586e-02 1.005406934659999936e-10 3.818519650169999724e-01 -1.327817712969999953e+00 -inf
4.747561509939999917e-03 7.757018897749999586e-02 8.751661255770000363e-10 3.830478677879999849e-01 -1.326284255870000095e+00 -1.071960270900000012e+01
6.782230728490000297e-03 7.757018897749999586e-02 2.827143117250000067e-09 3.832277032690000196e-01 -1.324267588859999956e+00 -1.011999564729999967e+01
9.688901040700000425e-03 7.757018897749999586e-02 1.729643467360000079e-08 3.851886984599999786e-01 -1.321341625190000091e+00 -9.443626640039999742e+00
1.384128720100000036e-02 7.757018897749999586e-02 8.088945876019999761e-08 3.889926548700000097e-01 -1.315899766830000095e+00 -8.692356895419999674e+00
1.977326743000000150e-02 7.757018897749999586e-02 1.842009971489999893e-07 3.916748303070000103e-01 -1.312701947679999925e+00 -8.193220782419999182e+00
2.824752490000000116e-02 7.757018897749999586e-02 7.331668707080000277e-07 3.944564773779999922e-01 -1.310879250860000012e+00 -7.567670243920000317e+00
4.035360699999999967e-02 7.757018897749999586e-02 1.628841380250000023e-06 3.997380354719999862e-01 -1.307768345740000004e+00 -6.958238638030000089e+00
5.764800999999999953e-02 7.757018897749999586e-02 1.174155234310000068e-05 4.018655546200000095e-01 -1.305129261999999901e+00 -6.330569694840000317e+00
8.235430000000000528e-02 7.757018897749999586e-02 2.576013498449999839e-05 4.022694391439999850e-01 -1.301060326420000024e+00 -5.629564902160000273e+00
1.176490000000000036e-01 7.757018897749999586e-02 1.147855082870000067e-04 4.118780916299999983e-01 -1.289640764809999895e+00 -5.065991541189999836e+00
1.680699999999999972e-01 7.757018897749999586e-02 2.878848922090000099e-04 4.218536981759999915e-01 -1.283428947980000068e+00 -4.515627771940000201e+00
2.401000000000000079e-01 7.757018897749999586e-02 6.364976946120000541e-04 4.322409780090000209e-01 -1.276970033900000079e+00 -4.107339215939999733e+00
3.430000000000000271e-01 7.757018897749999586e-02 2.106433882460000042e-03 4.474320974520000216e-01 -1.256623144940000047e+00 -3.315973055799999791e+00
4.899999999999999911e-01 7.757018897749999586e-02 5.747827719519999629e-03 4.816353990289999887e-01 -1.227398883180000011e+00 -2.789441012230000183e+00
