# L 2
# phi 0.0623
# hz 0.9
#  hx	Delta_0	Delta_2pik	r	log_Delta_0	log_Delta_2pik
2.326305139869999997e-03 6.981317007980000211e-01 1.248406859700000079e-05 2.778624131749999893e-01 -4.064475596909999933e-01 -5.868973639680000076e+00
3.323293056959999818e-03 6.981317007980000211e-01 1.529409567030000000e-05 2.778763986560000010e-01 -4.066765168300000011e-01 -5.555540470080000404e+00
4.747561509939999917e-03 6.981317007980000211e-01 4.330964234390000247e-05 2.779625249300000100e-01 -4.058667287080000019e-01 -5.212634423709999965e+00
6.782230728490000297e-03 6.981317007980000211e-01 8.389992882970000643e-05 2.781405618100000199e-01 -4.052094753339999800e-01 -4.874377324490000163e+00
9.688901040700000425e-03 6.981317007980000211e-01 1.514266047379999886e-04 2.783203344069999918e-01 -4.048864187349999755e-01 -4.580843686889999766e+00
1.384128720100000036e-02 6.981317007980000211e-01 2.859786327940000254e-04 2.787486268359999908e-01 -4.032897866040000001e-01 -4.286612761069999777e+00
1.977326743000000150e-02 6.981317007980000211e-01 4.765016658540000265e-04 2.795459465430000234e-01 -4.024528966920000173e-01 -4.137156017159999699e+00
2.824752490000000116e-02 6.981317007980000211e-01 1.220817213620000070e-03 2.812460594069999820e-01 -3.993919985300000142e-01 -3.628674237829999871e+00
4.035360699999999967e-02 6.981317007980000211e-01 1.578531718390000036e-03 2.838110353339999836e-01 -3.991521886609999958e-01 -3.533575136300000086e+00
5.764800999999999953e-02 6.981317007980000211e-01 4.123310426080000098e-03 2.936748370400000252e-01 -3.887101732470000237e-01 -3.076352086740000047e+00
8.235430000000000528e-02 6.981317007980000211e-01 6.740887300900000323e-03 2.961505684649999859e-01 -3.837129676689999824e-01 -2.839388725520000101e+00
1.176490000000000036e-01 6.981317007980000211e-01 1.165022877900000024e-02 3.149613656079999768e-01 -3.675748251290000268e-01 -2.574531318270000035e+00
1.680699999999999972e-01 6.981317007980000211e-01 1.828505202840000066e-02 3.318163126059999746e-01 -3.523607793979999792e-01 -2.340943634889999903e+00
2.401000000000000079e-01 6.981317007980000211e-01 2.847409499949999853e-02 3.426362818400000010e-01 -3.299628352089999939e-01 -2.030352405329999943e+00
3.430000000000000271e-01 6.981317007980000211e-01 4.244386384039999793e-02 3.755818424160000113e-01 -3.097858817019999988e-01 -1.847858568339999952e+00
4.899999999999999911e-01 6.981317007980000211e-01 6.962321758480000122e-02 4.170182283839999893e-01 -2.821750479660000144e-01 -1.616408647969999945e+00
