# L 3
# phi 0.3491
# hz 0.9
#  hx	Delta_0	Delta_2pik	r	log_Delta_0	log_Delta_2pik
2.326305139869999997e-03 2.327105669329999904e-01 1.079115173650000051e-08 4.060716959810000137e-01 -8.423112254719999914e-01 -9.071981504260000051e+00
3.323293056959999818e-03 2.327105669329999904e-01 6.340897672309999772e-08 4.061420702419999973e-01 -8.417806607860000012e-01 -8.481754616530000845e+00
4.747561509939999917e-03 2.327105669329999904e-01 1.363125702059999874e-07 4.063724745200000266e-01 -8.413976652419999924e-01 -8.268392613250000522e+00
6.782230728490000297e-03 2.327105669329999904e-01 2.319815063240000024e-07 4.069245784559999968e-01 -8.399018659420000033e-01 -7.736982529459999647e+00
9.688901040700000425e-03 2.327105669329999904e-01 1.284315105220000059e-06 4.078945440760000096e-01 -8.367041525249999667e-01 -7.129242637810000005e+00
1.384128720100000036e-02 2.327105669329999904e-01 1.685258695599999992e-06 4.076940833720000268e-01 -8.367466244260000074e-01 -6.834140846260000401e+00
1.977326743000000150e-02 2.327105669329999904e-01 4.389182358970000111e-06 4.095673829440000246e-01 -8.336978924379999656e-01 -6.288959616189999657e+00
2.824752490000000116e-02 2.327105669329999904e-01 9.338560500809999938e-06 4.123430964900000051e-01 -8.275681395989999967e-01 -5.881817128269999806e+00
4.035360699999999967e-02 2.327105669329999904e-01 4.217780913960000069e-05 4.162866898979999952e-01 -8.206234823110000187e-01 -5.340856018670000260e+00
5.764800999999999953e-02 2.327105669329999904e-01 1.635289789210000034e-04 4.167316945030000164e-01 -8.149114942880000267e-01 -4.808662448579999804e+00
8.235430000000000528e-02 2.327105669329999904e-01 3.460575195850000086e-04 4.281086921319999794e-01 -8.086803713139999461e-01 -4.346452118710000256e+00
1.176490000000000036e-01 2.327105669329999904e-01 7.201603591899999714e-04 4.313080242539999998e-01 -7.928623060410000534e-01 -3.947305844460000213e+00
1.680699999999999972e-01 2.327105669329999904e-01 1.203431876380000069e-03 4.541010067899999836e-01 -7.754911604099999911e-01 -3.505199756560000157e+00
2.401000000000000079e-01 2.327105669329999904e-01 3.223364040420000076e-03 4.531019577359999828e-01 -7.662373167960000453e-01 -3.061255398960000207e+00
3.430000000000000271e-01 2.327105669329999904e-01 8.190113651659999133e-03 4.760631251829999799e-01 -7.468564242040000023e-01 -2.679162533960000037e+00
4.899999999999999911e-01 2.327105669329999904e-01 1.750621451889999847e-02 5.079143904580000202e-01 -7.236743588559999552e-01 -2.230791608210000110e+00
