# L 4
# phi 0.3491
# hz 0.9
#  hx	Delta_0	Delta_2pik	r	log_Delta_0	log_Delta_2pik
2.326305139869999997e-03 7.757018897749999586e-02 1.875217534069999900e-11 3.762295025769999968e-01 -1.360101194450000106e+00 -inf
3.323293056959999818e-03 7.757018897749999586e-02 5.397171664870000046e-10 3.766071785919999915e-01 -1.359747718329999966e+00 -inf
4.747561509939999917e-03 7.757018897749999586e-02 1.983091534060000004e-10 3.778265725009999909e-01 -1.359410163229999968e+00 -1.078154560139999951e+01
6.782230728490000297e-03 7.757018897749999586e-02 8.327894095039999576e-09 3.776757912590000266e-01 -1.358481808460000106e+00 -9.988151498969999764e+00
9.688901040700000425e-03 7.757018897749999586e-02 1.512394846860000103e-08 3.796564971290000146e-01 -1.354474991910000092e+00 -inf
1.384128720100000036e-02 7.757018897749999586e-02 4.628710107609999954e-07 3.802320589479999957e-01 -1.352229375270000089e+00 -8.953705141520000410e+00
1.977326743000000150e-02 7.757018897749999586e-02 3.261747448310000084e-07 3.815188528069999863e-01 -1.349097228480000021e+00 -8.262959754129999723e+00
2.824752490000000116e-02 7.757018897749999586e-02 8.467333438289999493e-07 3.866516475560000110e-01 -1.345115982849999892e+00 -7.473751461910000060e+00
4.035360699999999967e-02 7.757018897749999586e-02 7.680311239640000073e-06 3.873350849259999951e-01 -1.335423364289999970e+00 -6.832092340900000060e+00
5.764800999999999953e-02 7.757018897749999586e-02 8.491637816170000466e-06 3.962629454950000185e-01 -1.328585853080000101e+00 -6.437154339740000175e+00
8.235430000000000528e-02 7.757018897749999586e-02 2.803513031130000111e-05 3.958746414539999758e-01 -1.318841976719999920e+00 -5.631763255330000106e+00
1.176490000000000036e-01 7.757018897749999586e-02 7.053556972650000089e-05 4.026453201440000074e-01 -1.312519969430000044e+00 -5.138457530720000221e+00
1.680699999999999972e-01 7.757018897749999586e-02 2.451299954249999864e-04 4.103017370409999809e-01 -1.305567188239999954e+00 -4.660248371979999860e+00
2.401000000000000079e-01 7.757018897749999586e-02 7.393360850890000249e-04 4.369579325099999800e-01 -1.277101051849999891e+00 -3.925156728390000183e+00
3.430000000000000271e-01 7.757018897749999586e-02 2.035221479600000157e-03 4.435256392019999994e-01 -1.257705691299999984e+00 -3.441128269890000091e+00
4.899999999999999911e-01 7.757018897749999586e-02 5.024609683810000137e-03 4.705071799089999840e-01 -1.239141692320000043e+00 -2.821177340559999802e+00
