# L 3
# phi -0.4363
# hz 0.9
#  hx	Delta_0	Delta_2pik	r	log_Delta_0	log_Delta_2pik
2.326305139869999997e-03 2.327105669329999904e-01 1.041596158559999960e-08 3.651105098429999751e-01 -8.771642837780000423e-01 -8.865414672509999150e+00
3.323293056959999818e-03 2.327105669329999904e-01 3.450440791189999743e-08 3.651694031959999975e-01 -8.770060915780000244e-01 -8.520361742989999598e+00
4.747561509939999917e-03 2.327105669329999904e-01 1.630162644889999954e-07 3.652552937479999762e-01 -8.767618782820000289e-01 -7.991043340140000062e+00
6.782230728490000297e-03 2.327105669329999904e-01 3.861285678829999982e-07 3.656101268210000255e-01 -8.762700943360000050e-01 -7.561978348880000311e+00
9.688901040700000425e-03 2.327105669329999904e-01 1.734649312559999982e-06 3.663018466969999998e-01 -8.752921695959999804e-01 -7.021881165019999926e+00
1.384128720100000036e-02 2.327105669329999904e-01 2.582100850149999933e-06 3.677607171080000126e-01 -8.732547309889999720e-01 -6.578173138330000391e+00
1.977326743000000150e-02 2.327105669329999904e-01 1.014343870089999997e-05 3.705980021040000127e-01 -8.711407305230000064e-01 -6.142827833920000202e+00
2.824752490000000116e-02 2.327105669329999904e-01 2.437636981399999837e-05 3.712836778590000164e-01 -8.669896072049999569e-01 -5.694245655329999600e+00
4.035360699999999967e-02 2.327105669329999904e-01 6.039013587229999982e-05 3.795961608280000177e-01 -8.593081063259999652e-01 -5.192102511679999921e+00
5.764800999999999953e-02 2.327105669329999904e-01 1.422610816639999969e-04 3.784068925090000035e-01 -8.558739863040000229e-01 -4.650544118610000055e+00
8.235430000000000528e-02 2.327105669329999904e-01 3.659824785039999802e-04 3.873227597680000134e-01 -8.418342435469999829e-01 -4.268449160040000301e+00
1.176490000000000036e-01 2.327105669329999904e-01 7.064901629500000037e-04 3.988997852210000028e-01 -8.384595853420000466e-01 -3.943986573250000127e+00
1.680699999999999972e-01 2.327105669329999904e-01 1.745369444360000055e-03 4.061522682770000170e-01 -8.219247634980000328e-01 -3.474806641469999846e+00
2.401000000000000079e-01 2.327105669329999904e-01 3.299731637010000062e-03 4.169224956720000153e-01 -8.044187448959999598e-01 -3.055686949980000122e+00
3.430000000000000271e-01 2.327105669329999904e-01 6.781950240180000151e-03 4.390126550339999989e-01 -7.832118424599999740e-01 -2.774376956499999825e+00
4.899999999999999911e-01 2.327105669329999904e-01 1.427799739969999940e-02 4.802307914480000162e-01 -7.526677824330000321e-01 -2.336361128820000133e+00
