
# dim_loc 4
# L 3
# n_dis 100
# hX 1.0
# alphas [0.225+0.38971143j 1.   +0.j         0.225-0.38971143j]
# lambd 0.1
# JZZ 1.0
# lambdas [0 1 0]
# hZ 1.0
# betas [0.  0.1 0. ]
# phi 1.0471975511965976
# eps	gap	shifted_gap	shifted_gap_2	log10_gap	log10_shifted_gap	log10_shifted_gap_2	ratio
9.118819655545162437e-04 9.817477042468088222e-02 3.234361225990885994e-03 2.026967059143291992e-08 -1.239540722897814140e+00 -3.367307099423232586e+00 -inf 3.790027545491134742e-01 2.335767836552839664e-32 1.195407651803193079e-05 1.472520503045006824e-14 9.003215581334080009e-03 6.735878638983970879e-01 nan 8.328934148438927459e-03
1.646520658858865093e-03 9.817477042468086834e-02 2.959815276051961860e-03 3.789220268723969633e-08 -1.235489964975670762e+00 -3.381515882633803649e+00 -inf 3.882027574019503158e-01 2.792020640378175794e-32 1.477613180855111272e-05 9.215990262902153052e-15 6.839301048467371497e-03 5.073366076631876664e-01 nan 7.401033906414280876e-03
2.973005698605357943e-03 9.817477042468086834e-02 3.307411850240569041e-03 4.877898658176005532e-07 -1.245464139670403148e+00 -3.267074732214881205e+00 -inf 3.892812909390344078e-01 2.780850246700729585e-32 1.030832367143922814e-05 5.361140247352187243e-12 7.535157912226416593e-03 5.986720638737386135e-01 nan 6.993427248528756579e-03
5.368145754129631519e-03 9.817477042468088222e-02 3.104345650063245962e-03 3.291748839957669845e-06 -1.224267797433619798e+00 -3.238624032252742868e+00 -9.271176796583342039e+00 4.049691424909408477e-01 2.331723383669626316e-32 1.064241461345930057e-05 3.023088457985404530e-10 5.500460385922113261e-03 3.431288212369564272e-01 5.189262090095543289e-01 6.320212115044290466e-03
9.692880458015281156e-03 9.817477042468086834e-02 4.109012880279807808e-03 1.880132815253579613e-05 -1.240763850928745082e+00 -3.184495555028582281e+00 -8.167287229992188813e+00 3.908528592781570499e-01 2.781235432689607230e-32 1.979243031779177186e-05 5.637555588361833855e-09 8.936278454024009985e-03 4.799971592808028320e-01 7.129579791802131972e-01 8.504724881778549447e-03
1.750174750771230428e-02 9.817477042468086834e-02 3.398806391334573563e-03 3.201824233019540409e-05 -1.216876880431237984e+00 -3.350372946252208717e+00 -7.376095364409302135e+00 4.067789217895902976e-01 2.791250268400421053e-32 1.754320092111246170e-05 4.770397472636084496e-09 6.149647776485328565e-03 6.877963032328184845e-01 7.999782211292091327e-01 6.532611388824414306e-03
3.160166548535295328e-02 9.817477042468086834e-02 2.988427783022197092e-03 9.988336472676883910e-05 -1.206707747677920217e+00 -3.349759250554982248e+00 -6.313102233289042964e+00 4.086790108266575849e-01 2.770835410989916309e-32 1.030112452548842997e-05 2.512455528004938351e-08 4.009998311789928806e-03 4.942864247294010971e-01 5.938884329679720020e-01 5.706732337849823589e-03
5.706088840603357887e-02 9.817477042468088222e-02 3.198236107997087969e-03 4.181467017400855731e-04 -1.206931341802333080e+00 -3.277242037638978811e+00 -5.317876044199839392e+00 3.974233636282239468e-01 2.333071534630697523e-32 1.108942151252434068e-05 3.002397493994539450e-07 5.044544578941595817e-03 5.549214396232255986e-01 6.000261604680094951e-01 6.195198345303094128e-03
1.030308034617642005e-01 9.817477042468088222e-02 5.095346353250294197e-03 1.816087583084671124e-03 -1.198260178577730706e+00 -3.009771351948176132e+00 -4.277758470726194417e+00 4.160949704805515514e-01 2.344819707291459651e-32 2.400489651296675806e-05 5.630153161174724823e-06 3.800477084290799189e-03 5.047083807859925608e-01 5.895717250006987653e-01 5.010135598841980106e-03
1.860354221343357706e-01 9.817477042468086834e-02 8.023303579804188027e-03 4.979584019149562585e-03 -1.167842671591170500e+00 -2.653124799694922320e+00 -3.408587622560050878e+00 4.363169728906712841e-01 2.759472424318031552e-32 5.423042001080888216e-05 2.365758282726753106e-05 3.132247242599338517e-03 4.203178480341296375e-01 4.421321046915372421e-01 5.372651914667910845e-03
3.359109812391624095e-01 9.817477042468088222e-02 1.298863095656739922e-02 1.148339889444150407e-02 -1.146253212320922144e+00 -2.338993399712423482e+00 -2.682012824606809342e+00 4.627147341910671785e-01 2.359649367863241291e-32 1.187731797722036569e-04 9.338521933054068271e-05 2.746161927551286214e-03 3.078832300711472070e-01 3.863422785483434096e-01 6.344009752224154773e-03
6.065306597126334243e-01 9.817477042468086834e-02 2.438762353917428918e-02 2.699929671967889883e-02 -1.104828500275990555e+00 -2.006126801714454899e+00 -1.999425928503492544e+00 5.246385421699559792e-01 2.794524349305879113e-32 3.552966883503657562e-04 3.948104192398868345e-04 1.812920864839773997e-03 2.925784792363386733e-01 3.009643031948604497e-01 3.991008303321744340e-03
