
# dim_loc 4
# L 5
# n_dis 100
# JZZ 1.0
# hZ 1.0
# hX 1.0
# alphas [ 0.25+0.4330127j  1.00+0.j         0.25-0.4330127j]
# betas [ 0.  0.  0.]
# lambdas [0 1 0]
# phi 1.0471975511965976
# lambd 0.0
# eps	gap	shifted_gap	shifted_gap_2	log10_gap	log10_shifted_gap	log10_shifted_gap_2	ratio
9.118819655545162437e-04 6.135923151542554271e-03 2.256270040593144672e-13 2.259303421431324667e-13 -2.461433974105289746e+00 -inf -inf 3.859926490309942282e-01 1.084238373379251718e-34 2.416138560190127710e-24 2.416439133885881063e-24 1.388708051233741208e-03 nan nan 7.549536351006368422e-04
1.646520658858865093e-03 6.135923151542555139e-03 2.228637678049205796e-12 2.229444025225735227e-12 -2.469950521724185943e+00 -inf -inf 3.826897124973254183e-01 9.194058535295471936e-35 1.258150285094307031e-22 1.258164353716851649e-22 3.098540525770100522e-03 nan nan 1.357062778522890928e-03
2.973005698605357943e-03 6.135923151542555139e-03 1.094146416546516721e-10 1.094165686440357081e-10 -2.466107249471298335e+00 -inf -inf 3.848273066611445081e-01 9.160956614376316491e-35 4.494959477599311500e-19 4.495019514073596016e-19 4.409408641700592046e-03 nan nan 1.484608069096559312e-03
5.368145754129631519e-03 6.135923151542554271e-03 4.266596933459425456e-10 4.266732110940613027e-10 -2.459463039763147840e+00 -inf -inf 3.886039645170591417e-01 1.083937446825441273e-34 2.153042039278595044e-18 2.153155047511608049e-18 1.870658007784246858e-03 nan nan 1.105292041235429474e-03
9.692880458015281156e-03 6.135923151542554271e-03 1.384209349774385578e-08 1.384460033690068681e-08 -2.468541698244648419e+00 -inf -inf 3.814393481793201257e-01 1.095523119147145678e-34 2.018392673284412478e-15 2.018782049262464421e-15 1.701697869860170935e-03 nan nan 7.138530162827281741e-04
1.750174750771230428e-02 6.135923151542554271e-03 1.037556398123581251e-07 1.037898481414268507e-07 -2.459065215897227930e+00 -8.960363389911535137e+00 -inf 3.875696704613260102e-01 1.089880746263198698e-34 6.203363916875189714e-14 6.206529659461185480e-14 9.741030846760948382e-04 9.415335431618124806e-01 nan 6.131208293599717425e-04
3.160166548535295328e-02 6.135923151542554271e-03 1.318136000364507995e-06 1.321014731110363844e-06 -2.457422555769008365e+00 -7.680492546320262903e+00 -inf 3.894072603888120709e-01 1.080476791456620398e-34 1.215621581972199527e-11 1.219640119968860598e-11 1.170785581633741529e-03 1.220539886377188132e+00 nan 4.752944736021010247e-04
5.706088840603357887e-02 6.135923151542554271e-03 1.817769019393656850e-05 1.813449204875559122e-05 -2.445006375088351724e+00 -6.432175530727471724e+00 -7.286687015101734666e+00 3.912326738441024854e-01 1.082357582417936058e-34 1.326148132985251155e-09 1.289034640557593388e-09 6.674779551250198525e-04 1.045183257115716247e+00 1.045637245969555762e+00 5.888043012334662945e-04
1.030308034617642005e-01 6.135923151542555139e-03 1.133134781403068116e-04 1.146616971155637124e-04 -2.436041742963903634e+00 -5.238504977979882682e+00 -5.793671748884736239e+00 3.994400349805616313e-01 9.075944862924849000e-35 2.734048519413796733e-08 2.805193809943726947e-08 6.245061174958805791e-04 1.005494095505455432e+00 1.044355909491242462e+00 4.157945949477032284e-04
1.860354221343357706e-01 6.135923151542554271e-03 5.016194654155366455e-04 5.150930163325536867e-04 -2.399482260670706246e+00 -4.118064947756968408e+00 -4.357033150076602190e+00 4.252507220576258185e-01 1.081078644564241290e-34 3.373076731417767687e-07 3.325237076108384612e-07 1.050090850306310223e-03 6.800150334857970602e-01 7.241401943883463144e-01 9.097020898612559947e-04
3.359109812391624095e-01 6.135923151542554271e-03 1.124238071101219590e-03 1.278166031173608467e-03 -2.344542878020055454e+00 -3.526807186471556665e+00 -3.519135207227162887e+00 4.852704912640675161e-01 1.082508045694841174e-34 1.020301215620393464e-06 1.241249194965860462e-06 2.565649341912197914e-03 5.167297145701724714e-01 5.437697783742092561e-01 4.073931681668201306e-03
6.065306597126334243e-01 6.135923151542555139e-03 2.053463063110419397e-03 2.413278876733396423e-03 -2.278073754012833518e+00 -3.002914176325672369e+00 -2.918406389214175611e+00 5.728631422723832189e-01 9.061650851618850155e-35 1.186420231455393708e-06 1.414263800472250441e-06 1.021240910532216113e-03 1.900186627084005653e-01 1.667853651414406280e-01 2.067737571651163953e-03
