
# dim_loc 4
# L 3
# n_dis 100
# hX 1.0
# alphas [0.25+0.4330127j 1.  +0.j        0.25-0.4330127j]
# lambd 0.0
# JZZ 1.0
# lambdas [0 1 0]
# hZ 1.0
# betas [0. 0. 0.]
# phi 1.0471975511965976
# eps	gap	shifted_gap	shifted_gap_2	log10_gap	log10_shifted_gap	log10_shifted_gap_2	ratio
9.118819655545162437e-04 9.817477042468088222e-02 1.621213096762719345e-08 1.621214572006257586e-08 -1.260139394085357134e+00 -9.507749733580419971e+00 -inf 3.731633538729707822e-01 2.309190003320295897e-32 3.269914997455547496e-15 3.269916092139972566e-15 1.127931171814155337e-02 8.319662664329656732e-01 nan 1.000884035263460703e-02
1.646520658858865093e-03 9.817477042468086834e-02 5.966625907100064378e-08 5.966632038903463170e-08 -1.251987820818341257e+00 -8.798054681885286499e+00 -inf 3.845388897616837665e-01 2.818213287621842465e-32 3.385704539246834955e-14 3.385706774657965033e-14 1.303452350438405981e-02 6.852944843241226547e-01 nan 8.976894460835695144e-03
2.973005698605357943e-03 9.817477042468086834e-02 2.825243444291511482e-07 2.825253075967870675e-07 -1.241243017497987156e+00 -8.174488167766320146e+00 -inf 3.893817688210361450e-01 2.771605782967671050e-32 5.336272256442958791e-13 5.336298106845916088e-13 1.165068117666001775e-02 1.048301811051834953e+00 nan 9.788231713690016475e-03
5.368145754129631519e-03 9.817477042468086834e-02 1.842359099661454489e-06 1.842380616369904075e-06 -1.239393435992252046e+00 -7.371590607686163032e+00 -inf 3.991481959572524274e-01 2.772761340934303436e-32 5.160483876191241354e-11 5.160568938018605454e-11 9.575856212552202179e-03 7.625950825373725150e-01 nan 5.526351343374243628e-03
9.692880458015281156e-03 9.817477042468086834e-02 6.627973387208635255e-06 6.628290684276283734e-06 -1.240329614795883995e+00 -6.489050413421718844e+00 -8.308351796968214131e+00 3.785754462784342578e-01 2.775650235850884399e-32 1.583792457353574354e-10 1.583891136405405490e-10 1.082136058555336483e-02 6.511252563680026695e-01 6.139797036849998779e-01 8.220727593330987362e-03
1.750174750771230428e-02 9.817477042468086834e-02 2.811676685887946049e-05 2.812432932829705859e-05 -1.243864876986355394e+00 -5.844963636006668573e+00 -7.410507367467964457e+00 3.906495991122782563e-01 2.741753868829669223e-32 2.842522444277146567e-09 2.842965898380663352e-09 7.675150435648208855e-03 8.943577080438325222e-01 8.978976525741632075e-01 8.354727705537674451e-03
3.160166548535295328e-02 9.817477042468086834e-02 1.569947577795859691e-04 1.570871302365200908e-04 -1.232779884103881507e+00 -4.984253864408234591e+00 -6.299060660631763398e+00 4.072537785962083712e-01 2.786435443539452964e-32 8.568625892188057686e-08 8.574241039851182884e-08 7.420447258726191667e-03 7.415526159768931480e-01 6.927062722784066429e-01 7.331534465455037154e-03
5.706088840603357887e-02 9.817477042468088222e-02 5.562526525268043183e-04 5.572969281541655974e-04 -1.215555804085532321e+00 -4.207169128226328603e+00 -5.215446789752413714e+00 4.046591746137295220e-01 2.330182639714116560e-32 4.738773614782546161e-07 4.739267135308870554e-07 5.088023977417464351e-03 5.176553418740547086e-01 5.200616457950604232e-01 7.765401329323039226e-03
1.030308034617642005e-01 9.817477042468086834e-02 1.281080301511251492e-03 1.290641717916163290e-03 -1.218327065027375866e+00 -3.737218197973040112e+00 -4.472657497770662793e+00 4.029004436362743080e-01 2.769102074039967731e-32 2.027437094664136030e-06 2.051271381021496006e-06 4.700585890721125509e-03 5.006925384568075010e-01 5.207955428627447647e-01 6.133889731872101993e-03
1.860354221343357706e-01 9.817477042468088222e-02 5.239122785630091067e-03 5.327738075429441604e-03 -1.185423803142744426e+00 -2.984307351748118897e+00 -3.484431225065877769e+00 4.285545813096940382e-01 2.338271545480542984e-32 3.021077479593931784e-05 3.106544019707531217e-05 2.998769705794118549e-03 5.708261602497268772e-01 5.934950308608897274e-01 4.571923923527962744e-03
3.359109812391624095e-01 9.817477042468088222e-02 1.273348034237437205e-02 1.327964684295851634e-02 -1.152675338817609196e+00 -2.355314511009086953e+00 -2.548600062034222180e+00 4.631891434970014654e-01 2.362538262779822254e-32 1.079904665886753445e-04 1.000871828835153037e-04 2.836234482190798118e-03 3.274914817589334448e-01 3.828805964376785220e-01 5.482470860301191101e-03
6.065306597126334243e-01 9.817477042468086834e-02 2.147975529221374941e-02 2.406243595616413752e-02 -1.114330815115658346e+00 -2.057625314171149356e+00 -2.059349897535168950e+00 4.995462415704972625e-01 2.748302030640585343e-32 2.704858871505114149e-04 2.930957853307830955e-04 2.016239611796125444e-03 2.754733535532133959e-01 3.009409972060568816e-01 6.800757497673214427e-03
