
# dim_loc 4
# L 5
# n_dis 100
# JZZ 1.0
# hZ 1.0
# hX 1.0
# alphas [ 0.225+0.38971143j  1.000+0.j          0.225-0.38971143j]
# betas [ 0.   0.1  0. ]
# lambdas [0 1 0]
# phi 1.0471975511965976
# lambd 0.1
# eps	gap	shifted_gap	shifted_gap_2	log10_gap	log10_shifted_gap	log10_shifted_gap_2	ratio
9.118819655545162437e-04 6.135923151542554271e-03 2.896068498062810410e-04 1.088103105881255115e-12 -2.458181255122038777e+00 -4.909634219551243461e+00 -inf 3.865447264123082483e-01 1.073555480718978650e-34 1.900557471565209420e-07 2.401080228321987346e-23 5.874328373599434650e-04 1.098238914170656555e+00 nan 4.191231166890579713e-04
1.646520658858865093e-03 6.135923151542554271e-03 2.098002832053428885e-04 9.791723916061090530e-12 -2.456625426050793148e+00 -4.962825988530576993e+00 -inf 3.871961998598972832e-01 1.084388836656156834e-34 8.172556877879306928e-08 1.290002995662433684e-21 5.517985764857787556e-04 7.183524839025117181e-01 nan 5.047744110508860802e-04
2.973005698605357943e-03 6.135923151542554271e-03 2.629373119259857260e-04 7.307851212536020327e-10 -2.456762149658903827e+00 -4.937744335552182839e+00 -inf 3.908964136404570189e-01 1.085667774509851603e-34 1.718672752268420983e-07 1.403926176601394753e-17 5.582542302627807379e-04 1.004863796379567908e+00 nan 4.131911577301008260e-04
5.368145754129631519e-03 6.135923151542554271e-03 2.496550769177640359e-04 1.547116957540187196e-09 -2.456598942503122274e+00 -4.815691917248147824e+00 -inf 3.878420552805558197e-01 1.086269627617472494e-34 9.921722756854434036e-08 1.565060051358594074e-17 4.517888125978806991e-04 8.042756919773843549e-01 nan 3.495278374385239924e-04
9.692880458015281156e-03 6.135923151542555139e-03 2.591165568909937046e-04 7.064118694991537240e-08 -2.452237498494434842e+00 -4.992743821751274957e+00 -inf 3.907703783828782029e-01 9.173745992913263107e-35 1.427694033009658200e-07 4.080713048305492147e-14 6.471974321466195590e-04 1.084819434043187591e+00 nan 3.626643900157044747e-04
1.750174750771230428e-02 6.135923151542554271e-03 2.013452695209941366e-04 3.457246228698914407e-07 -2.449995015111651853e+00 -5.121325235473940474e+00 -inf 3.918386457674247203e-01 1.079047390326020514e-34 1.018034540369137563e-07 3.180392388327233631e-12 4.417003220121952316e-04 1.219389439187953839e+00 nan 3.077889849961855558e-04
3.160166548535295328e-02 6.135923151542554271e-03 3.306965259676851563e-04 4.245903285945368636e-06 -2.443961237841994816e+00 -4.708494966039809881e+00 -inf 3.948507493954210856e-01 1.082357582417936058e-34 2.046276674757603879e-07 7.684063567318535552e-11 5.059816128124076636e-04 9.287737082869714778e-01 nan 3.551826874723126946e-04
5.706088840603357887e-02 6.135923151542554271e-03 2.704204660621017291e-04 2.713386839188355082e-05 -2.436914209262172282e+00 -4.771884129528491059e+00 -6.892648795016342866e+00 3.974528186076031755e-01 1.080326328179715069e-34 1.762159683064291613e-07 4.607523541937616280e-09 5.130248262944132626e-04 7.823769210840596511e-01 1.078777902396765187e+00 3.269696538732934344e-04
1.030308034617642005e-01 6.135923151542555139e-03 3.428634484280835659e-04 1.035836535386172266e-04 -2.417103651925144980e+00 -4.490158480940984020e+00 -5.565500562635975257e+00 4.109790376052730454e-01 9.112056049382109972e-35 1.997599854053425697e-07 2.317768198932394581e-08 7.063744675726131789e-04 7.463739738660681855e-01 9.386590480499450440e-01 6.360785658000582717e-04
1.860354221343357706e-01 6.135923151542555139e-03 7.931171765561120454e-04 5.371131433149858338e-04 -2.384630937267931738e+00 -3.886193378070452731e+00 -4.302828389937817910e+00 4.379194929479329756e-01 9.178259891220420862e-35 7.635614786143372247e-07 3.909566027612552544e-07 1.385878477679091704e-03 6.935952521258461623e-01 7.666025230778247268e-01 1.376161954843527473e-03
3.359109812391624095e-01 6.135923151542555139e-03 1.450713387899951268e-03 1.463873457398052677e-03 -2.323109138503577586e+00 -3.299364310929671085e+00 -3.342895396355145099e+00 5.091530167360587278e-01 9.163965879914422017e-35 1.112726174970713763e-06 1.056357591517100234e-06 1.937587166022009888e-03 4.981491558407467046e-01 5.355341230576019518e-01 3.035013703887709871e-03
6.065306597126334243e-01 6.135923151542555139e-03 2.109863045212582826e-03 2.369164467591841107e-03 -2.274412061634566218e+00 -2.959192997579350948e+00 -2.900463692226346257e+00 5.778052245502134365e-01 9.093248139768953372e-35 1.288979185168239855e-06 1.277087772329219605e-06 6.696858610574776480e-04 1.306283836948048394e-01 1.118430732757736967e-01 1.403426039350158267e-03
