
# dim_loc 4
# L 2
# n_dis 100
# hX 1.0
# alphas [0.025+0.04330127j 1.   +0.j         0.025-0.04330127j]
# lambd 0.9
# JZZ 1.0
# lambdas [0 1 0]
# hZ 1.0
# betas [0.  0.9 0. ]
# phi 1.0471975511965976
# eps	gap	shifted_gap	shifted_gap_2	log10_gap	log10_shifted_gap	log10_shifted_gap_2	ratio
9.118819655545162437e-04 3.926990816987234734e-01 4.489699390420996417e-01 2.445115544119636154e-07 -6.403166255935434092e-01 -5.283514953854825391e-01 -inf 3.772326087609643719e-01 4.421627003521991841e-31 1.022268025197232838e-01 6.782085820567646489e-14 3.659884488262745567e-02 2.179848062937692621e-01 nan 2.581154405614511510e-02
1.646520658858865093e-03 3.926990816987234734e-01 3.876950796993567372e-01 8.387619469102380622e-07 -6.523374545319740037e-01 -6.525790386789154240e-01 -inf 3.417805195288567965e-01 4.509757557777151298e-31 9.058571807235950291e-02 1.434320157002460496e-12 2.988848163462994728e-02 3.166619352626598993e-01 nan 2.968126130869149989e-02
2.973005698605357943e-03 3.926990816987235289e-01 4.400050419597551499e-01 2.469707563674261789e-06 -6.783088752424990542e-01 -5.231823426878379202e-01 -8.662252092913824697e+00 3.413259522936551438e-01 3.768967863968045145e-31 9.304351506150436435e-02 5.100473948929330447e-12 4.353746166333778006e-02 1.954769875782437771e-01 7.748579590129773820e-01 3.528827597988933723e-02
5.368145754129631519e-03 3.926990816987234734e-01 3.659220641588962764e-01 6.842966291500384895e-06 -6.292677139274229781e-01 -6.224966017409920838e-01 -7.990946320087576105e+00 3.392098884821229121e-01 4.361846138048212110e-31 8.093414457491060476e-02 3.814714381012614910e-11 2.403611013606565469e-02 2.213263370830312049e-01 6.580872919079479022e-01 2.710306891554647643e-02
9.692880458015281156e-03 3.926990816987234734e-01 3.769378105145886892e-01 2.862639010605350236e-05 -6.734373384103361504e-01 -6.561289661933105144e-01 -7.103476241942486169e+00 3.317333125923051518e-01 4.444738162854638671e-31 9.840120965927487418e-02 1.527977288555774347e-09 3.463056364397358589e-02 2.631230285326072726e-01 7.524172991059654425e-01 3.718400242579333187e-02
1.750174750771230428e-02 3.926990816987235289e-01 3.895830669292038029e-01 7.646527314100203822e-05 -6.662228027168656252e-01 -6.056341178736235342e-01 -6.267781776678646999e+00 3.247468832701072006e-01 3.729524818706994520e-31 9.876085385963367935e-02 5.104029010199111201e-09 3.306550446068404203e-02 2.097206040526946036e-01 6.894388240867244111e-01 3.330747689056338945e-02
3.160166548535295328e-02 3.926990816987234734e-01 3.988206449077461024e-01 2.470459698823479272e-04 -6.205051537494781222e-01 -6.027459203882343797e-01 -5.669937289597936747e+00 3.746353722383197193e-01 4.473087851636018398e-31 9.062888529814189242e-02 5.054458369367126920e-08 2.244348905210297521e-02 2.482977560509347648e-01 6.336174951676297740e-01 3.356098921976415073e-02
5.706088840603357887e-02 3.926990816987235289e-01 3.327166103583003021e-01 7.010102042861532726e-04 -5.945017357314644757e-01 -7.097754970535605779e-01 -4.959530825194807591e+00 3.982475053604927484e-01 3.714117379151896633e-31 7.053033549206384756e-02 4.613836224490773101e-07 1.994152852141858195e-02 2.691890483840758685e-01 7.895269162383946604e-01 2.747282178461375388e-02
1.030308034617642005e-01 3.926990816987235289e-01 3.847920158403271285e-01 2.599354827067408818e-03 -6.063338718394422067e-01 -6.465693598665507302e-01 -4.129448956189818887e+00 3.791928503944623774e-01 3.701175129925614355e-31 8.947614916038636179e-02 5.613169791402494915e-06 1.810296948329591371e-02 3.060676686453974171e-01 7.646460385312123798e-01 2.828448046723271159e-02
1.860354221343357706e-01 3.926990816987235289e-01 3.926961473554891335e-01 7.915274664809806085e-03 -5.910135436810415310e-01 -5.746579462110517067e-01 -3.293245543701325495e+00 4.014000228253558067e-01 3.731373711453606336e-31 7.450515297403295656e-02 5.019289965049630154e-05 1.329738296366859626e-02 1.599348599381127944e-01 6.135123781583218250e-01 2.258936798256888992e-02
3.359109812391624095e-01 3.926990816987234734e-01 3.587839106004950263e-01 2.511838798283470842e-02 -5.740524259896457870e-01 -6.876792689422072113e-01 -2.549447115736165781e+00 4.133876637613198013e-01 4.414539581326646253e-31 8.417913167828866561e-02 4.713978483421726873e-04 1.074090750119068016e-02 2.591534104887018852e-01 6.973733386951024293e-01 2.210207851566011600e-02
6.065306597126334243e-01 3.926990816987234734e-01 2.480569182137069284e-01 6.303419565179550765e-02 -5.252780976871812557e-01 -8.224454553930530265e-01 -1.934247061106061372e+00 4.560625691481590138e-01 4.447511501974556396e-31 2.923989477865849423e-02 2.607800524936108432e-03 5.039277622940597536e-03 1.904089157587400549e-01 6.994106495345374652e-01 1.454950331584275482e-02
