
# dim_loc 4
# L 3
# n_dis 100
# hX 1.0
# alphas [0.025+0.04330127j 1.   +0.j         0.025-0.04330127j]
# lambd 0.9
# JZZ 1.0
# lambdas [0 1 0]
# hZ 1.0
# betas [0.  0.9 0. ]
# phi 1.0471975511965976
# eps	gap	shifted_gap	shifted_gap_2	log10_gap	log10_shifted_gap	log10_shifted_gap_2	ratio
9.118819655545162437e-04 9.817477042468088222e-02 2.470106764120176823e-01 6.027741751013504545e-09 -1.281295959308068610e+00 -9.447161755902491187e-01 -inf 3.629290530452810026e-01 2.337115987513910598e-32 5.356747086513105605e-02 4.778663305044928022e-16 1.906159811280084757e-02 3.568502485785863820e-01 nan 1.301699669206547727e-02
1.646520658858865093e-03 9.817477042468086834e-02 2.343746518909955168e-01 3.639645297037752334e-08 -1.276671273734806045e+00 -9.353045905180649155e-01 -inf 3.680067759254698201e-01 2.772376154945425792e-32 4.475508862020924350e-02 2.266708069853671488e-14 1.423039883358119193e-02 2.723113701074197923e-01 nan 1.234830394920857603e-02
2.973005698605357943e-03 9.817477042468088222e-02 2.128059268580468899e-01 4.760733544365014269e-07 -1.251734596261095955e+00 -9.040309008044864481e-01 -inf 3.813207617693306073e-01 2.316123351120089935e-32 2.800603970105159171e-02 8.665806067491680736e-12 1.200285292817703658e-02 1.716114572587062181e-01 nan 8.954658940239139039e-03
5.368145754129631519e-03 9.817477042468088222e-02 2.224757962191664384e-01 9.308931732456005534e-07 -1.254077950610079206e+00 -9.722531032965361364e-01 -inf 3.765877559940351005e-01 2.309190003320295897e-32 4.041117154552823637e-02 7.351321809745912711e-12 1.101965751173275901e-02 3.084189578980589541e-01 nan 9.313453589955231551e-03
9.692880458015281156e-03 9.817477042468088222e-02 2.660880934553617738e-01 4.805757867373666420e-06 -1.262265998490634811e+00 -8.346081976070707231e-01 -8.573878567581118659e+00 3.874037884823924305e-01 2.338271545480542984e-32 5.223911723639543953e-02 3.568462302436539810e-10 1.285374323330511041e-02 1.826663770834806855e-01 7.773260289103046672e-01 9.011970900404769197e-03
1.750174750771230428e-02 9.817477042468088222e-02 2.455275262865739827e-01 1.914182902592862000e-05 -1.235462408438879223e+00 -8.714272675549595837e-01 -7.592041241743084257e+00 3.989038568630906001e-01 2.363693820746454639e-32 4.375181963159763959e-02 1.559098343771782470e-09 1.002750711088169246e-02 2.259939345574087100e-01 8.233717912371989467e-01 7.969249825952810784e-03
3.160166548535295328e-02 9.817477042468088222e-02 2.324206702249859424e-01 1.771123465472207372e-04 -1.241777694358472850e+00 -9.198038809773548818e-01 -6.591589452462346621e+00 3.932455185714554546e-01 2.343471556330388717e-32 4.767733537153058532e-02 1.589980172173346394e-07 8.597911347990469522e-03 2.506484608755905064e-01 1.121089373139204648e+00 5.449441099465193207e-03
5.706088840603357887e-02 9.817477042468086834e-02 2.387452247046043530e-01 6.164825521921080218e-04 -1.225180477424189229e+00 -8.737675201212979914e-01 -5.625301222333026985e+00 4.150131531260447537e-01 2.753116855501553433e-32 4.557481653144562772e-02 1.289469332003142946e-06 7.726763958289526064e-03 1.886329729545487277e-01 9.757677954436893009e-01 5.335168410283581790e-03
1.030308034617642005e-01 9.817477042468088222e-02 2.275190426043677827e-01 1.534009619116199303e-03 -1.202083406882491046e+00 -8.942919493418277632e-01 -4.642970472221214173e+00 4.313216246898812778e-01 2.331915976664065138e-32 3.569732963709076889e-02 3.770277058776125838e-06 3.993185994960834866e-03 1.690218250986107729e-01 7.336324023396345595e-01 5.645139250024858862e-03
1.860354221343357706e-01 9.817477042468086834e-02 1.754250185249351113e-01 3.656171291371604522e-03 -1.174210317467491160e+00 -1.054581370964844389e+00 -3.927842494939820295e+00 4.493639686673006617e-01 2.744642763746249639e-32 3.267067150509715689e-02 2.059293712782030600e-05 4.376789257264345964e-03 1.983870815273835186e-01 7.970869893448760957e-01 5.620078402642733964e-03
3.359109812391624095e-01 9.817477042468086834e-02 1.291092603166728303e-01 1.128610609076553459e-02 -1.153973483103930109e+00 -1.182554895002941642e+00 -3.008499033379150589e+00 4.570650839277494715e-01 2.753116855501553433e-32 9.885438343557201649e-03 8.969695772654854237e-05 2.108977044862533554e-03 2.948839009680932488e-01 6.694412023020237523e-01 4.091571902714581481e-03
6.065306597126334243e-01 9.817477042468088222e-02 1.063833611440189869e-01 2.971874689433583530e-02 -1.115150086573072796e+00 -1.230391649132993370e+00 -2.163585258322942018e+00 4.937560627257947532e-01 2.337501173502788242e-32 4.515619206768840994e-03 4.870395329992634149e-04 8.353439381571808485e-04 2.276922600595536472e-01 6.278728052066321341e-01 3.209650781903167736e-03
