
# dim_loc 4
# L 2
# n_dis 100
# hX 1.0
# alphas [0.+0.j 1.+0.j 0.+0.j]
# lambd 1.0
# JZZ 1.0
# lambdas [0 1 0]
# hZ 1.0
# betas [0. 1. 0.]
# phi 1.0471975511965976
# eps	gap	shifted_gap	shifted_gap_2	log10_gap	log10_shifted_gap	log10_shifted_gap_2	ratio
9.118819655545162437e-04 3.926990816987235289e-01 4.142534693792400691e-01 4.852252367359977157e-07 -6.688988253579312149e-01 -5.720054431252815652e-01 -inf 3.433970240022148346e-01 3.822585753619785634e-31 1.049728077002199944e-01 7.908422868300143984e-12 4.358067422715326822e-02 2.000217676877749096e-01 nan 3.489661724463105630e-02
1.646520658858865093e-03 3.926990816987235289e-01 4.317417117663042148e-01 1.027757247838434456e-06 -6.937647281677040700e-01 -5.725131728350034699e-01 -inf 3.146263781527508518e-01 3.732914455409116037e-31 1.121342576504178318e-01 5.898158781887524704e-12 4.919904298848284951e-02 2.946781504169922461e-01 nan 3.611127512342036244e-02
2.973005698605357943e-03 3.926990816987235289e-01 3.823160412070638614e-01 2.482469857557067925e-06 -6.924907412477900870e-01 -6.461853527211215420e-01 -inf 3.157720956044139382e-01 3.746473002217602108e-31 1.016156718579485363e-01 2.352533360200716299e-11 5.828828813839330436e-02 2.748974254167427245e-01 nan 3.148105785588117128e-02
5.368145754129631519e-03 3.926990816987235289e-01 4.179130603247469544e-01 9.901578347344398203e-06 -6.736251786901468197e-01 -5.462827296218403239e-01 -inf 3.372679306081736161e-01 3.759415251443884385e-31 1.014331015001548597e-01 7.066638893579394898e-10 5.586203162858586341e-02 1.890576840146076520e-01 nan 3.678958610514586336e-02
9.692880458015281156e-03 3.926990816987235289e-01 3.936385094119137507e-01 2.440442740501535995e-05 -6.487138285947928740e-01 -6.255943175567006964e-01 -inf 3.756007640258747782e-01 3.760647846608292409e-31 1.084040788114559867e-01 5.946717155400878979e-10 2.942294876559804415e-02 2.450205244361644830e-01 nan 3.771719114676271023e-02
1.750174750771230428e-02 3.926990816987235289e-01 4.417038297229503030e-01 8.680229573189590815e-05 -6.532621116883424728e-01 -5.566658183965639273e-01 -inf 3.520758793310039825e-01 3.727059628378178910e-31 1.068439472730959156e-01 1.177051147797186243e-08 3.564928826404014511e-02 3.014458701696738352e-01 nan 3.091415931260504610e-02
3.160166548535295328e-02 3.926990816987234734e-01 4.427845649932344863e-01 2.678514359254408127e-04 -6.714086839956998620e-01 -5.179605404108869049e-01 -6.484238334507824497e+00 3.362960163016023296e-01 4.481407868995771572e-31 1.040518981982154895e-01 7.437873255791869972e-08 3.540895895802011889e-02 2.208896545072235873e-01 1.533752034968387301e+00 2.831413305216487139e-02
5.706088840603357887e-02 3.926990816987235289e-01 4.025753785040906418e-01 7.358121374028797320e-04 -6.235259824824216368e-01 -6.155531815107589955e-01 -5.653104610219648052e+00 3.810818153438744749e-01 3.736612240902339670e-31 1.063835933524201194e-01 4.841882328272239589e-07 2.311246754551723320e-02 2.376659637750971887e-01 1.189484297481830488e+00 2.993903461224328363e-02
1.030308034617642005e-01 3.926990816987235289e-01 4.203646288671463171e-01 2.455377206497228078e-03 -6.265773114808098621e-01 -5.320947946046878929e-01 -4.676811848524245363e+00 3.550308068145541784e-01 3.752944126830743465e-31 8.658039059937701343e-02 4.459871871235985486e-06 2.535883084753734820e-02 1.877869824553275169e-01 1.096132696295024633e+00 2.869981742952502218e-02
1.860354221343357706e-01 3.926990816987234734e-01 3.891907893678764330e-01 8.093213658428455998e-03 -5.960835589519424271e-01 -6.317407968534237694e-01 -3.695615028897669685e+00 3.995147483742311767e-01 4.429947020881744140e-31 9.868648971304061490e-02 6.725489176196460927e-05 1.978095705558638451e-02 2.638011754751395932e-01 1.143171454336393777e+00 2.584217792876922909e-02
3.359109812391624095e-01 3.926990816987235289e-01 4.249693363230486187e-01 2.740569206429042601e-02 -5.743631064741576697e-01 -6.078017269148464630e-01 -2.837620598463720611e+00 4.387799051578899490e-01 3.754793019577354844e-31 8.750760499701253081e-02 4.929029287651313495e-04 1.135727939651810445e-02 3.503414773775669899e-01 1.509758970178478155e+00 1.910931757294974387e-02
6.065306597126334243e-01 3.926990816987235289e-01 2.867002796749971716e-01 6.542170983644179927e-02 -5.514356454639743887e-01 -7.211908023709598936e-01 -1.986915078057475359e+00 4.152553681478275971e-01 3.760031549026088178e-31 4.077662752390238954e-02 3.378251568853104896e-03 6.285785582809368804e-03 1.465005605151121770e-01 5.830781186737096222e-01 1.728502718520858947e-02
