
# dim_loc 4
# L 5
# n_dis 100
# JZZ 1.0
# hZ 1.0
# hX 1.0
# alphas [ 0.+0.j  1.+0.j  0.+0.j]
# betas [ 0.  1.  0.]
# lambdas [0 1 0]
# phi 1.0471975511965976
# lambd 1.0
# eps	gap	shifted_gap	shifted_gap_2	log10_gap	log10_shifted_gap	log10_shifted_gap_2	ratio
9.118819655545162437e-04 6.135923151542555139e-03 8.709762332770010218e-02 3.426816122531484154e-14 -2.470509972676291799e+00 -1.469069003817125685e+00 -inf 3.812400862163465298e-01 9.197067800833577462e-35 1.396481204515939538e-02 7.830135538007535101e-27 6.859267476203536294e-03 2.713803567807109851e-01 nan 2.987110396164313012e-03
1.646520658858865093e-03 6.135923151542554271e-03 5.997631309393394727e-02 1.570033073168552980e-11 -2.464718658129244844e+00 -1.621887896653345429e+00 -inf 3.830300843441771796e-01 1.086420090894377824e-34 6.914994606586967116e-03 1.715829573897775251e-20 6.313946803670485164e-03 2.586454736594053783e-01 nan 2.775136972969791203e-03
2.973005698605357943e-03 6.135923151542555139e-03 7.635657694136703533e-02 6.550123054192835330e-11 -2.461416819489746111e+00 -1.537574946493777572e+00 -inf 3.874934409364999555e-01 9.113560682151162201e-35 1.306276200748623072e-02 1.119001656596786737e-19 6.885315586083363623e-03 2.616305335371000296e-01 nan 2.963636337302654085e-03
5.368145754129631519e-03 6.135923151542554271e-03 6.368510999734811051e-02 1.392409346330503297e-10 -2.450437169394839021e+00 -1.617094274845118251e+00 -inf 3.912229335410306597e-01 1.084388836656156834e-34 7.656596972958051688e-03 3.069757749717670080e-19 3.516961375992636203e-03 2.673169246368670704e-01 nan 1.826411732522582529e-03
9.692880458015281156e-03 6.135923151542555139e-03 7.094737864521465098e-02 1.540975803392477478e-09 -2.466518609329404921e+00 -1.558796422658001779e+00 -inf 3.834102272723209359e-01 9.045852207543798012e-35 7.368701702850196517e-03 1.978664175247399873e-17 5.082937536674300531e-03 2.784830728991611326e-01 nan 2.468827169429512348e-03
1.750174750771230428e-02 6.135923151542555139e-03 8.155149240219347617e-02 7.098691428530403441e-08 -2.456488276861376718e+00 -1.519473397159852635e+00 -inf 3.919938805531852921e-01 9.060146218849797927e-35 1.325903277340838120e-02 1.298827699396270401e-13 2.756367107321885338e-03 3.096888616170475061e-01 nan 1.254150231779760415e-03
3.160166548535295328e-02 6.135923151542554271e-03 8.349669237298719404e-02 8.227416659444767015e-07 -2.459908249808163028e+00 -1.524403028992388665e+00 -inf 3.863920179509252040e-01 1.084087910102346389e-34 1.181973974378577527e-02 4.870979009183538227e-12 2.166367561802169227e-03 3.402346335083316076e-01 nan 7.410966295483634256e-04
5.706088840603357887e-02 6.135923151542555139e-03 6.684945627812176328e-02 6.834930382436689399e-06 -2.457569221349316102e+00 -1.556690717636213028e+00 -inf 3.874547534963515560e-01 9.096257405307057829e-35 7.671947654724366877e-03 2.397031723686341312e-10 1.060965129303520450e-03 2.301318925981686303e-01 nan 4.027964774804234965e-04
1.030308034617642005e-01 6.135923151542554271e-03 6.446649501702961249e-02 4.061025826934382414e-05 -2.453344074878271552e+00 -1.608930761652628050e+00 -inf 3.924911548356881941e-01 1.075285808403389194e-34 9.642306644664217635e-03 9.608135614986450659e-09 7.651258272267785765e-04 2.443583592862411114e-01 nan 3.542172685541267857e-04
1.860354221343357706e-01 6.135923151542555139e-03 5.752237148533432404e-02 2.901604623639935819e-04 -2.441777273561535289e+00 -1.613686139205881220e+00 -inf 3.956522075928509685e-01 9.107542151074952217e-35 5.844533812021410028e-03 2.218980604156260693e-07 5.002972094413565352e-04 2.124590842979356964e-01 nan 3.456334121639526285e-04
3.359109812391624095e-01 6.135923151542555139e-03 2.819560525148191721e-02 1.039723937515672292e-03 -2.420475163889744152e+00 -1.808957884240608216e+00 -inf 4.092366050431229252e-01 9.198572433602629691e-35 5.462815512855663741e-04 1.284598266238750224e-06 1.729000612826356136e-03 1.083719207757619235e-01 nan 9.434297681568006152e-04
6.065306597126334243e-01 6.135923151542555139e-03 1.863759040776710729e-02 2.491191711868981102e-03 -2.371582911454688691e+00 -1.933785127366254519e+00 -3.660963544036446748e+00 4.473521631026265988e-01 9.127854693457161046e-35 8.395172751964783363e-05 3.410947735328992543e-06 2.450045656357202183e-03 4.383672165386347241e-02 1.278308244941063432e+00 2.123656136176310053e-03
