
# dim_loc 4
# L 3
# n_dis 100
# hX 1.0
# alphas [0.+0.j 1.+0.j 0.+0.j]
# lambd 1.0
# JZZ 1.0
# lambdas [0 1 0]
# hZ 1.0
# betas [0. 1. 0.]
# phi 1.0471975511965976
# eps	gap	shifted_gap	shifted_gap_2	log10_gap	log10_shifted_gap	log10_shifted_gap_2	ratio
9.118819655545162437e-04 9.817477042468088222e-02 2.722638693449694891e-01 9.317998793390013694e-09 -1.284295121093463443e+00 -8.240491329193407877e-01 -inf 3.681503752465245527e-01 2.339041917458297998e-32 5.217508168712076816e-02 1.799674767711659116e-15 2.476200598020056667e-02 2.099993489287103055e-01 nan 1.686531932354013233e-02
1.646520658858865093e-03 9.817477042468086834e-02 2.438888557078447150e-01 4.131725710815326078e-08 -1.275444097000653754e+00 -8.740598095941911616e-01 -inf 3.778840983156013800e-01 2.785279885572820578e-32 4.141401477184251251e-02 2.271929251906576581e-14 2.500334113401339944e-02 1.852135576505467285e-01 nan 1.617082751482463651e-02
2.973005698605357943e-03 9.817477042468088222e-02 2.741158231794362798e-01 2.665516580467597064e-07 -1.302438264168618742e+00 -8.040420553533007553e-01 -inf 3.456467561876728767e-01 2.337115987513910598e-32 4.474040978684851871e-02 1.142022736700558796e-12 2.930802538631259446e-02 2.320806176207689531e-01 nan 1.199597230264724812e-02
5.368145754129631519e-03 9.817477042468088222e-02 2.673534930055154191e-01 8.831507009081362779e-07 -1.279006783301849692e+00 -8.089372356895155880e-01 -inf 3.717813783320824683e-01 2.311693712247999216e-32 3.874767534218221537e-02 3.412720356782827126e-12 2.294607148370906777e-02 1.814209066439161078e-01 nan 1.130197296855806749e-02
9.692880458015281156e-03 9.817477042468088222e-02 2.952096605615027736e-01 6.565071181353076796e-06 -1.288420895497776497e+00 -8.049407060411342130e-01 -inf 3.668790998931819036e-01 2.304760364448205178e-32 5.898828828061592616e-02 1.806904360823784694e-10 1.933828881908295633e-02 2.470809928578279469e-01 nan 1.083992757859403300e-02
1.750174750771230428e-02 9.817477042468088222e-02 2.725064840703009250e-01 2.349633109780008305e-05 -1.279917623549940986e+00 -8.397298839961621075e-01 -inf 3.842023420169969894e-01 2.351175276107937497e-32 5.450766850301793504e-02 3.123433466262974376e-09 1.741494816068649143e-02 2.261029165708881850e-01 nan 1.316574868743552833e-02
3.160166548535295328e-02 9.817477042468088222e-02 2.508064963765820887e-01 7.048283356576396036e-05 -1.262215824848917034e+00 -8.715661824565877902e-01 -inf 3.762839172151442035e-01 2.320167804003303010e-32 4.330720838195108169e-02 2.814489463077160952e-08 1.723325420545991637e-02 2.201532141635513529e-01 nan 8.406824922880667961e-03
5.706088840603357887e-02 9.817477042468086834e-02 2.553694397386563897e-01 3.989289194766335034e-04 -1.244922724685443960e+00 -8.777996421857264808e-01 -inf 4.052465943179454633e-01 2.754272413468185818e-32 4.348276702106440572e-02 5.832242454837363312e-07 1.232110095472877670e-02 2.760272668262803153e-01 nan 7.143604804673024840e-03
1.030308034617642005e-01 9.817477042468088222e-02 2.282165246248635815e-01 1.019752783029436284e-03 -1.236915905014745132e+00 -8.890423157906642837e-01 -6.229627506889605648e+00 3.837629824233625975e-01 2.343856742319266088e-32 2.954316609626135223e-02 1.608015935004602770e-06 8.057827969864006859e-03 2.037785984001000972e-01 1.830717325594863887e+00 6.106439101052329663e-03
1.860354221343357706e-01 9.817477042468088222e-02 2.109429451285329271e-01 4.404121218907756929e-03 -1.220555787373516443e+00 -9.647992741068195377e-01 -4.692599139662114283e+00 4.041316870913754244e-01 2.346360451246969407e-32 3.432729813451709105e-02 2.264564013076549688e-05 5.329470852894611053e-03 2.217667747046577764e-01 1.671071926439224198e+00 4.148182705489605361e-03
3.359109812391624095e-01 9.817477042468086834e-02 1.528769053039664150e-01 1.134149363482894052e-02 -1.200120698084088833e+00 -1.059680688082090816e+00 -3.697462137457878217e+00 4.137770861723353288e-01 2.794524349305879113e-32 1.371576963064203430e-02 1.321414823406840842e-04 4.108670889435222552e-03 1.409208466410113436e-01 1.710654272352706728e+00 4.097558640392242116e-03
6.065306597126334243e-01 9.817477042468088222e-02 1.051742857929889446e-01 3.006896034449452540e-02 -1.157784250642301282e+00 -1.190217008183696912e+00 -2.460506800613432077e+00 4.421198254603133093e-01 2.312849270214631602e-32 3.924549893870956686e-03 6.076966941489213032e-04 3.791220388941972472e-03 7.391479788663013473e-02 8.213299958558176739e-01 4.236377268679561610e-03
