
# dim_loc 4
# L 5
# n_dis 100
# JZZ 1.0
# hZ 1.0
# hX 1.0
# alphas [ 0.025+0.04330127j  1.000+0.j          0.025-0.04330127j]
# betas [ 0.   0.9  0. ]
# lambdas [0 1 0]
# phi 1.0471975511965976
# lambd 0.9
# eps	gap	shifted_gap	shifted_gap_2	log10_gap	log10_shifted_gap	log10_shifted_gap_2	ratio
9.118819655545162437e-04 6.135923151542554271e-03 6.950656779713494660e-02 1.904714060085854643e-13 -2.460936665883296737e+00 -1.562862196227873479e+00 -inf 3.873683745950400326e-01 1.075135345126483864e-34 7.199269239760595386e-03 7.169099832547909538e-25 8.710034228947166092e-04 2.701846773292487791e-01 nan 3.496552080527774655e-04
1.646520658858865093e-03 6.135923151542555139e-03 6.339605935958274319e-02 1.444570131917122222e-12 -2.458769512757099651e+00 -1.590138058748456151e+00 -inf 3.878944588464831589e-01 9.034567461775904694e-35 8.519791621247942495e-03 7.349818650153000598e-23 1.235368082366552524e-03 2.501105242828963737e-01 nan 3.521979331967926841e-04
2.973005698605357943e-03 6.135923151542554271e-03 6.709339401733550867e-02 2.182569141043200250e-11 -2.457957316114094848e+00 -1.567171762884612241e+00 -inf 3.884892603451912674e-01 1.074984881849578534e-34 8.674534565849446530e-03 4.050812266589046038e-21 8.954137222677701832e-04 2.405652286067072876e-01 nan 3.094537737000261452e-04
5.368145754129631519e-03 6.135923151542555139e-03 5.863375280546054974e-02 1.849646422222989264e-10 -2.456654209886651063e+00 -1.623240793871688625e+00 -inf 3.915458036542145415e-01 9.143653337532213188e-35 5.392379494354630244e-03 3.575057839798564305e-19 7.905789388802959968e-04 2.231874106740167341e-01 nan 3.545708617138285091e-04
9.692880458015281156e-03 6.135923151542555139e-03 4.905575609666998349e-02 9.689673735576235409e-09 -2.456886851088511126e+00 -1.661772005360565796e+00 -inf 3.886876784286601438e-01 9.097762038076111127e-35 4.633165047276696299e-03 1.472070132817864847e-15 7.490745917110485036e-04 1.958185673336899080e-01 nan 3.549967771851842108e-04
1.750174750771230428e-02 6.135923151542555139e-03 6.155610041779054076e-02 3.447814064010384021e-07 -2.448793415149232988e+00 -1.654011253025139405e+00 -inf 3.888103847002499225e-01 9.115065314920214429e-35 6.412580059489267868e-03 7.764598093334865358e-12 5.170650503026893519e-04 3.854271754091734281e-01 nan 2.682589857387802663e-04
3.160166548535295328e-02 6.135923151542554271e-03 6.740818314397889477e-02 1.266164164078140133e-06 -2.448021713911437303e+00 -1.561609958686688726e+00 -inf 3.941233255841034566e-01 1.082658508971746504e-34 6.661121865967133820e-03 1.264657842546463268e-11 6.334754491912005002e-04 2.565313917580278602e-01 nan 3.908610077523637437e-04
5.706088840603357887e-02 6.135923151542555139e-03 6.117379897629755120e-02 8.049680210077003959e-06 -2.439189482360903494e+00 -1.597324796788294421e+00 -7.699805373630811189e+00 3.962526861997296979e-01 9.077449495693901229e-35 7.186965804289912468e-03 3.477014668320925710e-10 7.328009035766050623e-04 2.186927368734860599e-01 1.231566952588939667e+00 3.649431228446433717e-04
1.030308034617642005e-01 6.135923151542555139e-03 5.305750540719084141e-02 6.588229506915326472e-05 -2.425761867188395371e+00 -1.658739757367215795e+00 -6.271352964652627371e+00 4.038165605290061078e-01 9.078954128462954527e-35 4.318805674581547085e-03 2.169533211116070963e-08 4.751533996758470200e-04 2.593778365556131948e-01 1.313325130982712530e+00 4.046684411729373839e-04
1.860354221343357706e-01 6.135923151542554271e-03 4.925412407962419248e-02 3.574992864449763543e-04 -2.404856219956136965e+00 -1.739841794076373738e+00 -5.034635074890476680e+00 4.233246669218236335e-01 1.087999955301883038e-34 4.944860194327682992e-03 2.618299893546421294e-07 1.097289790448975361e-03 2.911419400458667428e-01 1.462426275853112800e+00 1.251453605249680696e-03
3.359109812391624095e-01 6.135923151542555139e-03 2.967485219434775126e-02 1.235463521372122354e-03 -2.351351475601112018e+00 -1.842468825369047991e+00 -3.687525491482245066e+00 4.723149739355076981e-01 9.063155484387902384e-35 1.404002043091763996e-03 1.103055517266234283e-06 1.313659672126830978e-03 1.476810611610634150e-01 5.985947564777718277e-01 1.828592700053265985e-03
6.065306597126334243e-01 6.135923151542554271e-03 1.477287602008590592e-02 2.224297084846962435e-03 -2.296204002786383480e+00 -2.075132149258612557e+00 -3.098753298916428367e+00 5.461233620794924137e-01 1.089579819709388253e-34 8.299427095026595217e-05 2.536182756572697274e-06 9.011846763730878241e-04 9.037757466522425287e-02 2.881140365333244024e-01 2.004021661062998973e-03
