
# dim_loc 4
# L 4
# n_dis 100
# JZZ 1.0
# hZ 1.0
# hX 1.0
# alphas [ 0.025+0.04330127j  1.000+0.j          0.025-0.04330127j]
# betas [ 0.   0.9  0. ]
# lambdas [0 1 0]
# phi 1.0471975511965976
# lambd 0.9
# eps	gap	shifted_gap	shifted_gap_2	log10_gap	log10_shifted_gap	log10_shifted_gap_2	ratio
9.118819655545162437e-04 2.454369260617022055e-02 1.173556918360009749e-01 1.523703867939429796e-11 -1.850282624205553450e+00 -1.321145408698208623e+00 -inf 3.888857571896194298e-01 1.463706757734299180e-33 1.612474322805182089e-02 3.752824951135414604e-21 3.609881476578297339e-03 2.812248101305757642e-01 nan 1.585826953990022645e-03
1.646520658858865093e-03 2.454369260617022055e-02 1.133966639966958456e-01 4.213030341260193268e-10 -1.873906642687961144e+00 -1.280634461626456444e+00 -inf 3.816619332210756110e-01 1.482123462827502136e-33 1.716353068392047210e-02 7.755490047929577306e-18 7.805594873975410172e-03 2.162338387055207645e-01 nan 2.180027840256542476e-03
2.973005698605357943e-03 2.454369260617022055e-02 1.031429950454502142e-01 1.963704261004339647e-09 -1.860498904905979689e+00 -1.332906880057504129e+00 -inf 3.818736910626550629e-01 1.445049311398047867e-33 1.247691706981584464e-02 5.027701509002372361e-17 5.878822420800425448e-03 2.631242172946602897e-01 nan 2.159134324641460469e-03
5.368145754129631519e-03 2.454369260617021709e-02 1.175709295585190411e-01 3.328178449106544912e-08 -1.854387540926647038e+00 -1.232949876052275684e+00 -inf 3.940848509876595518e-01 1.729003607573640823e-33 1.396671597632034682e-02 2.717974950613483718e-14 4.336216696321919771e-03 1.848787627760541674e-01 nan 1.606208006703181441e-03
9.692880458015281156e-03 2.454369260617021709e-02 1.151540526676963633e-01 1.214031235886522847e-07 -1.847542174878875398e+00 -1.293722790230222852e+00 -inf 3.952673536968085433e-01 1.738512886674053046e-33 1.368954055598907253e-02 1.062505831089462767e-13 5.009281538575600760e-03 2.630639483749130925e-01 nan 1.466028519178901122e-03
1.750174750771230428e-02 2.454369260617021709e-02 1.114790164042476495e-01 7.610293050095904241e-07 -1.845820513381209116e+00 -1.270931428545599262e+00 -inf 3.912005771174702495e-01 1.729003607573640823e-33 1.253721776655274643e-02 1.803826088616593420e-12 3.947627175034622640e-03 1.997845824538904691e-01 nan 1.497983552150215130e-03
3.160166548535295328e-02 2.454369260617022055e-02 1.047279514296802494e-01 6.605527113289523590e-06 -1.839356693792806530e+00 -1.348479145980846061e+00 -8.012718807213499161e+00 3.971417648358465113e-01 1.445290052641096223e-33 1.907159813142834948e-02 2.844234984576956040e-10 3.860203622971841199e-03 2.354771044443693118e-01 1.076726822316931953e+00 1.468248045376584774e-03
5.706088840603357887e-02 2.454369260617021709e-02 1.311683131443779626e-01 5.277927108398999676e-05 -1.825375141629064890e+00 -1.233531353826986310e+00 -6.660204200601517854e+00 4.078789894942153049e-01 1.728522125087544110e-33 2.697488489273336051e-02 1.083487675403716119e-08 2.764467294775420272e-03 2.207870099376306461e-01 9.366681969075937308e-01 1.666681023018398971e-03
1.030308034617642005e-01 2.454369260617021709e-02 1.210391924187809026e-01 2.853967873808856332e-04 -1.815677040497456485e+00 -1.285331051235254485e+00 -5.570886993374256413e+00 4.132665946468312423e-01 1.723225817740479238e-33 1.931088705717651233e-02 2.215338475738557207e-07 1.698544446134737191e-03 2.544016566767298704e-01 1.214039040642604039e+00 1.548540853388800757e-03
1.860354221343357706e-01 2.454369260617021709e-02 7.713950446752015910e-02 8.859644392375372280e-04 -1.795909068438205081e+00 -1.410948540744684898e+00 -4.504359846405735723e+00 4.222136799046146693e-01 1.744049935264166103e-33 7.003192012383839711e-03 9.152316998054088410e-07 1.396363872257474006e-03 1.642477452657925552e-01 7.139017188873837405e-01 1.355783389945291496e-03
3.359109812391624095e-01 2.454369260617022055e-02 6.443105307470693710e-02 3.585782216723750956e-03 -1.752459529545917771e+00 -1.511823474783548615e+00 -3.496528805344635948e+00 4.611532542579619420e-01 1.458169709144185952e-33 4.185619529510214119e-03 1.211011201814898936e-05 1.152323980956202788e-03 1.731978215649946362e-01 8.580509034421267556e-01 2.254202694775254544e-03
6.065306597126334243e-01 2.454369260617022055e-02 3.862650705025202219e-02 7.749271833426910235e-03 -1.714638255840734704e+00 -1.637386362657939909e+00 -2.686057146457323519e+00 5.133132817234781209e-01 1.455641926092177780e-33 4.640923625871775553e-04 3.722985314274946533e-05 1.095486866851943207e-03 7.834738967974608226e-02 3.400764215581443817e-01 2.329395041257776872e-03
