
# dim_loc 4
# L 4
# n_dis 100
# JZZ 1.0
# hZ 1.0
# hX 1.0
# alphas [ 0.25+0.4330127j  1.00+0.j         0.25-0.4330127j]
# betas [ 0.  0.  0.]
# lambdas [0 1 0]
# phi 1.0471975511965976
# lambd 0.0
# eps	gap	shifted_gap	shifted_gap_2	log10_gap	log10_shifted_gap	log10_shifted_gap_2	ratio
9.118819655545162437e-04 2.454369260617022055e-02 1.762453669985897344e-11 1.762535492555450286e-11 -1.846444966289612744e+00 -inf -inf 3.981096821195525548e-01 1.458651191630282836e-33 4.346708320153231985e-21 4.346713397322076157e-21 3.362622813292517540e-03 nan nan 1.796171922249110899e-03
1.646520658858865093e-03 2.454369260617022055e-02 1.194580491990782028e-10 1.194592263997762343e-10 -1.862257944446035651e+00 -inf -inf 3.735116406546690193e-01 1.457928967901137596e-33 1.155978952125361708e-19 1.155981519331164250e-19 4.743738835283679844e-03 nan nan 3.517571106485163288e-03
2.973005698605357943e-03 2.454369260617021709e-02 1.572501075281992933e-09 1.572512578103257791e-09 -1.858599622112048655e+00 -inf -inf 3.916204303998197522e-01 1.740077704753867621e-33 4.847621509873437765e-17 4.847636881104268069e-17 4.074442878153734793e-03 nan nan 2.213772969073913698e-03
5.368145754129631519e-03 2.454369260617022055e-02 1.913986665442145177e-08 1.914092026607250413e-08 -1.865218705206743932e+00 -inf -inf 3.783370741646991942e-01 1.465993799543259166e-33 2.660916768280037937e-15 2.661057219791787661e-15 3.691553517193091934e-03 nan nan 2.813757548723504632e-03
9.692880458015281156e-03 2.454369260617021709e-02 2.072075342587822390e-07 2.072584195403348637e-07 -1.852717888268715862e+00 -inf -inf 3.871473603529569374e-01 1.729485090059737878e-33 3.584092073087256324e-13 3.584450945135249623e-13 3.189049091467118392e-03 nan nan 2.670621256571629586e-03
1.750174750771230428e-02 2.454369260617021709e-02 1.464154651582292193e-06 1.464526549229475176e-06 -1.846063117425728928e+00 -7.537915130098083338e+00 -9.004078510292497839e+00 3.903332839008312738e-01 1.729485090059737878e-33 3.194025438776818287e-11 3.194748675717204543e-11 3.241971697307884353e-03 8.125133512161122340e-01 8.315261139933944889e-01 3.057300743202581283e-03
3.160166548535295328e-02 2.454369260617021709e-02 6.754195047565568971e-06 6.760101602463347739e-06 -1.853434328912144879e+00 -6.494902017902520974e+00 -7.683087172724700764e+00 3.814005784607891192e-01 1.746096235830077733e-33 2.650917033692611479e-10 2.655219646119512681e-10 2.815632414521044430e-03 7.770650721387271087e-01 7.934361653566037731e-01 2.523738162541177762e-03
5.706088840603357887e-02 2.454369260617021709e-02 5.304623109527759837e-05 5.224892677445628942e-05 -1.840770529111986686e+00 -5.486924822154874093e+00 -6.422337922949298061e+00 3.915445718549490639e-01 1.760901822277554485e-33 7.559373805522972553e-09 7.159943423120466817e-09 2.251125461488426988e-03 8.019932977579380395e-01 8.224033405407230601e-01 2.041345080395389963e-03
1.030308034617642005e-01 2.454369260617022055e-02 2.550453392770829584e-04 2.569266325127419841e-04 -1.826812606203623401e+00 -4.660564540722195837e+00 -5.307607606987029492e+00 4.032791712712276433e-01 1.455401184849129253e-33 1.018820685594555941e-07 1.052248823811564086e-07 1.476142305484222069e-03 9.233670811344885099e-01 9.901381334463209560e-01 1.530492059457798327e-03
1.860354221343357706e-01 2.454369260617022055e-02 1.318073603230492151e-03 1.331208152819302526e-03 -1.799344006882670710e+00 -3.741194724687602502e+00 -4.080097726899595934e+00 4.224913487772227194e-01 1.466234540786307523e-33 2.444593538926697161e-06 2.490383945060526017e-06 1.651596394037117789e-03 8.133817573242777543e-01 8.978082572950434326e-01 2.391688460325425234e-03
3.359109812391624095e-01 2.454369260617022055e-02 3.466728569725126968e-03 3.573196430303023519e-03 -1.752015484511166399e+00 -3.029425662468744562e+00 -3.103847633853391130e+00 4.726838446602560917e-01 1.468280841352218981e-33 1.248997302023715209e-05 9.542056560584015297e-06 2.437390528055991077e-03 4.462973417702436607e-01 4.390818975413310343e-01 2.528964428371447987e-03
6.065306597126334243e-01 2.454369260617021709e-02 7.283890323703573824e-03 8.387473206368074863e-03 -1.684286979928776073e+00 -2.481045816712577512e+00 -2.409914729253200161e+00 5.577708822038438541e-01 1.746096235830077733e-33 1.886604846055145435e-05 2.144757901224976032e-05 8.852915724109029294e-04 2.350210387547641555e-01 2.184793158505884958e-01 2.259878706017451853e-03
