
# dim_loc 4
# L 2
# n_dis 100
# hX 1.0
# alphas [0.225+0.38971143j 1.   +0.j         0.225-0.38971143j]
# lambd 0.1
# JZZ 1.0
# lambdas [0 1 0]
# hZ 1.0
# betas [0.  0.1 0. ]
# phi 1.0471975511965976
# eps	gap	shifted_gap	shifted_gap_2	log10_gap	log10_shifted_gap	log10_shifted_gap_2	ratio
9.118819655545162437e-04 3.926990816987234734e-01 1.447689358655167118e-02 1.758250015476692209e-07 -5.831347516996607805e-01 -2.395893440830663135e+00 -inf 4.051777145584942730e-01 4.391428421993999422e-31 3.516068816209332883e-04 3.886886007350212695e-14 1.476975197387891958e-02 5.404558850718729213e-01 nan 2.021096650091495223e-02
1.646520658858865093e-03 3.926990816987235289e-01 1.686667309385069674e-02 1.715944831561233496e-06 -5.953583745051926890e-01 -2.198827572298271082e+00 -9.256234759124053468e+00 3.973138812275495702e-01 3.768351566385841352e-31 3.054744838224970633e-04 9.236021942119414654e-11 1.991775406438390031e-02 3.834901481696841863e-01 4.882112061737062247e-01 1.715083376964271142e-02
2.973005698605357943e-03 3.926990816987234734e-01 1.504773432732773274e-02 3.128711354705715351e-06 -5.721268585686499764e-01 -2.156338792517576319e+00 -inf 4.055484940229018287e-01 4.456447816916512925e-31 2.308715412810284683e-04 2.391092229546063048e-11 1.523397986965503194e-02 2.259609239959438631e-01 nan 2.055410921504868121e-02
5.368145754129631519e-03 3.926990816987234734e-01 1.727587305987308627e-02 9.779563177004790898e-06 -5.756728534966253363e-01 -2.146296229892565854e+00 -7.710302770437955644e+00 4.175428836158392443e-01 4.383724702216450479e-31 2.869151849473198287e-04 1.274942243098716538e-10 1.762174741164983238e-02 3.568833822818253676e-01 5.114733302089172762e-01 2.527033926621796364e-02
9.692880458015281156e-03 3.926990816987234734e-01 1.691895708322934538e-02 3.196182429806071804e-05 -6.105952871740981669e-01 -2.163502833594045605e+00 -6.905094192695119482e+00 3.937404108356629684e-01 4.412074390997831081e-31 2.945543274091081114e-04 1.536694467861094418e-09 2.268988376732067672e-02 3.078588152650494347e-01 5.443900329587954001e-01 1.805661886658280202e-02
1.750174750771230428e-02 3.926990816987234734e-01 1.448191178369344183e-02 8.301697098157478590e-05 -5.832757948203695086e-01 -2.258091288509119554e+00 -6.283299207696831701e+00 3.866151763433325339e-01 4.455831519334308694e-31 2.063656920074688451e-04 9.972780647327698492e-09 1.443213320438512665e-02 4.070049140471376781e-01 5.646383201756004500e-01 1.875268168388044901e-02
3.160166548535295328e-02 3.926990816987234734e-01 1.469567400958957451e-02 2.339093394919505831e-04 -5.723167377556753754e-01 -2.292665857511448024e+00 -5.592104221315926438e+00 4.199989292036957478e-01 4.404370671220282138e-31 2.292304513675403482e-04 5.301658144187283529e-08 2.037619398223002726e-02 5.157709794676834658e-01 5.741407195881254033e-01 2.047995897537021465e-02
5.706088840603357887e-02 3.926990816987235289e-01 1.630212692579343856e-02 8.963911946042363342e-04 -5.989572048958438089e-01 -2.219210841470502071e+00 -4.752936547168379100e+00 3.678453621229316739e-01 3.760031549026088178e-31 2.843429760656063059e-04 6.250400185763014738e-07 2.136254479002731507e-02 4.315233832304920525e-01 5.770837590322396293e-01 1.846311091120612577e-02
1.030308034617642005e-01 3.926990816987235289e-01 1.493979056615286211e-02 3.165760880975375217e-03 -5.643448972386682083e-01 -2.229897910217516266e+00 -3.822783509287993819e+00 4.139541666010597698e-01 3.732298157826912244e-31 2.455466445954636182e-04 9.706741617057952558e-06 1.235377780136090280e-02 3.166513804572311241e-01 4.070039995989073178e-01 1.846599887215600796e-02
1.860354221343357706e-01 3.926990816987235289e-01 1.449655628374419726e-02 7.852793947111557857e-03 -5.636750976904412180e-01 -2.383492630825834624e+00 -3.283158773241789063e+00 3.892255992695934363e-01 3.740001877604461188e-31 2.105383783873360269e-04 5.939804180382365022e-05 1.072350370986720203e-02 3.971013017834854053e-01 5.811439795205020076e-01 1.669143671687475794e-02
3.359109812391624095e-01 3.926990816987234734e-01 2.534016122718702954e-02 2.531849153500286345e-02 -5.558115473262724704e-01 -1.904209389297079946e+00 -2.369595146278914655e+00 4.423232329817373687e-01 4.471855256471610812e-31 4.462923534568598522e-04 4.708065921523170265e-04 1.729086388474584957e-02 2.320960323937105163e-01 2.998139189873004762e-01 1.782553489606119104e-02
6.065306597126334243e-01 3.926990816987234734e-01 6.020775036353444992e-02 6.678817555210052326e-02 -5.163813190080722704e-01 -1.489281819390303019e+00 -1.735432354890357187e+00 4.734500890905555259e-01 4.473704149218222629e-31 1.833500412795149685e-03 2.320945204912579132e-03 4.806915492703389518e-03 2.989952615828813665e-01 3.725507136225529314e-01 1.203257345829560586e-02
