
# dim_loc 4
# L 4
# n_dis 100
# JZZ 1.0
# hZ 1.0
# hX 1.0
# alphas [ 0.225+0.38971143j  1.000+0.j          0.225-0.38971143j]
# betas [ 0.   0.1  0. ]
# lambdas [0 1 0]
# phi 1.0471975511965976
# lambd 0.1
# eps	gap	shifted_gap	shifted_gap_2	log10_gap	log10_shifted_gap	log10_shifted_gap_2	ratio
9.118819655545162437e-04 2.454369260617021709e-02 9.432459391963603310e-04 7.154298698602845877e-11 -1.860000624396514368e+00 -4.022706917743342991e+00 -inf 3.834582436239597492e-01 1.726235083278584294e-33 1.222461373081573832e-06 1.299294443362314144e-19 1.985033335442412759e-03 7.836234498437647522e-01 nan 1.740065021008532211e-03
1.646520658858865093e-03 2.454369260617022055e-02 1.112933474051188039e-03 8.800736077396731361e-10 -1.850316036677414733e+00 -3.974010343949917701e+00 -inf 3.830470318210919545e-01 1.461178974682291008e-33 1.545287518232831449e-06 1.027655635006502275e-17 2.169724548681996150e-03 8.107967644651872252e-01 nan 1.562204067792641489e-03
2.973005698605357943e-03 2.454369260617022055e-02 8.502399861968495823e-04 6.054960480471327114e-09 -1.843357785504835311e+00 -4.187860597029540166e+00 -inf 3.926196109768382847e-01 1.468040100109170454e-33 9.960079198053681425e-07 5.610581230618467860e-16 2.126135150349961998e-03 9.566610450467220028e-01 nan 1.720725047711807150e-03
5.368145754129631519e-03 2.454369260617022055e-02 1.058819731477191875e-03 1.383745805772287917e-07 -1.839078216922413578e+00 -4.052955319321015715e+00 -inf 3.971190939752370364e-01 1.444808570154999510e-33 1.595028253022531154e-06 3.875235207468846406e-13 1.991830399603238943e-03 1.017817137459006371e+00 nan 2.080276025735021145e-03
9.692880458015281156e-03 2.454369260617022055e-02 9.992642078831119080e-04 5.848910453730427570e-07 -1.849690739955928587e+00 -4.172090082252583265e+00 -inf 3.886014344936375431e-01 1.449864136259016025e-33 1.634937983785340828e-06 3.164120473913289777e-12 2.055791092983564813e-03 1.214969392926964042e+00 nan 1.542988331485051559e-03
1.750174750771230428e-02 2.454369260617021709e-02 1.118115807055888519e-03 7.430501705990126447e-06 -1.838893836573530782e+00 -3.964273491817501327e+00 -8.417245273169051245e+00 3.974895714420274007e-01 1.723225817740479238e-33 2.218498821441690285e-06 6.208686254261302853e-10 1.601457236352653302e-03 6.012797534149622036e-01 1.006754458031552613e+00 1.877869440797923012e-03
3.160166548535295328e-02 2.454369260617021709e-02 9.280019786211150465e-04 2.010780404526544250e-05 -1.833744787640009477e+00 -4.031169750237781457e+00 -7.307204707894352502e+00 4.012400447438014273e-01 1.722985076497430711e-33 1.398984813776225585e-06 3.692869476379533905e-09 1.914733787558049651e-03 6.117523187150634145e-01 8.510788725169881053e-01 1.514823423078705744e-03
5.706088840603357887e-02 2.454369260617022055e-02 8.608226896875809369e-04 7.244270898195609226e-05 -1.828196194146823661e+00 -4.106068667045427389e+00 -6.288615306910726233e+00 3.971019669778200756e-01 1.442762269589088052e-33 1.116599626378762164e-06 1.749129196262718718e-08 1.560715768031282731e-03 8.523174868833681694e-01 1.043063246286034529e+00 1.778419080257104615e-03
1.030308034617642005e-01 2.454369260617022055e-02 1.512687142577542844e-03 4.671769748987666688e-04 -1.805586457744207785e+00 -3.611346175814019954e+00 -4.817153600246821377e+00 4.119422666467095762e-01 1.455401184849129253e-33 2.722105936154724216e-06 4.212676656043903669e-07 1.495560367880970640e-03 4.697280557160099512e-01 4.781939140681321088e-01 1.648890144661793256e-03
1.860354221343357706e-01 2.454369260617022055e-02 2.872922875724318557e-03 1.832515321781713310e-03 -1.778699325794297792e+00 -3.315456171857439571e+00 -3.884382753047029624e+00 4.371487359953669660e-01 1.452151178067975840e-33 9.287965729863885024e-06 4.560425324216567219e-06 1.080354348209282755e-03 7.475432296642411378e-01 8.650816711387210312e-01 1.303498312400961376e-03
3.359109812391624095e-01 2.454369260617021709e-02 4.210612027128958663e-03 3.744010408588333179e-03 -1.740127159693967140e+00 -2.889201748098506606e+00 -3.044291960753016557e+00 4.782932880790892183e-01 1.742846229048924149e-33 1.426945712297517762e-05 1.020239359386621389e-05 1.548799305141443589e-03 3.656114579884791604e-01 3.708461268084556894e-01 2.474987621791941827e-03
6.065306597126334243e-01 2.454369260617021709e-02 7.273246272267726298e-03 8.066674121724078106e-03 -1.686635868519406722e+00 -2.526387973965217970e+00 -2.468907452998264862e+00 5.561584007200418567e-01 1.723225817740479238e-33 2.618725812429242638e-05 2.751345701099916578e-05 8.646765476253719020e-04 2.647174498136799503e-01 2.376307068717853632e-01 2.601419784423720204e-03
