
# dim_loc 4
# L 3
# n_dis 100
# hX 1.0
# alphas [0.125+0.21650635j 1.   +0.j         0.125-0.21650635j]
# lambd 0.5
# JZZ 1.0
# lambdas [0 1 0]
# hZ 1.0
# betas [0.  0.5 0. ]
# phi 1.0471975511965976
# eps	gap	shifted_gap	shifted_gap_2	log10_gap	log10_shifted_gap	log10_shifted_gap_2	ratio
9.118819655545162437e-04 9.817477042468086834e-02 7.859934587469301348e-02 1.839320606558669828e-08 -1.233880566046229532e+00 -1.436815332950594160e+00 -inf 3.820769613280425303e-01 2.757546494373644426e-32 5.261963858781982736e-03 7.769277156845708529e-15 3.493774008138041294e-03 2.046726339898145008e-01 nan 4.630519290789645442e-03
1.646520658858865093e-03 9.817477042468086834e-02 7.781326247385525474e-02 5.929970070928103645e-08 -1.231250095031666492e+00 -1.523041235469042132e+00 -inf 3.935595420285719070e-01 2.739827938885281549e-32 4.379790087086663126e-03 3.052905316025803677e-14 3.427215652787219194e-03 4.666379856410691751e-01 nan 3.839200788893693504e-03
2.973005698605357943e-03 9.817477042468088222e-02 7.628160615888818219e-02 2.858189554617862383e-07 -1.229833874891771650e+00 -1.418814207857870713e+00 -inf 3.812738900540409981e-01 2.290701075854178280e-32 2.796229823134868762e-03 7.964096079093467363e-13 3.824087856143270747e-03 2.213629102703115192e-01 nan 3.070810580876593993e-03
5.368145754129631519e-03 9.817477042468086834e-02 7.356827736910327709e-02 1.128161823494844225e-06 -1.230265905701605655e+00 -1.491640494414675722e+00 -inf 3.846441722857222301e-01 2.786435443539452964e-32 4.195956347184732170e-03 1.176510072751216533e-11 3.823949410013570069e-03 2.634320821178117722e-01 nan 3.715405526930520667e-03
9.692880458015281156e-03 9.817477042468086834e-02 7.695726722389974184e-02 6.386138357628162867e-06 -1.221642359095731267e+00 -1.432747483098851804e+00 -inf 3.904109911538425348e-01 2.775650235850884399e-32 3.372925449021941299e-03 2.157515267065829721e-10 3.932401009935928247e-03 2.464856153430758645e-01 nan 4.969151066663418485e-03
1.750174750771230428e-02 9.817477042468088222e-02 7.304271525523160780e-02 2.687808237825675562e-05 -1.210660885307276224e+00 -1.459852175143885766e+00 -6.938298203775678630e+00 4.011337329166299592e-01 2.328256709769729434e-32 3.069992050032002099e-03 2.498041331661985472e-09 2.653692798182850140e-03 2.300375466349217357e-01 6.654364985920021569e-01 3.598605223699640789e-03
3.160166548535295328e-02 9.817477042468088222e-02 7.914288083867780654e-02 1.528035038651846768e-04 -1.204637518959614795e+00 -1.482510876870426042e+00 -6.013338154726040941e+00 4.018665087423899940e-01 2.330567825702994204e-32 4.293423679606959455e-03 5.184876305679581284e-08 2.620127592512746639e-03 3.575250900298556633e-01 9.211246954161481648e-01 4.437755029539030768e-03
5.706088840603357887e-02 9.817477042468086834e-02 7.097118240420247082e-02 4.433002783491162046e-04 -1.200676971965133344e+00 -1.466789013169730760e+00 -4.992580847176401271e+00 4.078531685971146237e-01 2.788553966478278638e-32 3.029532650134897018e-03 5.059664579257399726e-07 3.335390458015704065e-03 2.447236967855151990e-01 6.505857658875272564e-01 3.911758460545465034e-03
1.030308034617642005e-01 9.817477042468086834e-02 7.402948045961381396e-02 2.000744456706245785e-03 -1.168307935991502511e+00 -1.540829830137822931e+00 -4.100270167321742321e+00 4.328520294921476830e-01 2.775650235850884399e-32 4.140935755305321861e-03 6.172382381436968111e-06 2.330782848992900280e-03 3.660521146602614961e-01 8.033476828789565261e-01 4.480320613298395017e-03
1.860354221343357706e-01 9.817477042468086834e-02 7.120168131503919196e-02 6.550164828227567071e-03 -1.148170458103925817e+00 -1.530699945954405283e+00 -3.154746111393834429e+00 4.613684768827855942e-01 2.758702052340276811e-32 3.352367593487907017e-03 4.112765962788528018e-05 1.518322721363105001e-03 3.460558958167281873e-01 6.628512989328412264e-01 3.455575053276095567e-03
3.359109812391624095e-01 9.817477042468086834e-02 6.475588764856352042e-02 1.782888970071037221e-02 -1.121386331392628000e+00 -1.530855042193291160e+00 -2.355854830032725555e+00 4.925753320525549372e-01 2.757546494373644426e-32 2.662355681755760282e-03 2.125948743836651679e-04 1.215452969959885743e-03 2.408041309009421038e-01 3.430316903647620541e-01 3.124698053035981395e-03
6.065306597126334243e-01 9.817477042468086834e-02 4.891762201905321128e-02 2.864215123340297167e-02 -1.094797468447918254e+00 -1.707584102269066761e+00 -2.028173186342414613e+00 5.398587532093346297e-01 2.788939152467156283e-32 2.326317130442432518e-03 5.652418227218840730e-04 2.007979013355452175e-03 3.252613909881916232e-01 3.816316219409062183e-01 4.164454276618653923e-03
