
# dim_loc 4
# L 4
# n_dis 100
# JZZ 1.0
# hZ 1.0
# hX 1.0
# alphas [ 0.+0.j  1.+0.j  0.+0.j]
# betas [ 0.  1.  0.]
# lambdas [0 1 0]
# phi 1.0471975511965976
# lambd 1.0
# eps	gap	shifted_gap	shifted_gap_2	log10_gap	log10_shifted_gap	log10_shifted_gap_2	ratio
9.118819655545162437e-04 2.454369260617021709e-02 1.217433828870164159e-01 7.106081244268036459e-12 -1.858655768837340849e+00 -1.246850993389144069e+00 -inf 3.921584065420223308e-01 1.719735069716277469e-33 1.802291211711064267e-02 4.009114334889601198e-22 9.571183733345298150e-03 2.254911125777887271e-01 nan 5.886813164803684009e-03
1.646520658858865093e-03 2.454369260617022055e-02 1.224966810884108859e-01 1.927729743195216676e-10 -1.858064161871881836e+00 -1.256905147530549494e+00 -inf 3.864771702947978338e-01 1.434215955460869768e-33 2.017604706324752084e-02 7.582598474667321658e-19 1.461025041581588864e-02 2.213360770253321452e-01 nan 6.613618506083895204e-03
2.973005698605357943e-03 2.454369260617022055e-02 1.430696589799047569e-01 1.964972062215575316e-09 -1.887405684432402975e+00 -1.182446876362344357e+00 -inf 3.711549351334365587e-01 1.471049365647275510e-33 2.093077974322059623e-02 8.307923766151842013e-17 1.393625664359988275e-02 2.397452868374969626e-01 nan 6.309621310353394526e-03
5.368145754129631519e-03 2.454369260617021709e-02 1.377259763702144146e-01 2.814688024717349032e-08 -1.894937845375099350e+00 -1.166044358252896762e+00 -inf 3.811325731977417974e-01 1.726957307007729535e-33 1.924765307429558703e-02 1.154091305697980210e-14 1.341888985689508422e-02 2.227572322619719991e-01 nan 5.712168381993696330e-03
9.692880458015281156e-03 2.454369260617022055e-02 1.156770289591284029e-01 1.149463070982542645e-07 -1.869566484685923680e+00 -1.246841492514322303e+00 -inf 3.868736059683389183e-01 1.466475282029355879e-33 1.276833991736386030e-02 1.206496831640198419e-13 1.152712356035851676e-02 1.983716433696650350e-01 nan 5.071664761879258500e-03
1.750174750771230428e-02 2.454369260617021709e-02 1.390653201635992375e-01 1.293188264690145456e-06 -1.859791211595427818e+00 -1.195428820103814793e+00 -inf 3.922369785788835106e-01 1.726716565764681008e-33 2.054309633970186066e-02 1.419275516922776389e-11 1.019429044237257255e-02 2.428103588376344102e-01 nan 4.584785943751890080e-03
3.160166548535295328e-02 2.454369260617022055e-02 1.306046557956157539e-01 7.009463020476586136e-06 -1.854420613418210406e+00 -1.236451865357549584e+00 -inf 3.931616242628369617e-01 1.440715969023176593e-33 2.371393765964752501e-02 2.355507279036418181e-10 6.704311203834101632e-03 2.317242128966958137e-01 nan 3.795655807635698112e-03
5.706088840603357887e-02 2.454369260617021709e-02 1.189281846269165249e-01 3.365124442257328650e-05 -1.847700693714985798e+00 -1.268881653097349238e+00 -inf 3.864039963449629189e-01 1.737790662944907805e-33 1.520248840051577864e-02 3.755392879445761902e-09 3.792135394760253863e-03 2.217596792913341663e-01 nan 2.271906644175951482e-03
1.030308034617642005e-01 2.454369260617021709e-02 1.345876826908133372e-01 2.359589177784841038e-04 -1.842228243357597162e+00 -1.205859741301774424e+00 -inf 3.931678468075225918e-01 1.735022138649850935e-33 1.649187612706350461e-02 1.079361873260608311e-07 2.530064773496293329e-03 2.749297075185574979e-01 nan 1.515522267501576929e-03
1.860354221343357706e-01 2.454369260617022055e-02 9.412014236246646348e-02 8.738586288583771906e-04 -1.824385872706540956e+00 -1.385359020477061165e+00 -inf 4.041574954710916434e-01 1.461419715925339365e-33 1.116163385478056817e-02 1.207083006147449621e-06 1.987307767082016185e-03 2.497541541994666436e-01 nan 1.162212698426673624e-03
3.359109812391624095e-01 2.454369260617021709e-02 7.440889373116671424e-02 3.720737604069026573e-03 -1.802491191315068519e+00 -1.384253578959461883e+00 -inf 4.136457640619103371e-01 1.745855494587029205e-33 4.413973001478017216e-03 1.299426688956326494e-05 1.730567476404041780e-03 1.036842597947224692e-01 nan 1.513866946825259685e-03
6.065306597126334243e-01 2.454369260617022055e-02 4.620291150914042355e-02 7.450616779048026793e-03 -1.779735924547244386e+00 -1.545126699712352281e+00 -3.257554152519249069e+00 4.360576696736712665e-01 1.462503051519057226e-33 5.954991548936509503e-04 4.721682073601948072e-05 1.914772860073744344e-03 6.324007197579496753e-02 1.230159893531020066e+00 1.661649552911327685e-03
