
# dim_loc 4
# L 5
# n_dis 100
# JZZ 1.0
# hZ 1.0
# hX 1.0
# alphas [ 0.125+0.21650635j  1.000+0.j          0.125-0.21650635j]
# betas [ 0.   0.5  0. ]
# lambdas [0 1 0]
# phi 1.0471975511965976
# lambd 0.5
# eps	gap	shifted_gap	shifted_gap_2	log10_gap	log10_shifted_gap	log10_shifted_gap_2	ratio
9.118819655545162437e-04 6.135923151542555139e-03 1.158449122171972996e-02 3.496747899914276561e-12 -2.459676439694279182e+00 -2.274805372089639732e+00 -inf 3.862665588593088839e-01 9.113560682151162201e-35 6.620719489899575775e-05 4.363974695535134281e-22 2.826285966910264415e-04 2.079221432022878013e-01 nan 2.548823489170866873e-04
1.646520658858865093e-03 6.135923151542555139e-03 1.314886674591348933e-02 4.443955114487308111e-11 -2.453459912936382548e+00 -2.256014672476867045e+00 -inf 3.906250365734049157e-01 9.064660117156954613e-35 1.503471242417188034e-04 1.968998514876659524e-20 2.056357388648380382e-04 2.525256418756957055e-01 nan 1.669403253954204855e-04
2.973005698605357943e-03 6.135923151542555139e-03 1.240410775761882807e-02 2.784903508322445035e-10 -2.456421025504579969e+00 -2.224098775525000793e+00 -inf 3.888380843656357166e-01 9.211361812139576307e-35 6.318357368517006926e-05 2.271920024131441793e-19 2.256768235423176050e-04 1.940924587836882487e-01 nan 1.555093265167519412e-04
5.368145754129631519e-03 6.135923151542555139e-03 1.410933361877622812e-02 9.538268600298160926e-09 -2.448528846195849873e+00 -2.267769896083853265e+00 -inf 3.943696483310615286e-01 9.126350060688108817e-35 2.162382507316789888e-04 4.445663330559513141e-16 3.253371627657611342e-04 3.475358955636819736e-01 nan 2.463948325173063807e-04
9.692880458015281156e-03 6.135923151542555139e-03 1.267015411886457908e-02 6.311151418775251596e-08 -2.444773216106384872e+00 -2.235280694566999848e+00 -inf 3.928088788824486421e-01 9.212866444908628536e-35 1.043734218574478984e-04 1.558711626301307772e-14 2.259949165942917368e-04 2.293623024889226980e-01 nan 2.090617498128792085e-04
1.750174750771230428e-02 6.135923151542554271e-03 1.105310308919872642e-02 5.247244144839912119e-07 -2.439592067080533777e+00 -2.285729982196407217e+00 -inf 3.969404815423927535e-01 1.087849492024977709e-34 6.675385236126807657e-05 1.023085895413837944e-12 2.121042628028671831e-04 2.367290224806608834e-01 nan 1.861506647363893308e-04
3.160166548535295328e-02 6.135923151542554271e-03 1.147335947170008419e-02 5.983398721702585966e-06 -2.425644676818207834e+00 -2.269039514680637915e+00 -7.113499835387706582e+00 4.059395251683525774e-01 1.078896927049115184e-34 8.127896177812718177e-05 1.423169690835897103e-10 2.193901929947399251e-04 2.024609169679802978e-01 1.026339864482166186e+00 1.705712236259834846e-04
5.706088840603357887e-02 6.135923151542554271e-03 1.245627586034364458e-02 5.179316884377949018e-05 -2.405482621309413815e+00 -2.288615400975592795e+00 -5.855108353256216702e+00 4.189882279831992906e-01 1.082508045694841174e-34 2.887349680622974964e-04 1.505319096846034823e-08 6.752250185593727892e-04 2.207660969063630074e-01 1.419711204310622810e+00 5.806639102620438347e-04
1.030308034617642005e-01 6.135923151542555139e-03 1.255431065377481115e-02 3.061839912776493397e-04 -2.368149798230863912e+00 -2.325441928958604354e+00 -4.586841432114991512e+00 4.558628566662344395e-01 9.113560682151162201e-35 2.286105625868042857e-04 1.442174114911013207e-07 1.488347813587714884e-03 3.368055713201015267e-01 1.222547591361718755e+00 1.628298186430105540e-03
1.860354221343357706e-01 6.135923151542555139e-03 9.633213811621318609e-03 9.053416736103727129e-04 -2.327504014287894663e+00 -2.470548129041140850e+00 -3.829703876883077118e+00 5.034230006665157964e-01 9.182773789527578617e-35 1.021353859734537567e-04 7.046544318398408762e-07 2.023124309794004094e-03 4.908503154663756418e-01 1.251054237462453145e+00 3.258980153790669732e-03
3.359109812391624095e-01 6.135923151542554271e-03 6.348565199360747986e-03 1.765400767527467666e-03 -2.284740150988509466e+00 -2.506171599978060716e+00 -3.094679219896078859e+00 5.618467131902488143e-01 1.089730282986293369e-34 2.896020576902999619e-05 1.059790836270169210e-06 1.132461308927325966e-03 1.473112783952501836e-01 1.930115400530604541e-01 2.346485464545806487e-03
6.065306597126334243e-01 6.135923151542554271e-03 3.305993247653183243e-03 2.136816454007294148e-03 -2.271308573800564723e+00 -2.848871328503892464e+00 -3.007504577634682708e+00 5.809505067590393645e-01 1.078896927049115184e-34 9.009230901376430163e-06 1.729419399475188952e-06 8.094464359653892388e-04 2.841240565200935930e-01 2.625852582320275519e-01 1.544207174551597266e-03
