
# dim_loc 4
# L 4
# n_dis 100
# JZZ 1.0
# hZ 1.0
# hX 1.0
# alphas [ 0.125+0.21650635j  1.000+0.j          0.125-0.21650635j]
# betas [ 0.   0.5  0. ]
# lambdas [0 1 0]
# phi 1.0471975511965976
# lambd 0.5
# eps	gap	shifted_gap	shifted_gap_2	log10_gap	log10_shifted_gap	log10_shifted_gap_2	ratio
9.118819655545162437e-04 2.454369260617022055e-02 2.778927489011435645e-02 1.333995725341652297e-10 -1.845262311342860340e+00 -1.853359338773088227e+00 -inf 3.893460982168918671e-01 1.468521582595267338e-33 6.109346041071577870e-04 3.025500888763874589e-19 9.266316506056234380e-04 1.611508419804316972e-01 nan 8.303978465856404288e-04
1.646520658858865093e-03 2.454369260617022055e-02 2.728625416595428788e-02 1.111700291843431600e-08 -1.843950519163906066e+00 -1.885219299945361859e+00 -inf 3.893202107378823662e-01 1.447336353207007682e-33 5.339579197037044129e-04 1.110417063498025227e-14 1.028224609076073322e-03 1.658136876826000194e-01 nan 9.885021293433600680e-04
2.973005698605357943e-03 2.454369260617022055e-02 2.910789873453476645e-02 8.930377893567875901e-09 -1.846344226675969757e+00 -1.915798082556023019e+00 -inf 3.880430668736019051e-01 1.471530848133372394e-33 1.216818136074846422e-03 7.573040238199500366e-16 1.395717940572661735e-03 2.356989774502043500e-01 nan 1.247888939534061393e-03
5.368145754129631519e-03 2.454369260617022055e-02 3.336895204045087909e-02 1.033946581963443520e-07 -1.841205668440129450e+00 -1.861062345327928469e+00 -inf 3.918013833930640288e-01 1.463466016491250823e-33 8.476969018574824618e-04 5.984650481202692605e-14 1.119671552965839818e-03 3.356391295871153924e-01 nan 9.846088084681395378e-04
9.692880458015281156e-03 2.454369260617022055e-02 3.008843311158385450e-02 6.214845763489324234e-07 -1.832822403368893127e+00 -1.874288620268675265e+00 -inf 3.982655756308421391e-01 1.455641926092177780e-33 6.482041543624291868e-04 1.580861113794712573e-12 1.136135927512603103e-03 2.236726493386753112e-01 nan 1.013701231284800438e-03
1.750174750771230428e-02 2.454369260617022055e-02 2.871922107596596579e-02 4.429756942101633161e-06 -1.828665553946594802e+00 -1.917569554272932741e+00 -7.886153744027716073e+00 3.968440942028282348e-01 1.458169709144185952e-33 7.338515277854504261e-04 8.639658916670385005e-11 1.016984945261003876e-03 2.403691805011510807e-01 1.100084318133918160e+00 8.935628278815266595e-04
3.160166548535295328e-02 2.454369260617022055e-02 2.714239506446494699e-02 2.628343159047270307e-05 -1.822444864270942988e+00 -1.963474013928188988e+00 -inf 4.050140673901634347e-01 1.460456750953145767e-33 5.260021600578157659e-04 2.779253354299109650e-09 1.059929246402691906e-03 3.892376780016329474e-01 nan 1.008416973346862571e-03
5.706088840603357887e-02 2.454369260617022055e-02 2.770414379909841643e-02 1.455916323012652837e-04 -1.798738106166474671e+00 -1.870310747128972384e+00 -5.385632647457257782e+00 4.207162624476735724e-01 1.460456750953145767e-33 3.277370878732568851e-04 4.072453835079115190e-08 9.321252420919288713e-04 1.978383754876781031e-01 9.768903613023287580e-01 1.044571082263554039e-03
1.030308034617642005e-01 2.454369260617022055e-02 2.825718668386617213e-02 5.933229842974715139e-04 -1.775724099828092983e+00 -1.867589674975534964e+00 -4.345326390091423185e+00 4.384526388577347222e-01 1.458410450387234309e-33 4.191096134553416752e-04 4.898190331600864353e-07 8.651101094416076753e-04 2.206035107251022309e-01 7.222270539005897216e-01 1.267586486449589827e-03
1.860354221343357706e-01 2.454369260617022055e-02 2.230785686970288353e-02 1.972662110368289187e-03 -1.743337342665578493e+00 -2.061331738667596447e+00 -3.565899705607764147e+00 4.728376388531443375e-01 1.470808624404227153e-33 3.859601490950614628e-04 4.391727018350160232e-06 1.260484012182891715e-03 4.377191075373920714e-01 8.755830322976784208e-01 1.849017584030954349e-03
3.359109812391624095e-01 2.454369260617022055e-02 1.774183804055745606e-02 4.826374620293702282e-03 -1.702136496996061510e+00 -2.141841195230491213e+00 -2.871979864732252086e+00 5.311643884952720329e-01 1.460456750953145767e-33 2.359718381364952057e-04 1.529467670416059200e-05 1.122240353438892562e-03 2.693049135114725101e-01 4.199510081962769537e-01 2.805341619655256184e-03
6.065306597126334243e-01 2.454369260617022055e-02 1.595904455353408177e-02 9.494759639275689861e-03 -1.671798489496202578e+00 -2.145436115288629431e+00 -2.372185894256634953e+00 5.785826712908592739e-01 1.465993799543259166e-33 1.721935622793170292e-04 3.900214851790792297e-05 5.473846700803742605e-04 2.548746185095276395e-01 2.354914769755504234e-01 1.494519326330215163e-03
