
# dim_loc 4
# L 2
# n_dis 100
# hX 1.0
# alphas [0.125+0.21650635j 1.   +0.j         0.125-0.21650635j]
# lambd 0.5
# JZZ 1.0
# lambdas [0 1 0]
# hZ 1.0
# betas [0.  0.5 0. ]
# phi 1.0471975511965976
# eps	gap	shifted_gap	shifted_gap_2	log10_gap	log10_shifted_gap	log10_shifted_gap_2	ratio
9.118819655545162437e-04 3.926990816987235289e-01 1.922087020156771908e-01 2.361201338868523685e-07 -5.844120820812596095e-01 -9.377665453298125176e-01 -inf 4.090599037888709710e-01 3.738152984857849371e-31 2.093578304133477883e-02 7.211345531797435449e-14 1.178170627592598288e-02 1.774634966998090424e-01 nan 1.047866732307385119e-02
1.646520658858865093e-03 3.926990816987234734e-01 1.935240229256880717e-01 1.188801950887108442e-06 -5.950836326071905491e-01 -9.501047367388995024e-01 -inf 3.942550079677888952e-01 4.482640464160179158e-31 2.108708184690827672e-02 7.913879872574526840e-12 1.263468609716312738e-02 2.323364698973790221e-01 nan 1.473312957540333368e-02
2.973005698605357943e-03 3.926990816987235289e-01 1.955932877043891072e-01 2.490469391560057497e-06 -5.747073341963088167e-01 -9.606623235831718288e-01 -8.595476114143917101e+00 3.994908662476205907e-01 3.740001877604461188e-31 2.564128687073514296e-02 1.741079907678841089e-11 8.531334945577293341e-03 2.777115723345664478e-01 5.546192630383871558e-01 1.492233504246546875e-02
5.368145754129631519e-03 3.926990816987235289e-01 2.426673633270302333e-01 9.481453955395568333e-06 -5.768630427886531908e-01 -8.587382445442964807e-01 -inf 4.111246100652128366e-01 3.789613832971876366e-31 2.881097152812650899e-02 7.522897351392462948e-11 9.014443426092649467e-03 2.978057117696576994e-01 nan 1.264469071478754349e-02
9.692880458015281156e-03 3.926990816987235289e-01 2.008131191404364524e-01 2.463871225993619142e-05 -5.804732644976513534e-01 -9.153101493196729166e-01 -6.902692173398584430e+00 4.113960511427692257e-01 3.741850770351073004e-31 2.102454105335325313e-02 4.189029755725118005e-10 1.191042128192274473e-02 2.197992835168836034e-01 4.733118278388712685e-01 1.562377710711001719e-02
1.750174750771230428e-02 3.926990816987235289e-01 2.120369933800179685e-01 8.402185677101936588e-05 -5.732602374667505885e-01 -8.685706926908091097e-01 -6.129240277868706954e+00 4.140702073961735619e-01 3.712268486405284816e-31 2.314764310017500271e-02 6.849639893347688098e-09 9.515161294389399421e-03 1.827083363836564112e-01 4.470205713962979166e-01 1.214992877649621016e-02
3.160166548535295328e-02 3.926990816987235289e-01 2.127744993579655519e-01 2.925049853136996256e-04 -5.661743194040892435e-01 -8.887588221461064641e-01 -5.443409929213924414e+00 4.024922938234134495e-01 3.735995943320135440e-31 2.838540810524417882e-02 7.878082653177281641e-08 6.494459853391789696e-03 2.070650076925738825e-01 4.814097285923681913e-01 1.093671419023629562e-02
5.706088840603357887e-02 3.926990816987234734e-01 1.947937877691280073e-01 8.585110031860431791e-04 -5.622351470738221613e-01 -9.877641259855828304e-01 -4.741127286483303394e+00 4.160630113007137143e-01 4.443505567690230210e-31 2.052325923256317214e-02 5.567901844530519605e-07 7.965817532140689189e-03 4.240146628583677524e-01 7.587643162199448899e-01 1.698183709730656521e-02
1.030308034617642005e-01 3.926990816987234734e-01 1.933113638529005418e-01 2.533078296590112084e-03 -5.446258824093457296e-01 -9.515913312602942709e-01 -3.986889251734726081e+00 4.517615895125904890e-01 4.412074390997831081e-31 2.216894533661300376e-02 5.797552709414229244e-06 6.960317766392385037e-03 2.553158527585265847e-01 6.447505182539093882e-01 1.281936844448720858e-02
1.860354221343357706e-01 3.926990816987234734e-01 2.254423038079789998e-01 9.643464066952428873e-03 -5.468212460030548172e-01 -8.963282976204314245e-01 -3.114130883270003203e+00 4.305865902045324933e-01 4.449360394721167337e-31 2.971750055979368796e-02 6.794024973993553578e-05 4.924595194709816340e-03 2.690404773364945545e-01 5.239104002750896161e-01 1.030831222284112232e-02
3.359109812391624095e-01 3.926990816987234734e-01 1.720827149050821736e-01 2.474680883122036892e-02 -5.357035029620280664e-01 -1.012704958262009347e+00 -2.524172328681795197e+00 4.617018802512065090e-01 4.449360394721167337e-31 1.575232449982132132e-02 4.750245666140208369e-04 6.528330458342148680e-03 2.888483015694653377e-01 6.138434655752322833e-01 1.286843498076997890e-02
6.065306597126334243e-01 3.926990816987235289e-01 1.435510306742336928e-01 6.514142788194517142e-02 -5.202441421163073176e-01 -1.128882849370405506e+00 -1.802013419293822416e+00 4.566774807084026389e-01 3.741234472768868774e-31 9.940907602840141216e-03 2.741269568660382842e-03 3.455244904971114649e-03 2.654473310641667361e-01 4.518401181544147160e-01 1.258916386649605069e-02
