
# dim_loc 4
# L 2
# n_dis 100
# hX 1.0
# alphas [0.25+0.4330127j 1.  +0.j        0.25-0.4330127j]
# lambd 0.0
# JZZ 1.0
# lambdas [0 1 0]
# hZ 1.0
# betas [0. 0. 0.]
# phi 1.0471975511965976
# eps	gap	shifted_gap	shifted_gap_2	log10_gap	log10_shifted_gap	log10_shifted_gap_2	ratio
9.118819655545162437e-04 3.926990816987235289e-01 2.935016316144012393e-07 2.935017860106192467e-07 -5.877069542638814204e-01 -6.942334821534996259e+00 -inf 4.151537987232926108e-01 3.773590095834574248e-31 5.478423467774453537e-13 5.478432889520877930e-13 1.961857069107086904e-02 2.993166816764031291e-01 nan 3.011969011072677602e-02
1.646520658858865093e-03 3.926990816987234734e-01 1.074711572076753154e-06 1.074713217503742183e-06 -6.080952152833343227e-01 -6.461068428755667448e+00 -inf 3.583268760721251556e-01 4.435185550330477911e-31 4.039013913200218496e-12 4.039036490946471969e-12 1.946980352158476923e-02 5.827027918097411607e-01 nan 2.338337301694280376e-02
2.973005698605357943e-03 3.926990816987234734e-01 2.518314803988813671e-06 2.518326556307792582e-06 -5.833280610065757488e-01 -6.020254779835186199e+00 -8.635038572948344537e+00 4.123787875134848901e-01 4.434569252748273681e-31 7.891992659080588123e-12 7.892100662321728285e-12 2.046003312986577685e-02 5.110581651184576968e-01 6.016615399653828522e-01 2.204127415172802210e-02
5.368145754129631519e-03 3.926990816987235289e-01 7.874590491939447928e-06 7.874724751932294295e-06 -5.854794401147290772e-01 -5.455300034259628283e+00 -7.810638996032154502e+00 3.905124325209204939e-01 3.761880441772699995e-31 7.966278337116598018e-11 7.966716663325094866e-11 1.927615024186114107e-02 3.878459137609822638e-01 4.722278929523461843e-01 2.626693399622419961e-02
9.692880458015281156e-03 3.926990816987235289e-01 2.821976906350068341e-05 2.822150889484342648e-05 -5.816257718872960281e-01 -4.902874986564972559e+00 -6.997218997653448014e+00 3.994687945659115003e-01 3.725827033213770887e-31 8.327266275864278610e-10 8.328637078173037734e-10 2.083031745023013540e-02 3.964295118755349900e-01 5.474265054041785872e-01 2.602343973826548931e-02
1.750174750771230428e-02 3.926990816987234734e-01 9.465841505189976452e-05 9.467325687014194408e-05 -5.641635082067451012e-01 -4.418116669201355151e+00 -6.304405856444224909e+00 4.255939969153352265e-01 4.441040377361415038e-31 2.318266679983315720e-08 2.319880369814163629e-08 1.799807316414165845e-02 4.474003242824504678e-01 4.780363502615155302e-01 3.026239571817625901e-02
3.160166548535295328e-02 3.926990816987234734e-01 2.999556529148168543e-04 3.002042187663983759e-04 -5.898046105295232655e-01 -3.909611024874045437e+00 -5.505723819538506092e+00 3.795870851638409871e-01 4.448744097138963982e-31 1.046033136316642962e-07 1.049226925529623518e-07 1.707308509940294941e-02 4.890904933454839898e-01 6.147633364882465479e-01 2.697568075136363638e-02
5.706088840603357887e-02 3.926990816987235289e-01 8.099930523709145255e-04 8.108151776762106532e-04 -5.658897688207190635e-01 -3.396971038957597777e+00 -4.763410918279787687e+00 4.111281631654291058e-01 3.738152984857849371e-31 5.672989620551204549e-07 5.681987999212577067e-07 1.397344958641071923e-02 3.291150584093267550e-01 4.115326368372060339e-01 3.062049994846838610e-02
1.030308034617642005e-01 3.926990816987234734e-01 2.802247178876361971e-03 2.800110592064770226e-03 -5.641748215127198041e-01 -2.894685975902671071e+00 -3.994018170237574328e+00 4.060436267943322020e-01 4.418545515610971563e-31 7.021052358396495035e-06 6.944462779558981543e-06 1.199439888603024383e-02 3.664272753107427616e-01 4.291859072809900422e-01 2.964252773369018337e-02
1.860354221343357706e-01 3.926990816987235289e-01 9.331366147376408612e-03 9.451074245729539428e-03 -5.794818255681103425e-01 -2.377717360916620670e+00 -3.194648490935530383e+00 3.788498070207216850e-01 3.725827033213770887e-31 6.838734993174234978e-05 7.053044815740890593e-05 1.124325428732069268e-02 4.383104984267208182e-01 4.878023332681477586e-01 2.291957568224613218e-02
3.359109812391624095e-01 3.926990816987234734e-01 2.882699447772054183e-02 2.944117848062613799e-02 -5.444099344116765105e-01 -1.860380419312139377e+00 -2.382506486889811814e+00 4.454830459063661707e-01 4.448744097138963982e-31 6.342356360792065877e-04 6.256972176203249008e-04 8.176511186880137255e-03 3.888566159718695459e-01 4.293538516356148471e-01 2.322412565677147225e-02
6.065306597126334243e-01 3.926990816987234734e-01 6.251024947386693564e-02 6.850116752716921276e-02 -5.006086045349275038e-01 -1.512981208809303535e+00 -1.750653236690353998e+00 5.017534847668563280e-01 4.427481830552928968e-31 2.335681289959196019e-03 2.827238776041544541e-03 4.394483046933557978e-03 2.719467806080041461e-01 3.414428501074618927e-01 1.605926406893034772e-02
